#Sigma on LID for EDML from AICC2012.
0.21616504169714
0.21616504169714
0.21616504169714
0.21629809429714
0.21642791339714
0.21656833048286
0.21670286522857
0.21683550762
0.21695533302571
0.21709641161286
0.21722197138571
0.21734668531857
0.21746600408143
0.21759269341714
0.21772078685429
0.21785114929286
0.21795919352571
0.21806996933143
0.21818071398286
0.21828789098857
0.21838705927
0.21850220889714
0.21861622265
0.21872234144571
0.21882611024143
0.21893553901429
0.21904175448429
0.21914741348
0.21925886822571
0.21937057148429
0.21946984870857
0.21956608621857
0.21966070785571
0.21976705700429
0.21986119177857
0.21996305767429
0.22006675656143
0.22017234336143
0.22028054892143
0.22038566445286
0.22048119265286
0.22057627448714
0.22067995551857
0.22078246420286
0.22088445547857
0.22098202094143
0.22107691243571
0.22116731374143
0.22126600165714
0.22136740279857
0.22146694234857
0.22156664371857
0.22166300070571
0.22175881507143
0.22185567982714
0.22195496693571
0.22209639130714
0.22219418382
0.2223045345
0.22239881849571
0.22249466795
0.22258041812429
0.22267537589571
0.22276711285571
0.22285104895
0.22293780580571
0.22303204207286
0.22313594162857
0.22322786516286
0.22332214931429
0.22342276723286
0.22351114133
0.2236016577
0.22369934261143
0.22380246831857
0.22388235194429
0.22396928435571
0.22405679026429
0.22415010993857
0.22423687585857
0.22433279457429
0.22442710127286
0.22451547007
0.22460928616143
0.22469649772714
0.22479275978714
0.22489123160857
0.22498360941857
0.22507095966143
0.22516183667429
0.22525086485857
0.22534102217571
0.22544349548286
0.22554062349
0.22563464449286
0.22571935070429
0.22580450277429
0.22589984211429
0.22600122422286
0.22609614384571
0.22618998785
0.22627953073571
0.22637784660857
0.22647424148714
0.22657242382429
0.2266640515
0.22674859596714
0.22682981410857
0.22701006916286
0.22721378878571
0.22737943059286
0.22757076295
0.22775208544143
0.22793269516571
0.22811837229857
0.22830465686571
0.22847970554857
0.22865651777429
0.22883074391571
0.22900062632143
0.22918254627143
0.22936649791857
0.22954763284857
0.22973606715714
0.22991587947429
0.23010978827286
0.23030047904571
0.23049636098429
0.23067549069429
0.23086498051
0.23104901177286
0.23121927632
0.23139879727429
0.23157522135714
0.23174515744
0.23193643980857
0.23211614144571
0.23229100159143
0.23247671952429
0.23266183548857
0.23285735701286
0.23303617679857
0.23319930678571
0.23338312516286
0.23355731219
0.23373602720571
0.23392047840143
0.23410254304
0.23428757167286
0.23446966178429
0.23465267314429
0.23482800778143
0.23502073918714
0.23520495799714
0.23537873768857
0.23555661243143
0.23573156355857
0.23591831987143
0.23609972872
0.23627500226857
0.23645832680143
0.23664662772571
0.23681792716286
0.23700298546286
0.23717430863
0.23734166323714
0.23751877879571
0.23769229414
0.23787356820143
0.23805203163714
0.23822282270286
0.23839371775286
0.23856864993
0.23873636057571
0.23891785145857
0.23909571792714
0.23927638301429
0.23946297576857
0.23964075720286
0.23980617263429
0.23997953967857
0.24014440477429
0.24032023681
0.24048386629
0.24066215142714
0.24084190353429
0.24102383799143
0.24118741628286
0.24134816300143
0.24152338837714
0.24169982920857
0.24186078134714
0.24202640065
0.24219485823143
0.24236181727857
0.24252459784286
0.24270144928
0.24287769441143
0.24305154853143
0.24321511412
0.24337714706143
0.24354919236
0.24371705671143
0.24387824965571
0.24405481975857
0.24422534804143
0.24438859642
0.24454852428429
0.24471489534571
0.24487557441571
0.24503597927
0.24518981064
0.24535395334714
0.24552221051286
0.24568802904143
0.24585060049143
0.24601429098286
0.24618443924571
0.24634929635571
0.24650557745571
0.24667003839
0.24683075098571
0.24699203491286
0.24715395685714
0.24730770929286
0.24747206776
0.24763098021286
0.24778595783286
0.24793830882571
0.24809522113286
0.24825076324429
0.24840644791857
0.24856286042
0.24871647413
0.24886903502714
0.24902039070143
0.24916984224286
0.24932632698429
0.24948192068857
0.24963747396143
0.24977820067429
0.24992703741714
0.25008159257143
0.25023215973571
0.25038253651143
0.25052882328143
0.25068162095
0.25081816459429
0.25096032435143
0.25110463784
0.25124796937571
0.25139720258857
0.25153901989571
0.25168005263143
0.25182938895286
0.25197150211143
0.25210648063286
0.25224725357
0.25239529156571
0.25253835398714
0.25268256819571
0.25282289428571
0.25296450652286
0.25309722623857
0.25324239717714
0.25338678374857
0.25353385701714
0.25367409056429
0.25381913545286
0.25396047065714
0.25410085998286
0.25425041745857
0.25438746904143
0.25453581689286
0.25468083703286
0.25482354697143
0.25497744997571
0.25511922927286
0.25525874691143
0.25539991529857
0.25553876286714
0.25568221241286
0.25583117252714
0.25597187128571
0.25612669891714
0.25627599265
0.25642683755571
0.25657039591
0.25671635680143
0.25686253599857
0.25700479533571
0.25715343034571
0.25730271692429
0.25744980977286
0.25759298925
0.25773170613286
0.25787718378
0.25802766141571
0.25816836071
0.25831736815
0.25846555451429
0.25861103155286
0.25875795071
0.25890426096143
0.25905003473857
0.25919466233429
0.25934428568143
0.25948543248571
0.25963473055143
0.25977800835429
0.25991663826857
0.26006596083286
0.26020823258714
0.26035216975571
0.26049505219143
0.26063455967143
0.26077157731143
0.26090284126143
0.26103812641857
0.26118288005571
0.26133439692714
0.26147334941714
0.26161210208
0.26175230330429
0.26188777747714
0.26201403950571
0.26213916796571
0.26227447577571
0.26242094837429
0.26256100156714
0.26269398820571
0.26283192062
0.26296857217143
0.26309647105286
0.26322807765286
0.26335634835429
0.26349241537429
0.26361956078143
0.26374779309143
0.26387267972857
0.26399548049143
0.26411509530571
0.26423651121
0.26435255806286
0.26446884466286
0.26457923703857
0.26469425635714
0.26480601051
0.26491923013714
0.26502905638286
0.26513436086571
0.26523958297286
0.26534565556429
0.26544614755
0.26555072341143
0.26565127812571
0.26574792305
0.26584837024429
0.26594804133286
0.26604100733571
0.26613940244286
0.26623671639714
0.26632757794286
0.26642958695857
0.26652410444429
0.26661431160571
0.26670351055714
0.26679647691714
0.26688896519714
0.26698140943286
0.26706967156429
0.26717016024571
0.26726576878429
0.26736103294857
0.26746158527143
0.26755870416857
0.26765230367286
0.26774440942143
0.26783608580857
0.26792588096857
0.26802203758143
0.26812175301286
0.26821294469429
0.26830098576286
0.26838894816714
0.26847862350714
0.26856802523143
0.26865832161
0.26874900754857
0.26883272531
0.26891121156143
0.26900161978286
0.26909032950714
0.26918652115286
0.26927841041857
0.26936706442714
0.26945215054
0.26954561155571
0.26964254873143
0.26972884354
0.26982783832429
0.26992699312571
0.27002632922857
0.27012063987571
0.27021017006
0.27030260636429
0.27039489946714
0.27048012747429
0.27057093471571
0.27066999577857
0.27076689300286
0.27085967303571
0.27095507154286
0.27104567969714
0.271135306
0.27122560261429
0.27132062638571
0.27141695266857
0.27149921347286
0.27159105216429
0.27168054743
0.27176938161286
0.27185508823143
0.27195143367429
0.27204098840571
0.27213001120714
0.27221147836286
0.27229304415857
0.27237935929
0.27246456212
0.27254658752143
0.27263269607286
0.27271839986429
0.27280539180143
0.27289440939342
0.27298238454714
0.27306904936714
0.27314740412429
0.27323286771857
0.27332175087
0.27340513622571
0.27348448513192
0.27356837134143
0.27365460028714
0.2737362453
0.27381942410714
0.27390482942
0.27398923086857
0.27407294872429
0.27415077092286
0.27423686925793
0.27432087211
0.27440860346857
0.2744923371702
0.27456393265857
0.27463558453
0.27471611243143
0.27479372687143
0.27486560624714
0.27494195807857
0.27501152669714
0.27508270602429
0.27515215417571
0.27522614699571
0.27530019451
0.27537024453714
0.27543929149857
0.27550904271857
0.27558592581571
0.27566464603429
0.27573445607714
0.27579833059571
0.27586795308714
0.27593154817571
0.27600183473429
0.27606868276714
0.27613374137286
0.27620829548714
0.27627322167571
0.27634185820143
0.27640439007714
0.27647257533143
0.27653080227429
0.27659520216429
0.27665691242286
0.27671735275857
0.27678016954429
0.27684281340286
0.27690484217143
0.27697168979143
0.27703697429286
0.27710062383088
0.27716376168143
0.27722734528143
0.27729004749143
0.27734954236429
0.27741105308
0.27747363932
0.27753321848857
0.27759461501
0.27765574568286
0.27772090769429
0.27778407054
0.27784153019857
0.27789625660062
0.27795086256782
0.27800443135571
0.27805926467714
0.27811400332714
0.27816983712286
0.27822672499143
0.27828178134286
0.27833348302714
0.27838809061
0.27844329543571
0.27849994318571
0.27855823523571
0.27861042058714
0.27866598254143
0.27872041944429
0.27877267696714
0.27882332174714
0.27887706244571
0.27893023960857
0.27898332558429
0.27903774996
0.27909363419143
0.27915401999429
0.27921300859857
0.27927386622
0.27933069911
0.27938525122286
0.27944439338
0.27950235840857
0.27955829645429
0.27961188554286
0.27966397254571
0.27971265118571
0.27976420789
0.27981738094286
0.27986728222286
0.27991678703857
0.27996739373857
0.28002017074714
0.28007303214
0.28012404428143
0.28018148363429
0.28023205950857
0.28028196603429
0.28033318599
0.28038250054714
0.28043568315
0.28049654269857
0.28055078262571
0.28060234619
0.28065729882143
0.28071118293857
0.28076633283286
0.28082225433
0.28087506303
0.28092951346143
0.28098669069429
0.28103600158429
0.28109541067714
0.28115371591571
0.28120392847714
0.28125792762714
0.28131292827143
0.28136498134
0.28141292858857
0.28146387792571
0.28151863578857
0.28157615334143
0.28163050384571
0.28168512467714
0.28173564677714
0.28178234605286
0.28183489066857
0.28188737619857
0.28194126581571
0.28199759508286
0.28205003287143
0.28210057284571
0.28215287300571
0.28220218018857
0.28225523986714
0.28230725339819
0.28236220967
0.28241419388143
0.28246843899
0.28252010615857
0.28257377911429
0.28262640594571
0.28268146047857
0.28274148039286
0.28279386419857
0.28284478435714
0.28289578682714
0.28294873490143
0.28299227770286
0.28303982025714
0.28309184441714
0.28314352162286
0.28319937526571
0.28324764490143
0.28329525334286
0.28334289889286
0.28338967198
0.28343764951143
0.28348511729143
0.28353747098286
0.28359004211286
0.28364542916857
0.28369663140429
0.28374502311
0.28379822594143
0.28384802437
0.28390611995429
0.28395785063857
0.28400975960571
0.28405908498571
0.28410976184
0.28415703192571
0.28420458078143
0.28425120423143
0.28430201796857
0.28435209278429
0.28440490188571
0.28445676971571
0.28450273207429
0.28454851750143
0.28459930017429
0.28464636992286
0.28469259074429
0.28474647259
0.28479337659143
0.28484257966571
0.28489177502286
0.28494025714429
0.28498711916571
0.28503355091143
0.28508175548714
0.28513243318714
0.28518172399429
0.28523188794714
0.28528194727857
0.28533443139714
0.28538454102849
0.28543052730143
0.28548083825
0.28552797784429
0.28557673455429
0.28562340528571
0.28566892890857
0.28571760691143
0.28576255132
0.28581184832571
0.28586657724714
0.28591527860429
0.28596319043
0.28601405056143
0.28606019508286
0.28610723531137
0.28615498586429
0.28620341391143
0.28625620102857
0.28630700331857
0.28635510513857
0.28640564627989
0.28645598625143
0.28650122167143
0.28655089681857
0.28659913414286
0.28664985993857
0.28670243503857
0.28675007478
0.28680342350571
0.28685801659
0.28690940042286
0.28696370135857
0.28701678785
0.28707281077857
0.28712643968
0.28717883938286
0.28723211348571
0.28728308089571
0.28733730796429
0.28738895029
0.28744154081714
0.28749674144429
0.28755218349143
0.28760581302286
0.28765897390857
0.28771013793714
0.28776375881
0.28781706719143
0.28786716353202
0.28791909935429
0.28797315809496
0.2880255975488
0.28807097881286
0.28812081822429
0.28816797055286
0.28821747951714
0.29112695222714
0.297037370055
0.30273539905
0.30845145122
0.31348213388457
0.31830313658429
0.32306918664143
0.32768848277
0.33178919539714
0.33559071790286
0.33949161550714
0.34281789697
0.34566362717286
0.34850989391429
0.35122774944714
0.35385876752143
0.35622271625286
0.35834018633714
0.36018001174143
0.36189613802
0.36349414956571
0.36505618546857
0.36637182513286
0.36761160922
0.36878664670571
0.36988388248429
0.37094175860571
0.37189791267286
0.37287650801571
0.37386512613286
0.37474459117286
0.37555554046143
0.37634320934571
0.37711256586714
0.37781378020286
0.37841615535714
0.37902621697714
0.37964024157714
0.38014874314143
0.38063778633286
0.38107133547286
0.38135703616571
0.38155628485143
0.38163020290143
0.38159542972857
0.38144948862714
0.38115862046857
0.38072920573143
0.38023582063571
0.37969027083714
0.37905414638714
0.37839991881714
0.37764423525429
0.37674874747714
0.37588312723286
0.37493869228143
0.37410677016
0.37330619632286
0.37244364729571
0.37162198384
0.37092232103857
0.37024579003429
0.36969541564
0.36926134493
0.36891394151143
0.36868140138857
0.36864682832286
0.36874744438571
0.36896590715
0.36939264617429
0.37003544768714
0.37082275767714
0.37169530703857
0.37278743613571
0.37410934518857
0.37556889162286
0.37717182102286
0.37899642868714
0.38100716621
0.38319559354571
0.38540388681
0.38768955313
0.39006991730571
0.39258165774714
0.39541229491
0.39809017087857
0.40098239333429
0.40383065106143
0.40678692441429
0.40956662502571
0.41217508750286
0.41490946049714
0.41761221479571
0.42025571561571
0.42291404085286
0.42555746208714
0.42804393945143
0.43042885521857
0.43284579199714
0.43503285337
0.43720677478
0.43926336023143
0.44117307707571
0.44312431134143
0.44499518720571
0.44691447439286
0.44893743345714
0.45111874463857
0.45314209596
0.45509111964714
0.45734262256
0.45968373000857
0.4621766471
0.46479937829143
0.46741942659
0.47041905632
0.47348636224
0.47673928069143
0.48008160266714
0.48374213824286
0.48771489897857
0.49210765691571
0.49620724060571
0.50068351844286
0.50502507191714
0.50964731887143
0.51487315441714
0.52083902137
0.52674810885429
0.53222612482429
0.53804835437
0.54435106119571
0.55033567043857
0.55676058185143
0.56321923747429
0.56959760392857
0.57564738640429
0.58147549104143
0.58749336362286
0.59330705957714
0.59904027360857
0.60424702453143
0.60893150596429
0.61386561248429
0.61917747574714
0.62383982933
0.62873312277143
0.63303856352429
0.63738591178714
0.64150184832143
0.64495711403714
0.64871481029286
0.65217754847429
0.65585316338571
0.65939529917143
0.66308794389
0.66655964733714
0.67019172168286
0.67379298268714
0.67748693902857
0.68125550734143
0.68484036703571
0.68871320834286
0.69276485154286
0.69700891938857
0.70159465305
0.70639798375571
0.71123301162429
0.71620110082714
0.72148538259571
0.72658389701429
0.73163176036857
0.73649718572714
0.74167491797143
0.74700406821286
0.75223271601
0.75681227716
0.76117894804857
0.7651197281
0.76858278491
0.77187710517143
0.77455447438571
0.77676876438
0.77866583318429
0.78036697575714
0.78165494394
0.78294380460143
0.78410294210286
0.78525099253143
0.78641471209429
0.78748064549
0.78838343632429
0.78950140414857
0.79082245959571
0.79220087794286
0.79383746109714
0.79550481695143
0.79724685930143
0.79928557449857
0.80122490037571
0.80321247638429
0.80514590649143
0.80683558462857
0.80826452724143
0.80946254863857
0.81036479702286
0.81104721754286
0.81166925323714
0.81181780135143
0.81197547289857
0.81209001313857
0.81206285859143
0.81166692530143
0.81132506115857
0.81100188778571
0.81074522458429
0.81059509880286
0.81056647315286
0.81066431258714
0.81101305831143
0.81137151176143
0.81195903954
0.81269638323571
0.81384260161143
0.81504851806571
0.81613882604286
0.81715933315286
0.81842321213
0.81972558104429
0.82111537422857
0.82245524460714
0.82373475266429
0.82496136880571
0.82617711731429
0.82756128458143
0.82884603466571
0.83018490446714
0.83151225883429
0.83290263309286
0.83437466893286
0.83583346716571
0.83728307331286
0.83856420807857
0.84001182663429
0.84147601003
0.84277810158857
0.84439575672857
0.84578640118571
0.84699594898286
0.84803649491
0.84893287556714
0.84983422196571
0.85076187152143
0.85160141166714
0.85231155498571
0.85301142382714
0.85384823956714
0.85473502729286
0.85557738220143
0.85637868523429
0.85734068479714
0.85832449972857
0.85953872381286
0.86083020273286
0.8620277246
0.86340459073714
0.86466428781
0.86634818782286
0.86777095123857
0.86929293152429
0.87075622856857
0.87207394907857
0.87311950645
0.87430750489429
0.87559571502286
0.8767587267
0.87785089491714
0.87886058448143
0.87971338087
0.88065549658429
0.88149777897429
0.88202458544571
0.88251240621857
0.88281147726143
0.88269675463286
0.88230794048286
0.88172707986
0.88042591434429
0.87870624647286
0.87639811453286
0.87372779238143
0.87057885449429
0.86713047432429
0.86303003375429
0.85873690859429
0.85365769443143
0.84890024634
0.84414994447714
0.83955514011714
0.83488299831143
0.83097916811714
0.82735085049143
0.82423340721429
0.82172416326714
0.81977139266714
0.81851563817286
0.81812158298
0.81840100176
0.8195828552
0.82143316992143
0.82412219864429
0.82759051078429
0.83211176806571
0.83706621862714
0.84255852944857
0.84851823042571
0.85462434984286
0.86150563555714
0.86833997715429
0.87540873437286
0.88227849601429
0.88858826827143
0.89432212471429
0.90032186296857
0.90533003826429
0.90955110781143
0.91321748402286
0.91410376398286
0.91425968081143
0.91442140482857
0.91457832397429
0.91472615065143
0.91488099085286
0.91502953360143
0.91518936818714
0.91535323175429
0.91468238941429
0.91245848479429
0.91031776990571
0.90827518111571
0.90611203909143
0.90435986514714
0.90245961390571
0.90077633394429
0.89949972038857
0.89867868817857
0.89819425207
0.89805745758714
0.89812548425429
0.89862459623571
0.89935878242286
0.90037733407429
0.90160102873857
0.90278878585714
0.90443418445286
0.90554137368571
0.90635234369571
0.90687415610571
0.90696463795143
0.90668091609429
0.90598231877429
0.90486318133143
0.90300759825714
0.90061707215571
0.89756287433429
0.89423597079429
0.89096357963857
0.88746858861286
0.88362536228714
0.88068574168286
0.87781035736
0.87514538761286
0.87293866874714
0.87168987732857
0.87112953326571
0.87142261270857
0.87252119838143
0.87431116500429
0.87681761157857
0.87979847326857
0.88299687211143
0.88668206592143
0.89011515684
0.89310264337857
0.89551870043143
0.89743623853
0.89831345756
0.89795221849286
0.89607767878714
0.89337757742429
0.88910424490286
0.88290337113
0.87693182750571
0.86935520478714
0.86063620170429
0.85179034525
0.84283246378714
0.83382620903143
0.82463948737571
0.81610201433
0.80918273387143
0.80242071608286
0.79667119847714
0.79163019244571
0.78747094354857
0.78414820695143
0.78177031988
0.78014736731857
0.77903019743286
0.77847021160857
0.77805008866
0.77781349684571
0.77774406461
0.77736284608429
0.77676848302571
0.77546397852143
0.77351259581286
0.77072216477857
0.76677349533
0.76194442705143
0.75661982073
0.74987465358143
0.74290993964429
0.73611045713857
0.72874108078857
0.72116676512286
0.71390386561
0.70704531702286
0.69963638576
0.69242593901714
0.68575937834571
0.67996953178714
0.67502404893857
0.67107772829857
0.66821174850143
0.66597133114714
0.66470978326429
0.66426029138
0.66468189415
0.66608037721429
0.66851637692429
0.67151101635571
0.67535563324143
0.67962528317571
0.68462744585571
0.68966641126286
0.69512042138
0.70086581336429
0.70702432698
0.71371968982571
0.71980419927143
0.72582031408429
0.73173588454143
0.73735007603571
0.74241646823286
0.74703661995
0.75136203557714
0.75501917905286
0.7581895523
0.76111115956143
0.76434007624571
0.76706730737429
0.76953570494429
0.77198180807143
0.77435315318857
0.77656390890286
0.77839911655429
0.78006799288429
0.78128572547857
0.78186345838857
0.78186796226714
0.78136232967429
0.78008590836286
0.77815532755143
0.77557730805857
0.77237639143714
0.76878168590857
0.76433557274857
0.75977091277429
0.75487223228
0.74969649249714
0.74486121865857
0.74053649374429
0.73623543089714
0.73209870734
0.72833108616429
0.72558000615
0.72331472635714
0.72135985553143
0.72014534174286
0.71940698352571
0.71906740176286
0.71911500909571
0.71954799037714
0.72009661716429
0.72090795481
0.72191084263857
0.72278848674429
0.72373639396286
0.72465084166429
0.72528718055714
0.72584816655714
0.72643614344
0.72678812445
0.72696129432286
0.72708664736
0.72734342552571
0.72775543842286
0.72848115678143
0.72963229133286
0.73103961704714
0.73265556537143
0.73460343657571
0.73695885051429
0.73938050340571
0.74210013573714
0.74493275012143
0.74814254336857
0.75188796869
0.75496484447571
0.75747766734857
0.75955521322714
0.76076112727857
0.76122810523
0.76083264770143
0.75922672739143
0.75655208651286
0.75274503446429
0.74794276081714
0.74222575425857
0.73634708886857
0.72983758189143
0.72274294553857
0.71488063991429
0.70759881425143
0.70037918257286
0.69326697282143
0.68648778157857
0.67958303254571
0.67367542769143
0.668723912
0.66480337448286
0.66201034552714
0.66019211782571
0.65933144448714
0.65940640444714
0.66064713892857
0.66284802790857
0.66614497524857
0.67022070119
0.67531660033714
0.68136889489429
0.68828454606857
0.69536189981429
0.70320369237143
0.71120322463429
0.71916669953429
0.72648812307714
0.73391858215714
0.74096290026286
0.74703051105857
0.75293660509714
0.75738864176
0.76080145889571
0.76330422001286
0.76438740924
0.76425848075143
0.76290465949143
0.76025232006286
0.75656519779429
0.75220075622714
0.74705763958286
0.74119003483143
0.73519810977
0.72851958208286
0.72127129024571
0.71407508734429
0.70691481910286
0.69977095477714
0.69268671434286
0.68552267307857
0.67833007729429
0.67112237862857
0.66432423532
0.65788204000429
0.65168371316429
0.64574840721429
0.64031208658286
0.63489308306857
0.62986329527143
0.62423059571571
0.61860221819429
0.61361809944286
0.60891605565857
0.60405518917429
0.59915039510143
0.59465291340429
0.59021522701
0.58607338881143
0.58252108664
0.57914863164429
0.57580059942143
0.57330487523857
0.57109531029143
0.56952936994143
0.56871963159286
0.56865890907286
0.56935199470571
0.57083698737286
0.57331535821286
0.57672555400714
0.58094319092571
0.58647944482143
0.59235697826
0.59882928937857
0.60621973935429
0.61471658880571
0.62368456097
0.63425675589571
0.64484289152
0.65519288064857
0.66629446286429
0.67718013013857
0.68800590904429
0.69939829167
0.70881061046857
0.71735721518857
0.72565405866143
0.73283509806143
0.73845332559571
0.74298848760286
0.74615962245429
0.74838462856429
0.74959679437714
0.75030241423571
0.75024167860714
0.74988653902
0.74933854522286
0.74842164247
0.74744405604571
0.74638695097571
0.74525696355429
0.74397921954714
0.74260426162857
0.74111431373857
0.73936446211143
0.73705719340714
0.73449409109
0.73151954854286
0.72798205340857
0.72406399721857
0.72003215693286
0.71607643810429
0.71238414445
0.70886662814857
0.70516767322143
0.70209346089
0.69988052311
0.69836412759571
0.69745928082
0.69756684206429
0.69833801207286
0.69980085968429
0.70166665942286
0.70438109446143
0.70779728241714
0.71137078606429
0.71531530391714
0.71907267890429
0.72249241449571
0.72576691966857
0.72848566741286
0.73019423078286
0.73093092065143
0.730506826
0.72899958363143
0.72630841265286
0.72296936204571
0.71905431802714
0.71406380657714
0.70874336960286
0.70264602806
0.69672724345143
0.69030106248429
0.68418254292
0.67848865569143
0.67289307618429
0.66821162481
0.66393164174571
0.66021493949143
0.65716087164143
0.65435485773571
0.6524559553
0.65115762535571
0.65049107948857
0.65034402555857
0.65074675156143
0.65155315318571
0.65268469609714
0.65411304803286
0.65560959831429
0.65738101381143
0.65910922312714
0.66076591819714
0.66235651209286
0.66379860734429
0.66490438737143
0.66569376771714
0.66615178622857
0.66634504248714
0.66594442507
0.66518859599571
0.66389078472143
0.66212727539571
0.65965407821571
0.65671952814857
0.65303947606143
0.64850409461857
0.64315652211714
0.63794710429143
0.63186092130571
0.62588522827714
0.61959502443714
0.6124843671
0.60538785085143
0.59803655943857
0.59023372084571
0.58242197654429
0.57465694081714
0.56644482043571
0.55867532107429
0.55124377668143
0.54456909954429
0.53799086201
0.53087452173857
0.52520082158429
0.51941849874143
0.51355009788
0.50824221991143
0.50351912158286
0.49911489244429
0.49498363193286
0.49102238590286
0.48736512525286
0.48410065084429
0.48136580659857
0.47907025207
0.47710779513857
0.47558612534714
0.47442512774714
0.47383108216429
0.47380345027429
0.47435318951571
0.47560835616714
0.47764592153429
0.48053286322429
0.48439971168286
0.48912125189429
0.49506521291571
0.50176049417714
0.50928718906
0.51810607307571
0.52739498858714
0.53805198857
0.54972404648571
0.56177461463286
0.5739406922
0.58645013599429
0.59953670513
0.61343908586857
0.62755984390714
0.64056595117714
0.65316780794286
0.66362214623286
0.67234439602429
0.67950119545571
0.68466407650143
0.68760139328429
0.68872585174857
0.6881951263
0.68645334365857
0.68371680121286
0.67969493399286
0.67570343042571
0.67157340692571
0.66750768578143
0.66375561611286
0.66065954172
0.65801712203286
0.65630064531857
0.65514228294429
0.65476290473286
0.65500400113
0.65574940713286
0.65683731662714
0.65823437889286
0.65973471510571
0.66114653289143
0.66223932498429
0.66293172984286
0.66295417542286
0.6624220069
0.66141689235286
0.66000751539
0.65780574300571
0.65538720658143
0.65259989116
0.64901861638
0.64537660892143
0.64176548277286
0.63781554725571
0.63376566508286
0.62988315048714
0.62579480718286
0.62199386170143
0.61805010927714
0.61429811835429
0.61057989241714
0.60667157435857
0.60334912429143
0.60004538622429
0.59668460734
0.59373603648286
0.59090839907286
0.58827361661286
0.58570369690857
0.58351910811286
0.58159442617143
0.57997518553714
0.57872106750571
0.57790704362143
0.577538021
0.57748449552429
0.57782297608143
0.57838139836429
0.57920924334
0.58028223877
0.58164701544
0.58308332110857
0.58456235442429
0.58577221459143
0.58686146766143
0.58757702102231
0.58785973598429
0.58753152869286
0.58663267965
0.58495343087
0.58275126322143
0.57993048624
0.57645947737714
0.57233501484857
0.56755725401143
0.56245518896286
0.55738816335857
0.55198651362429
0.54741917448
0.54286774319714
0.53913606077286
0.53600516208286
0.53366918990857
0.53242577934429
0.53204177972286
0.53260880687143
0.53416233846429
0.53683663171286
0.54062126064857
0.54550714381571
0.55134411379857
0.55753082065857
0.56401685148286
0.57095267700143
0.57853036293143
0.58581288722
0.59316213556286
0.59976734164143
0.60559313916857
0.61085078230571
0.61530364438431
0.61894481508
0.62129339770286
0.62272670019286
0.62321008929
0.62308230960143
0.62247490037857
0.62173581389429
0.62103999761286
0.62051813604429
0.62056874464
0.62098594002286
0.62222011849571
0.62435757198857
0.62739074400286
0.63103211820857
0.63575329913571
0.64116819974429
0.64721158181857
0.65380361907
0.66070616992429
0.66744257188
0.67356058962143
0.67963478864571
0.68439541775857
0.68819488136286
0.69057551031286
0.69137519152143
0.69058284767286
0.6883693379998
0.68445868697143
0.67924729444429
0.67247166719
0.66443834534571
0.65584675082571
0.64678232903143
0.63776677051286
0.62923132643143
0.62140345849286
0.61426232573
0.60815157591857
0.60286531408929
0.59885188192286
0.59604696439857
0.59425250137571
0.59317545512714
0.59297958152286
0.59358282504286
0.59452451615143
0.59570728187143
0.59702670046714
0.59793277013571
0.59844788593286
0.59834259222857
0.59734495087286
0.59561056461
0.59287456886857
0.58883454769429
0.58413104917571
0.57849988636286
0.57246590634714
0.56580976783429
0.55862979195714
0.55113013305857
0.54339629491
0.53646746165714
0.52992415239143
0.52409827674594
0.51886160106
0.51442254044143
0.51056360992571
0.50762267619286
0.50537988392571
0.50415185576143
0.50383805063429
0.50439848745
0.50572251507
0.50795869397
0.51082445896714
0.51437973819714
0.51818890310286
0.52273884171429
0.52756273064
0.53291962691286
0.53862609432
0.54425646140429
0.54992022418571
0.55586316798
0.56155538399857
0.56744148489655
0.57324583694
0.57928221122
0.58497680545286
0.59023335316571
0.59554479167571
0.60094216391714
0.60631981085286
0.61119906716429
0.61588722228571
0.61998972274143
0.62390012778143
0.62742658276
0.63075345460571
0.63407641401857
0.63700742244429
0.63974833666857
0.64224359930714
0.64453535367429
0.64672624645
0.64884804973143
0.65110232808
0.6531582781
0.65531602914857
0.65778181558429
0.66041753961571
0.66346586438571
0.66739300762571
0.67170054345286
0.67645766568857
0.68201285205429
0.68801728492
0.69487296290429
0.70272883217857
0.71056669188714
0.71920480472286
0.72804457225429
0.73652530051429
0.74507504057571
0.75346800913571
0.76113235617143
0.76824082832
0.77530364058429
0.78140303841286
0.78656048986714
0.79085269802571
0.79393009144143
0.79631082936714
0.79800299886286
0.79916153400286
0.79976944002857
0.80016984921
0.80056474030286
0.80105377822143
0.80177087988
0.80270488751143
0.80425565337286
0.80620919215429
0.80876398252714
0.81164231215429
0.81432511324429
0.81729127217
0.82091170370143
0.82431025886857
0.82772402105143
0.83065884637571
0.83393493613571
0.83687400889714
0.84006159394143
0.84329783724286
0.84663420416571
0.84965513530143
0.85323857724429
0.85714560787714
0.86152306259714
0.86613137967429
0.87095428402
0.87594936575286
0.88123940154857
0.88613812304857
0.89047898484286
0.89407654854
0.89686042043429
0.89850805241286
0.89889014551857
0.89813549172429
0.89584291912571
0.8924389384
0.88793777322714
0.88321797456
0.87852137715714
0.87371412122286
0.86953841902
0.86626142369714
0.86421745124429
0.86359793208571
0.86423381032286
0.86591132947286
0.86877851994429
0.87239120369857
0.87670277923714
0.88136531353571
0.88586882621286
0.88934999722143
0.89198597497857
0.89314888491286
0.89259569601571
0.89089983817286
0.88764458773571
0.88208766205429
0.87527551415
0.86701274991286
0.85789324073429
0.84748850655571
0.83671220311714
0.82616021525
0.81589023379
0.80819374181
0.80250000537714
0.79846586889714
0.79663643520857
0.79682902492857
0.79945275085429
0.80357846489714
0.80937926507429
0.81684232016
0.82429581803143
0.83077151404429
0.83618651397286
0.83898285012683
0.83893698742
0.83592877167571
0.82957933560286
0.82130738148143
0.81070138586714
0.79840545149143
0.78511555737571
0.77177119395857
0.75767513357429
0.74427962289
0.73036604504571
0.71636448436286
0.70337448587857
0.69157577931571
0.68006728659571
0.66820744387857
0.65695377590571
0.64617458650857
0.63448899159143
0.62278928348143
0.61271008101
0.60166187523286
0.59040141675857
0.57904120148714
0.56758102170857
0.55642208421571
0.54471720179
0.53307467643571
0.52163264953714
0.51075280638143
0.50121921377286
0.49141044331
0.48277128654714
0.47554811081143
0.46969208381429
0.46532579093857
0.46272674312286
0.46213164690714
0.46351801392429
0.46692814973286
0.47256449002429
0.47977953278857
0.48852793111143
0.49882438444
0.50957904607429
0.52160428026429
0.53422844878
0.54594556126571
0.55731857993571
0.56856095587714
0.57658048069714
0.58199789756
0.58458606506143
0.58437811766571
0.58199328039429
0.57749062340429
0.57102346031286
0.56396655078
0.55621454642857
0.54827856623571
0.53986798346714
0.53188370561
0.52459239456571
0.51726983243714
0.5103543066
0.50382373702714
0.49787311694286
0.49216584651857
0.48604002465429
0.47969012590571
0.47391023215714
0.46813393967286
0.46270191038571
0.45718602182429
0.45219740306571
0.44755298626143
0.44352051085143
0.43991199774714
0.43713366723571
0.43508664704143
0.43381772671429
0.43315802057286
0.43303518135
0.43358081109857
0.43466348175571
0.43634923519857
0.43861822869143
0.44123370123714
0.44426518051429
0.44798591473714
0.45247734740143
0.45756186579714
0.46353180361
0.47006454186
0.47715103448143
0.48473174915429
0.49307346546571
0.50140587403571
0.51013371708714
0.51802332488143
0.52506380835286
0.53045650835429
0.53350411436
0.53468495658571
0.53359162372286
0.53001645761429
0.52502598836286
0.51769110982429
0.50899606371429
0.49889388033857
0.48912999998571
0.47883239179857
0.46789376195429
0.45806199791714
0.44951328595143
0.44276297063429
0.43650342425571
0.43151938781857
0.42831816905571
0.42632338070857
0.42542084541714
0.42561700576857
0.42667189213429
0.42833972906714
0.43008243624714
0.43196276366857
0.43355348899286
0.43459509443143
0.43508055713482
0.43484691203714
0.43365502537286
0.43161980752429
0.42871565934286
0.42506340102429
0.42086355480857
0.41617758956
0.41106574951143
0.40590759837
0.40077037757286
0.39533576997571
0.38992344919143
0.38444129554571
0.37859853063857
0.37218259612429
0.36520827801
0.35700902632
0.34848960500714
0.34565333236857
0.34569492666
0.34573976477571
0.34578351617571
0.34582677842714
0.34586913936571
0.34591049759857
0.34595299929429
0.34599652633286
0.34603985198429
0.34608228892714
0.34612673563143
0.34617046395429
0.34621148135
0.34625442892571
0.34629765165429
0.34634218120857
0.34638418472857
0.34642636878714
0.34647081965
0.34651602706429
0.34655969854143
0.34659894956286
0.34663945066143
0.34668062016714
0.34672239797714
0.34676249072
0.34680088955857
0.34683523075
0.34686791481714
0.34690217134143
0.34694027355286
0.34697540455857
0.34701210639714
0.34704887550857
0.34708692021143
0.34712267860143
0.34716090625857
0.34719993398571
0.34723763890714
0.34727499745
0.34731005293857
0.34734575492571
0.34738229201714
0.34742082903286
0.34745907703571
0.34749898760073
0.34753792269429
0.34757735426
0.34761593608857
0.34765151570429
0.34769070031429
0.34772833813286
0.34776886808143
0.34780763863714
0.34784612715714
0.34788576669571
0.34792275557143
0.34795782155445
0.34799686592714
0.34803500062286
0.34807564835286
0.34811443461714
0.34815517863714
0.34819273027143
0.34822942045143
0.34826470715429
0.34830053809286
0.34833869940571
0.34837715610857
0.34841523264
0.34887808370286
0.35644092433857
0.36370825537
0.37124897331571
0.37952312744571
0.38883152056857
0.39898793040143
0.40998993910571
0.42206190633
0.43603217217
0.45116612246857
0.46862079578714
0.48667419540286
0.50496452557714
0.52236477928286
0.53980820705143
0.55592526693714
0.56860351972286
0.57721556933429
0.58175425359857
0.58251133789571
0.58042516288714
0.57570218397
0.57044040100286
0.56507474855
0.56036307663429
0.55660795290571
0.55417175611
0.55288840206714
0.55212006463857
0.55116582475
0.54961717391571
0.54720822059571
0.54328021171286
0.53828290851571
0.53220948975571
0.52572175956857
0.51891038867143
0.51336971482571
0.50890196954286
0.50589303497143
0.50449577704714
0.50483962922286
0.50698231215286
0.51047534133286
0.51456199320571
0.51930900400143
0.52372204949
0.52750637251429
0.53026709783429
0.53142075568286
0.53082471322714
0.52828213131
0.52386295503571
0.51786565201143
0.51053944402143
0.50217989036571
0.49327542558143
0.48390868371571
0.47533839048714
0.46711812174857
0.46011342002571
0.45462077019143
0.45043764254857
0.44767833652143
0.44575208181429
0.44452678809571
0.44330974837286
0.44114407722
0.43716596765143
0.43089825485
0.42158106958143
0.40870214128571
0.39296407106714
0.37299523165714
0.35119853549429
0.35123246411
0.3512676703
0.35129991202857
0.35133285058857
0.35136494096143
0.35139851159143
0.35143376529286
0.35146822322571
0.35150429175286
0.35154319749429
0.35157939656714
0.35161432769714
0.35164938086714
0.35168164397286
0.35171472985143
0.35175071733143
0.35178488120286
0.35181889397143
0.35185616974714
0.35189400838286
0.35193007188714
0.35196395288714
0.35199734061
0.35203100735
0.35206392466571
0.35209740791143
0.35213371891143
0.35216985936143
0.35220608680714
0.35224029794
0.35227387620143
0.35230806665286
0.35234188384429
0.35237537247857
0.35241045656429
0.35244426038857
0.35247795700857
0.35251338852429
0.35254840341429
0.35258137705286
0.35261354660429
0.35264611857429
0.35268107537286
0.35271568770714
0.35274910345286
0.35278187549286
0.35281554280714
0.35285038654857
0.35288469910571
0.35291928046571
0.35295347860286
0.35298599690429
0.35301977866714
0.35305106831
0.35308634672429
0.35311929631
0.35315261365571
0.35870509471
0.36829703229429
0.37769715136451
0.38679542277
0.3950508112
0.40188690962286
0.40745218954286
0.41111886961286
0.41311689402
0.41305772953571
0.41078915569286
0.40581132466429
0.39800909451286
0.38759725690714
0.37488511521143
0.35969958364286
0.35374368241857
0.35377776178857
0.35381178103571
0.35384729966714
0.35388316577
0.35391721425857
0.35395120006571
0.35398747926143
0.35402303558571
0.35405926329
0.35409717637286
0.35413315259429
0.35416937344429
0.35788294763286
0.39427145878286
0.43207929573429
0.47108896274714
0.50418841832571
0.52736308378488
0.54097169982
0.54401256269143
0.53870752608143
0.52740958418714
0.51329154716429
0.49915397845714
0.48643271073714
0.47683506592
0.46946277434429
0.46480977480429
0.46143274135143
0.45842497455714
0.45452211747
0.44912328169143
0.44157813726143
0.43407609336143
0.42677502787
0.42121137127429
0.41882724569286
0.42089896882571
0.42924374095714
0.44434184048714
0.46737649639714
0.49620645968
0.53054324679
0.56769554681714
0.61014053940571
0.64831042144857
0.68199693793571
0.70521232942
0.71498376702857
0.71271054554143
0.70074927412143
0.68296751166857
0.66257208544857
0.64264868063429
0.62484295335
0.61093814158714
0.6012967099
0.59539577922143
0.59185847639143
0.58974561115429
0.58728510888857
0.58348103511
0.57684447670286
0.56635696367286
0.55317049166143
0.53654148484286
0.51757409416143
0.49659970763
0.47618585186429
0.45759713982857
0.44184201100286
0.43020688910429
0.42308613271571
0.42028700766429
0.42147846427857
0.42561576453286
0.43155646087857
0.43756124135143
0.44251428179857
0.44464568562286
0.44285944432143
0.43683835199429
0.42637097033429
0.41171948358857
0.39319679823857
0.37290263669
0.35708881906571
0.35712762719714
0.35716351891857
0.35720431943571
0.35724287630714
0.35728197329143
0.35732228269857
0.35736186953
0.35740017283286
0.35743818295143
0.35747680216857
0.3575160486
0.35755558842286
0.35759177175286
0.35762792548286
0.35766536952
0.35770141063571
0.35773970440143
0.35777701587429
0.35781499706
0.35785225309857
0.35788906129571
0.35792682437062
0.35796241114286
0.35799907301389
0.35803458866
0.35807051500143
0.35810745537857
0.35814328557286
0.35817760092857
0.35821221764714
0.35824758218286
0.35828233390571
0.35831588145571
0.35835082437857
0.36030646545143
0.36521370357286
0.36592154081571
0.36284066200429
0.35852488019429
0.35855760604857
0.35858840254429
0.35862126266286
0.35865497782571
0.35868866519
0.35872283228714
0.35875825375857
0.35879196518571
0.35882583336714
0.35886026852857
0.35889250718429
0.36931432756714
0.39041835672714
0.41211565879143
0.43378844400857
0.45610744524286
0.47763912001286
0.49892183758286
0.51822936812143
0.53713572521429
0.55426631848
0.56981686773
0.58435183698286
0.59649341047
0.60737143160429
0.61777430599714
0.62680870032429
0.63409397057286
0.63990448813429
0.64409166309
0.64641660717143
0.64649014789857
0.64457312111286
0.64057160437143
0.63465220894429
0.62676452330857
0.61758120576714
0.60781108128143
0.59832743612714
0.58950194707
0.58245338416714
0.57840985638286
0.57817273641571
0.58230452892857
0.59147590399571
0.60571880436714
0.62453852332714
0.64721339362857
0.67125342265429
0.69484148861571
0.71812556486857
0.73821847254143
0.75353913325
0.76351620571143
0.76687270485429
0.76219478466286
0.74853464531
0.72651671821143
0.69440503712286
0.65251857265857
0.60112345945571
0.54089557416286
0.47393758453
0.40022738709286
0.36047216945857
0.36049933584286
0.36052680942857
0.36055473918143
0.36058286681571
0.36061061367429
0.36063772361714
0.36066350889143
0.36675228521571
0.46633373166857
0.57021305238714
0.67163787953714
0.75782210077
0.81973061628429
0.86744229379286
0.91663380005857
0.97589940383
1.02329720282143
1.04120415023571
1.02716536657571
0.99999384854714
0.98210228819857
0.98397309216429
1.00270357722429
1.02639737655857
1.04154418865714
1.04272243096286
1.03690416483429
1.02962867833143
1.02080164298
1.01384036312857
1.01771478080429
1.03678135054
1.05835129089286
1.06050805291571
1.03529460698286
1.00769751287
0.99579681423857
0.99698140831571
0.99698140831571
0.99698140831571
0.99698140831571
0.99698140831571
0.99698140831571
0.99698140831571
0.99698140831571
0.99698140831571
0.99698140831571
0.99698140831571
0.99698140831571
0.99698140831571
0.99698140831571
0.99698140831571
0.99698140831571
0.99698140831571
0.99698140831571
0.99698140831571
0.99698140831571
0.99698140831571
0.99698140831571
0.99698140831571
0.99698140831571
0.99698140831571
0.99698140831571
0.99698140831571
0.99698140831571
0.99698140831571
0.99698140831571
0.99698140831571
0.99698140831571
0.99698140831571
0.99698140831571
0.99698140831571
0.99698140831571
0.99698140831571
0.99698140831571
0.99698140831571
0.99698140831571
0.99698140831571
0.99698140831571
0.99698140831571
0.99698140831571
0.99698140831571
0.99698140831571
0.99698140831571
0.99698140831571
0.99698140831571
0.99698140831571
0.99698140831571
0.99698140831571
0.99698140831571
0.99698140831571
0.99698140831571
0.99698140831571
0.99698140831571
0.99698140831571
0.99698140831571
0.99698140831571
0.99698140831571
0.99698140831571
0.99698140831571
0.99698140831571
0.99698140831571
0.99698140831571
0.99698140831571
0.99698140831571
0.99698140831571
0.99698140831571
0.99698140831571
0.99698140831571
0.99698140831571
0.99698140831571
0.99698140831571
0.99698140831571
0.99698140831571
0.99698140831571
0.99698140831571
0.99698140831571
0.99698140831571
0.99698140831571
0.99698140831571
0.99698140831571
0.99698140831571
0.99698140831571
0.99698140831571
0.99698140831571
0.99698140831571
0.99698140831571
0.99698140831571
0.99698140831571
0.99698140831571
0.99698140831571
0.99698140831571
0.99698140831571
0.99698140831571
0.99698140831571
0.99698140831571
0.99698140831571
0.99698140831571
0.99698140831571
0.99698140831571
0.99698140831571
0.99698140831571
0.99698140831571
0.99698140831571
0.99698140831571
0.99698140831571
0.99698140831571
0.99698140831571
0.99698140831571
0.99698140831571
0.99698140831571
0.99698140831571
0.99698140831571
0.99698140831571
0.99698140831571
0.99698140831571
0.99698140831571
0.99698140831571
0.99698140831571
0.99698140831571
0.99698140831571
0.99698140831571
0.99698140831571
0.99698140831571
0.99698140831571
0.99698140831571
0.99698140831571
0.99698140831571
0.99698140831571
0.99698140831571
0.99698140831571
0.99698140831571
0.99698140831571
0.99698140831571
0.99698140831571
0.99698140831571
0.99698140831571
0.99698140831571
0.99698140831571
0.99698140831571
0.99698140831571
0.99698140831571
0.99698140831571
0.99698140831571
0.99698140831571
0.99698140831571
0.99698140831571
0.99698140831571
