9.367218662030064591e-01
2.808690206084393237e-01
-3.155499724656340987e-01
-6.922961921735206747e-01
-1.323883799684839824e+00
-7.488426699190110503e-01
-1.059885606495579280e+00
-5.583863708147978056e-01
1.843667343339041587e+00
8.029276547587721469e-01
2.091555208417811951e+00
3.622219850970694738e-02
-1.059679195777146088e+00
-2.197749479566860342e-01
-5.109195862964526214e-01
5.051297390639494789e-02
1.200604704996781902e-01
9.066755383504286614e-02
3.687371762013130216e-01
2.389646929560132471e-01
4.086023077213677968e-01
-2.725906074142716573e-01
-6.540870401434941694e-01
-1.348770438991963916e+00
-2.630741271086271538e-01
0.000000000000000000e+00
2.720282553316407670e-01
-1.029013008367415660e-01
3.839676607499944438e-01
-2.201344873069188135e-01
7.535982830485622730e-02
2.136816968499099037e-02
8.672549603403343355e-01
-5.534409618979436729e-01
0.000000000000000000e+00
0.000000000000000000e+00
0.000000000000000000e+00
0.000000000000000000e+00
0.000000000000000000e+00
0.000000000000000000e+00
0.000000000000000000e+00
0.000000000000000000e+00
6.684948948551393544e-01
-1.783760052844599320e-01
2.438008377478786404e-01
-9.183732237719348657e-01
-1.153995720559045784e-02
-1.791463554329236485e-01
-1.411396958657368528e-01
-9.909851354821071212e-02
0.000000000000000000e+00
0.000000000000000000e+00
0.000000000000000000e+00
0.000000000000000000e+00
0.000000000000000000e+00
0.000000000000000000e+00
0.000000000000000000e+00
0.000000000000000000e+00
