#Sigma on thinning for EDML from AICC2012.
0.0339350926046
0.0339550285583
0.0339755711092
0.0333048895132
0.0324722941941
0.0317828357578
0.0311625652976
0.0307247553229
0.0304982245037
0.0303316630528
0.030286871143
0.030359323677
0.0305566268895
0.0310028763726
0.031597465224
0.0313645995266
0.0307313226742
0.0310283675225
0.0315951284434
0.0311880284162
0.0308875128934
0.0312811307076
0.0314814211978
0.0310051021318
0.0302974141088
0.0293380487414
0.0302388135329
0.0317916300716
0.0321616857079
0.0325258739388
0.03287032371
0.0326905630052
0.0318331049707
0.0312506452864
0.030960388686
0.0317421967659
0.0325110316878
0.0332695895477
0.0311358902324
0.030665323631
0.0318333073996
0.0325460094834
0.0332866417147
0.0340594894249
0.0345709809504
0.0346740052977
0.0341918129978
0.0338019547349
0.0333158355055
0.0326541463361
0.0320899993947
0.0317065197533
0.0315989860314
0.0319907395819
0.0324617444666
0.0328060837041
0.0330309910072
0.0333432211671
0.0336053135374
0.0331614117314
0.0329100650615
0.0328611826224
0.0330145689791
0.0311360141438
0.0302070301393
0.030751850182
0.0309363321328
0.0315673007246
0.0327878523571
0.0330832910717
0.0330297417001
0.0331118144116
0.0339918172065
0.0346629042772
0.0351761445183
0.0354972505143
0.0379366886045
0.0391165477987
0.0390333961529
0.0382441089391
0.0387515897133
0.0388951421542
0.0387332249898
0.0386088038278
0.0375930871796
0.0365896287231
0.036234139963
0.0352042740696
0.0348475641122
0.0348551890825
0.0347829945645
0.0349215495026
0.0351118068609
0.0340742206937
0.0331626384291
0.0325419610128
0.0332721620652
0.0326584185292
0.0316168245167
0.0318821819895
0.0333306432863
0.034640747305
0.0357454997676
0.0363146589453
0.0359946822562
0.0370303322146
0.0371996579607
0.0371502260254
0.0376951133366
0.0375388399397
0.0379919327241
0.0386677718387
0.0386432238421
0.0402592300278
0.0407287360082
0.0406795208364
0.0406284378623
0.0399992162848
0.0394736955689
0.0388054526799
0.0379824255682
0.037249024157
0.0368784720003
0.0375132065206
0.0385966149725
0.0396230985206
0.0377710510393
0.0365849281299
0.0359534037005
0.0363226939216
0.0383590093251
0.0400811983198
0.040509540186
0.0399206239854
0.0398019337911
0.0384416186511
0.0390182948142
0.0400417090723
0.0407206379298
0.0414016588008
0.041654090694
0.0422895774719
0.0437273426615
0.0441183100678
0.0430712862835
0.0432009469184
0.0433744192762
0.0422776010722
0.0431586857709
0.0432317206813
0.0429603705319
0.0439928545443
0.0439872645093
0.044465519513
0.0448881345946
0.0442074833315
0.0450446251925
0.0439662266146
0.0424504609314
0.0430395943263
0.0440647234452
0.0446533756659
0.0452764058469
0.0454192212607
0.0445353967257
0.0441009832523
0.0424438878997
0.0414178373604
0.0410028809253
0.0372493371355
0.0394692247602
0.0411208514249
0.0408092670669
0.042518986792
0.0437053939228
0.0445143451288
0.0452323722641
0.046102144525
0.0475092144975
0.0485227205468
0.048725428332
0.0488507481997
0.0510513676153
0.051556332911
0.0528387103605
0.0528970990623
0.051700272411
0.050729326225
0.0507038259415
0.0498258540573
0.0497460745397
0.0506310229112
0.052206603267
0.0532847404543
0.0537836111836
0.0541763364968
0.0549172055938
0.0563824928326
0.0565084987284
0.0568331602061
0.056620374014
0.0550546045783
0.0555043639342
0.052269185097
0.0494145105413
0.0488920534606
0.0482704351041
0.0483524547782
0.0486858705975
0.0489775392178
0.0482175832551
0.0476226722128
0.0470867244942
0.0464901397611
0.0460912408546
0.0472274126906
0.0485746889643
0.0492417964897
0.048472051347
0.048970949673
0.0492013685171
0.0488244099348
0.048872014758
0.0516833135713
0.0523206110374
0.0522483006439
0.0519492195282
0.0515470200448
0.0510680977931
0.0528444081862
0.0537577748375
0.0542663891915
0.0549647505293
0.0548860442176
0.0567419729868
0.0583420485505
0.0594895776338
0.060479312492
0.0599123370894
0.0601733910437
0.0606141877023
0.0607748879348
0.0603750097199
0.0600411773749
0.0600103810717
0.0605728497428
0.0630593230661
0.0629293220913
0.0625301028788
0.0632948592876
0.0648085308553
0.0657761219054
0.0659982640145
0.0662336688097
0.0666597094236
0.0668081228525
0.0659167764164
0.0662537655146
0.0655260686177
0.0646099211958
0.0642921708947
0.0642281011527
0.0640496854701
0.0629639295125
0.0618764125849
0.063451870395
0.0627058264326
0.0624387386054
0.0619339741409
0.0606638893635
0.0618038569472
0.062193329094
0.0614345968859
0.0590325848853
0.0544865670683
0.0552914137815
0.0552001246073
0.0551535951089
0.0571637374399
0.0526773600926
0.0516563517165
0.0532343437929
0.0551589933922
0.0561047901529
0.0587202674729
0.0596466362025
0.0602151614141
0.0600151668248
0.0579336697695
0.0604128639616
0.0618188185266
0.0624531182338
0.0626760509154
0.062444284545
0.0637102467824
0.0651040966754
0.0665850995085
0.0681903321907
0.0673046900441
0.0684386270333
0.0691276125658
0.0690427196739
0.068684849613
0.0672153803236
0.0674877675908
0.0678928317342
0.0678684973471
0.0674592454208
0.0667933005657
0.0663477507399
0.0667042188447
0.0674275491835
0.0678111016666
0.0672445684708
0.0679767913505
0.0680814535974
0.0673983340659
0.0661324283733
0.0653112620332
0.0656474730068
0.0635429950062
0.0620897681995
0.0620242505389
0.0631223832294
0.0648234365566
0.0659080120716
0.0645730000517
0.0631518217129
0.0615811426824
0.0582128789898
0.0581856313658
0.0610147134689
0.0628123139186
0.0636330318773
0.0659953383138
0.0658399129611
0.0663347610711
0.0664765033591
0.0652514067332
0.0639287420891
0.0627806768049
0.0627333368001
0.0622033973937
0.060829214293
0.0595591186992
0.0582093024521
0.0608786374419
0.0695922983407
0.0754158409676
0.0772262076575
0.0783419464528
0.0768195208835
0.0765060966085
0.0756389191156
0.0749650771907
0.0747069757071
0.0740124730138
0.0723903497752
0.0711263420106
0.0703294181012
0.0712262030765
0.0753661465319
0.073618590236
0.0754106136426
0.0778968456183
0.0783571381159
0.0779303532453
0.0783641252266
0.0777793434801
0.0790755097772
0.0775629114174
0.0756102944872
0.0741867165487
0.0733662643214
0.0740818876171
0.0727357092989
0.073000419914
0.074841880992
0.0749285624849
0.0743946295438
0.075111649734
0.0746090344527
0.0764188887616
0.0756525980561
0.0751808909996
0.0755883411249
0.0755185769162
0.0684676211117
0.0672198134693
0.067915875258
0.0718084012984
0.076096978682
0.0773261200621
0.0786907569984
0.0773717579726
0.0752246283471
0.0758131654664
0.0772276993247
0.078335431619
0.0797908874095
0.0790993549832
0.0773938985369
0.0789597946995
0.0808269620468
0.0813604012757
0.0821138367625
0.0821115152465
0.0803545761644
0.076684170165
0.0739510394673
0.0742202883881
0.0756709994317
0.0773884806364
0.0815999334046
0.0814509895593
0.0755024012349
0.077885284084
0.0800957634509
0.0833669289869
0.0832125826701
0.0810350632503
0.0800195986282
0.0822109032051
0.0821746462
0.0839263481274
0.0854908123928
0.0862453889655
0.0869919472077
0.088314802343
0.0891996016436
0.0882003099074
0.0888508448616
0.0888419679004
0.0889714817087
0.08877762586895
0.0866982138342
0.0834703825615
0.0815727960025
0.08156681907
0.0814283042542
0.0811097307203
0.08347008496648
0.0841761420917
0.0805678465008
0.0776764134102
0.0809608559786
0.0802255801557
0.0847070132121
0.0883793938594
0.0909506321505
0.09259786233298
0.0948085192626
0.0967502657577
0.09665257527778
0.0967255614782
0.0952210522967
0.0942485166176
0.0954238974688
0.0959483526186
0.0970421588776
0.0969580408332
0.0965691609907
0.0951452450907
0.0935757387793
0.0936613230736
0.0951137255024
0.0958181559649
0.0949948893588
0.0945659047098
0.0923999360169
0.0946410522716
0.0933754342321
0.0929973795477
0.0941293016821
0.0929168967371
0.0911814154412
0.0903875707378
0.0914035474636
0.0938722425324
0.0944536766104
0.0943033033143
0.0966411476287
0.0989355038655
0.100698396778
0.0998295792623
0.0977751893701
0.0941044582927
0.0935601987561
0.0932283133003
0.0936637817855
0.0949923726566
0.09564688481166
0.0948774882885
0.0956367335851
0.0975648741314
0.0976848435803
0.098287578582
0.100655910281
0.10069422909
0.101451199894
0.103072933415
0.104672356663
0.106116459554
0.105843659299
0.10531636988092
0.10573096944551
0.107733256604
0.109750898914
0.111233633863
0.112030092534
0.112405054089
0.112217006878
0.112581571062
0.113535525016
0.114130994733
0.11449394719
0.11463631153
0.115268133585
0.116513038873
0.117367700593
0.118327092662
0.118620769584
0.119478126216
0.120585525367
0.121923486256
0.123292120487
0.122568462535
0.122181836971
0.122942956054
0.123119251719
0.122921555035
0.123770355046
0.124161393629
0.124880349355
0.125450217592
0.126050151884
0.126791254765
0.127288748745
0.127418048312
0.128380397019
0.129690034686
0.130487919482
0.130995071549
0.130707264381
0.130621383724
0.13074564422
0.131156943921
0.13073705515
0.130661920323
0.130459159634
0.13122249435
0.131066635598
0.131762064957
0.132440277815
0.132573542672
0.133256962562
0.135413071237
0.136410096763
0.13667597254
0.137777949877
0.13799924958
0.137950107993
0.137783917781
0.137180664512
0.13739057697
0.137404360333
0.138170081096
0.139241541426
0.139321738215
0.139385978859
0.14055510418
0.141192333184
0.141803302725
0.142471133283
0.143442777343
0.144369756478
0.144759715228
0.14491710519
0.144927660679
0.144946557355
0.14536408716
0.146154376498
0.147104516082
0.147903721039
0.14826931684
0.148187147542
0.14852893307923
0.148628173275
0.148591060814
0.148673843542
0.148521683036
0.149093492629
0.149741469134
0.149804336597
0.15024493107
0.150779988807
0.151093826936
0.15187646455
0.152178576727
0.152976138907
0.153562377363
0.153602573743
0.153610736942
0.153744555778
0.153695128458
0.153353336949
0.154038537844
0.154356867148
0.154653056616
0.155004107394
0.154912914175
0.15564073132
0.156083416303
0.156683374235
0.157068063671
0.157180353531
0.157543559108
0.158271498878
0.158879528959
0.159039895687
0.159447356269
0.159565773707
0.159340317666
0.159136401569
0.159159691762
0.159190034288
0.158752305573
0.158538793379
0.158215277697
0.158704426109
0.159175745948
0.159769694209
0.160199287162
0.160583680644
0.160906083541
0.16080290492
0.16075306615
0.161310864648
0.161957017946
0.162728474047
0.163447556944
0.163580481114
0.16357655135
0.16365745502
0.163894579126
0.16434483677
0.164858045892
0.1651950596901
0.16538687564
0.165546823903
0.165685602293
0.165873689187
0.165942715412
0.16626669238
0.166958733811
0.167379689323
0.167607250655
0.167937427117
0.168065442189
0.16804757592
0.168112291225
0.168466111854
0.16883501632024
0.169123474959
0.169179137434
0.169323407674
0.169757919245
0.16997827757
0.17039112764046
0.170757369639
0.17076302174
0.170953901239
0.17105672987
0.171502380408
0.171784384216
0.172031443886
0.172726063877
0.17334002166
0.173423531036
0.173537373644
0.174081874294
0.174388517325
0.174353348356
0.174586064932
0.175118709819
0.175910049122
0.175974361639
0.17643643472
0.177063860574
0.177208101647
0.177380387307
0.177522814109
0.177957092568
0.177779346342
0.177918103013
0.178443594584
0.17844194776484
0.17846751826
0.17868548882694
0.17860949602602
0.178769088967
0.178681931908
0.178745023203
0.179341851688
0.180466132835
0.18090659072946
0.180804351667
0.180837824518
0.18127596384388
0.181955355791
0.182435817281
0.182899316313
0.183698093999
0.184217789082
0.184725192812
0.185136587312
0.184820368452
0.185135010047
0.185698983384
0.186213545121
0.186724333715
0.187385091916
0.186946458287
0.187124148095
0.187261305199
0.18775344672
0.188257133601
0.188618823083
0.188996586197
0.189264360436
0.189898996812
0.190243841346
0.19090046143
0.19163168879
0.191806238229
0.191756834777
0.191734667234
0.19181006452
0.191739136497
0.191838510969
0.192189289176
0.19277735599
0.192774737561
0.193456085309
0.194237056463
0.194587528188
0.194993648246
0.195156581158
0.195261532828
0.195279675836
0.195239880301
0.195317149658
0.195430173096
0.19555852328
0.195582136441
0.195729122249
0.195713088513
0.19566700016
0.19568815605
0.195733521958
0.196009124128
0.196356025894
0.19643939493
0.196366273871
0.196327976427
0.196067563023
0.195951434589
0.196147907299
0.196306985654
0.196483808726
0.19705134926
0.19743252968
0.197410839007
0.197396865624
0.197788179349
0.197818255551
0.197763287173
0.19780567574
0.197983740763
0.198132286715
0.198290088128
0.198249982631
0.198214917105
0.198154662671
0.197851705533
0.197732233909
0.197209981346
0.196893265731
0.196593029842
0.196546459802
0.197207188199
0.197364993134
0.197218772609
0.197184428586
0.197220810469
0.19724729365
0.197011366608
0.196236269067
0.195008831024
0.194655910206
0.19470420451
0.194553300122
0.194285003293
0.194202124514
0.194014752948
0.193738044356
0.193029097493
0.193014851471
0.192918487714
0.193287245866
0.193461603477
0.193738651639
0.193833649999
0.193669059621
0.194018878615
0.194100855943
0.194081528044
0.19425108583
0.194140726926
0.194505456916
0.194192830666
0.194146840694
0.194160905475
0.194441501998
0.194724835051
0.195158995714
0.195190472784
0.195096750558
0.194933542858
0.194886990021
0.195014693399
0.195272204218
0.195328984392
0.195199584109
0.195358775847
0.195603131093
0.195578390196
0.195542304167
0.195865495927
0.195595449453
0.19587227701
0.1960736966
0.196253797294
0.195966794625
0.196168622099
0.196449651895
0.197127625367
0.197081875364
0.197535249258
0.197660301872
0.198134963771
0.198744651217
0.199840364045
0.200300716111
0.200570532875
0.200675183419
0.200679073072
0.201247931616
0.201829403142
0.201866476775
0.202138089973
0.202074973444
0.202128382521
0.202148047674
0.202195105491
0.201668650072
0.20105525002
0.201039650554
0.201058967356
0.200806818025
0.200677965937
0.200457125872
0.200596923193
0.201128818483
0.201578020928
0.201883052582
0.202214053206
0.202272531097
0.202460716429
0.202703070507
0.202474239272
0.202489512614
0.2028627758
0.20257667994
0.202559636541
0.202435820466
0.201872585856
0.201740373629
0.201432326483
0.200682513063
0.200616424086
0.200433032374
0.200730026024
0.201086713967
0.200883011329
0.199877470715
0.199364213898
0.199517662639
0.19896616514
0.198917623499
0.198810692846
0.198506574674
0.198923806633
0.198486307404
0.198070020511
0.198568465192
0.198024848924
0.19736364161
0.197061991642
0.196244628317
0.195895057386
0.19626895893
0.195334345238
0.195731392881
0.196697232577
0.197335844504
0.196362025429
0.195682504162
0.194937630506
0.194172107389
0.193566896033
0.192870999484
0.19208173767
0.192308812856
0.191134737481
0.190539702212
0.190183251527
0.192578603618
0.193664757261
0.193729961758
0.19294172747
0.193346176761
0.193067397433
0.193426637476
0.193787576749
0.193633028812
0.193220206066
0.191562970304
0.191605513154
0.190511343433
0.190185517439
0.189354763539
0.188732289332
0.189513372253
0.190250059081
0.191043350579
0.190239847991
0.190313130241
0.190579710077
0.189937802792
0.192501709558
0.195211538706
0.196483107296
0.196434581936
0.194652165793
0.193957348639
0.195143409538
0.19594175147
0.195505246827
0.194831383575
0.195665804953
0.196979780432
0.196928873819
0.195105149629
0.193894670589
0.195524193236
0.195805153224
0.196354097527
0.198084937301
0.196904755975
0.197412324765
0.198399884425
0.199628638088
0.201841578784
0.203810048267
0.204149135163
0.202249045317
0.201919550731
0.202626460985
0.202532893315
0.202328044877
0.201889174132
0.199348760499
0.200252781026
0.200340318838
0.199969520404
0.20006954607
0.198692933562
0.198774549583
0.201165574578
0.204103135804
0.203621472229
0.203177640958
0.203979936933
0.205947723673
0.206832978039
0.206489511483
0.206787500092
0.205218947792
0.20352786871
0.206153274294
0.206959792577
0.208340938521
0.204991378876
0.205952560828
0.208474844134
0.20811629166
0.208061635812
0.207955042815
0.208392766236
0.210104240315
0.209239935492
0.208771813447
0.207138922096
0.206147070246
0.207365399586
0.210279491062
0.212899726513
0.212008062035
0.212056906452
0.212626964744
0.210664163354
0.210255532026
0.2115864847
0.212413834426
0.208918087294
0.211820356588
0.211394774441
0.210542439847
0.208809256187
0.212013950613
0.212901010284
0.214298691592
0.216417272647
0.217395241597
0.217721946602
0.216687000485
0.217255217599
0.218148958281
0.220018971818
0.218699883532
0.218124281231
0.217949167142
0.219280254479
0.219199263607
0.218712797349
0.216968358309
0.21393952418
0.215196819988
0.217324815132
0.218357840821
0.219692963433
0.219604189448
0.22099904609
0.221899609001
0.223245390952
0.225075520607
0.225258225262
0.228320920375
0.228896330683
0.228888823141
0.228684624408
0.228126274163
0.228269634322
0.229120483405
0.230656220647
0.231022046183
0.231378325611
0.230891682819
0.23066233661
0.231859811951
0.233150299374
0.233966593203
0.235299406176
0.235969241995
0.236060678881
0.235795638427
0.23541623112
0.235331947526
0.236282521596
0.23801163767
0.238846578317
0.240304464106
0.241358630382
0.242316387133
0.243335515664
0.243712591844
0.243592927922
0.243072787755
0.242441906501
0.242798797217
0.242049823577
0.241568606523
0.241774611528
0.241675372369
0.241030484727
0.24197568927
0.242872250428
0.243491720174
0.243572197825
0.244445363866
0.244477176647
0.244871622047
0.245326833073
0.246243284746
0.246500657735
0.246713534718
0.247025897978
0.247397120756
0.24753820328
0.247922865263
0.247708856152
0.248042450918
0.248541880141
0.247822029668
0.24720461714
0.247754705198
0.247521690933
0.247706935205
0.24738772701
0.247615246801
0.247126008752
0.247622718929
0.248173364863
0.248935893876
0.249017838291
0.250053725238
0.250565009055
0.251457128378
0.252595332202
0.252987498198
0.253358115786
0.253522871521
0.253545388256
0.253787275115
0.253742411382
0.253503548377
0.253442741677
0.253712759556
0.253167672236
0.254021615251
0.253741055319
0.252252334739
0.251956081343
0.251587244194
0.251276927098
0.250707471143
0.250646682464
0.251581311163
0.252923729689
0.253286459856
0.254210512072
0.255611795989
0.256568442755
0.254971101588
0.254687184496
0.254968294492
0.256600134218
0.256990647346
0.257359897844
0.25819923061
0.258166339517
0.257848261937
0.256420711768
0.258007530597
0.257915923007
0.255732100962
0.254869518025
0.255800966118
0.256948480004
0.256644259142
0.258088375189
0.25836816144
0.257364695562
0.255795267072
0.255325721987
0.255942613903
0.254606932529
0.251439164522
0.253519853142
0.253820728671
0.256684287737
0.256969822873
0.257399953838
0.258758430053
0.259589383614
0.26049886452
0.260553493059
0.262487390572
0.261769932736
0.261703537468
0.262969521468
0.262381208152
0.2627671671
0.264414540999
0.264798154094
0.26476405363
0.26553657283
0.26411737449
0.263196386166
0.263410713601
0.259159897724
0.257443110088
0.260650193011
0.258073972684
0.25814640453
0.264318857839
0.266039362195
0.26550590171
0.263633314468
0.262446476046
0.261422390827
0.263249806822
0.267846151421
0.270647570061
0.269704532005
0.269953157294
0.271470550337
0.269596764464
0.269563033898
0.266785333187
0.268013225316
0.271927968273
0.27315441224
0.273831280851
0.274832332864
0.273566964312
0.274129789322
0.274533669003
0.272433284956
0.272039553701
0.272525173259
0.271194979545
0.272008038534
0.276455682342
0.278174960751
0.280103302473
0.28139686115
0.282060811509
0.282863846578
0.284022820459
0.284146743142
0.283468562148
0.283270717498
0.282528622918
0.282249316842
0.283042025585
0.283376671325
0.283026887223
0.282255000936
0.282257544765
0.282138981677
0.284392511913
0.284340990092
0.283942226112
0.283274368299
0.2849227609
0.285555153844
0.285466844487
0.286736353351
0.287900558383
0.288463191609
0.287590843775
0.287452525195
0.289018696023
0.2895564094
0.290116856714
0.290002564561
0.290143745051
0.290310492317
0.291044485805
0.291843533375
0.290986101101
0.290100770382
0.288628985982
0.289357527444
0.289999629978
0.289624254545
0.289286675429
0.291253762533
0.292623890473
0.294076430169
0.294585154859
0.294305999474
0.293886765326
0.294816186798
0.29613802752
0.296047266699
0.295924731004
0.296211338492
0.297667253357
0.298922729395
0.299000868372
0.298434819655
0.296962432147
0.295693514099
0.296452667686
0.296937146986
0.297024474752
0.296310461311
0.296808675778
0.298301509287
0.299230332308
0.300406726951
0.300453358448
0.300344967346
0.300683012256
0.299438716504
0.299595445895
0.301262938197
0.302380899946
0.302402059858
0.301522945791
0.301952557702
0.303220336831
0.303403394466
0.304523677348
0.304169673268
0.303601873173
0.30445396371
0.304936117164
0.304767472035
0.305561852362
0.306359641996
0.306508586855
0.305649484141
0.305409693859
0.306686846944
0.307827920118
0.308219610251
0.307702299702
0.307660631495
0.308269244936
0.308172298396
0.308501739954
0.309753860077
0.311021381017
0.310642444674
0.312444697265
0.311905037978
0.312356942026
0.313365143285
0.312469414584
0.312157526353
0.311622608524
0.311124273082
0.310930886488
0.3099542695
0.311343214438
0.311325640631
0.311711163669
0.313480341864
0.314487102318
0.315645093811
0.315690901956
0.316742047471
0.316667437076
0.316030766975
0.316901150411
0.314543202039
0.313276839838
0.315680395231
0.315845764047
0.316551264006
0.320140926734
0.321693498806
0.323296544253
0.321864833805
0.322364118522
0.322408418748
0.322588503412
0.323670381814
0.323766373205
0.322527225785
0.323017170676
0.324574181722
0.325721314321
0.326894733827
0.326459944169
0.325979406148
0.325125082741
0.32613746873
0.32770988706
0.329231638331
0.330234320831
0.331246003551
0.333931742787
0.335775077319
0.337337088202
0.337180164632
0.336968959515
0.337652688983
0.337589713737
0.3378695713
0.338091540088
0.336713466945
0.336105436541
0.335694969116
0.335526880815
0.335324733236
0.335858881386
0.33629198044
0.336643650347
0.337469609849
0.33719077087
0.338801765827
0.339705624333
0.340364187029
0.341464649475
0.342756373908
0.343093202865
0.343124636913
0.343149480277
0.344181139985
0.343691866328
0.344205223351
0.344398293745
0.345233467029
0.344750282103
0.345411308771
0.344652988545
0.342675790498
0.341103864143
0.341254491467
0.341053470271
0.341067252836
0.342092633299
0.343126624101
0.343732975406
0.3442630673
0.345679494624
0.347669161407
0.347615589389
0.347108784642
0.348563646942
0.349739642038
0.350500870214
0.351640735387
0.351338942554
0.351379960064
0.350786475873
0.351277605401
0.351578418654
0.351214818655
0.351709547466
0.351201494503
0.350810956263
0.350658133765
0.350255913401
0.351203354567
0.350934109996
0.351414137187
0.351608289741
0.351471503469
0.353082651163
0.354222189537
0.354085883622
0.354177563798
0.354681578284
0.353874818321
0.353629251156
0.352032530269
0.353349457188
0.354928171319
0.355078594325
0.356787583827
0.358627401377
0.359473416268
0.360474800942
0.3598238174
0.360697687275
0.360565144127
0.360780519685
0.36068826133
0.360871570373
0.35978743798
0.36031054082
0.359942428193
0.359555628861
0.359455830922
0.360293510326
0.360151013008
0.360689100214
0.362367972171
0.364176243861
0.364510988509
0.363559391716
0.363840124698
0.364581997298
0.365193222521
0.366427795241
0.367585168713
0.368554084838
0.368513679494
0.366841524327
0.367313592412
0.367694997828
0.367737569397
0.367784285456
0.36873854857
0.369444919315
0.370531051082
0.370656721505
0.371801151767
0.370257942907
0.368626965741
0.368174659864
0.370571744708
0.36958562141
0.37331632307
0.373121979504
0.370964031187
0.37235440277
0.374096597292
0.375825129268
0.376424356087
0.377801632752
0.376998669325
0.377747999368
0.378381084666
0.379188554999
0.378159453404
0.376831434161
0.375615613236
0.37469786701
0.373465509219
0.371477800514
0.370633651188
0.368570934459
0.370936215107
0.373003581371
0.375619952809
0.37705760074
0.378006457082
0.37935761818
0.38245320829
0.383784376615
0.385403872689
0.385117958783
0.38400487175
0.383237706402
0.382634497736
0.382806284339
0.382937069351
0.381230333945
0.379948016124
0.37871301443669
0.378586950525
0.37528037758
0.379832914229
0.382537000817
0.38592634613
0.386484564221
0.388368509827
0.388906667647
0.388643466253
0.388829208709
0.389148491351
0.387839132923
0.388753134337
0.388180544409
0.388365790865
0.388769215832
0.389714679997
0.391186355017
0.39224260003
0.392184139199
0.390504949972
0.389191626367
0.383720378425
0.386885613468
0.391345961479
0.392460539117
0.391560321031
0.392945679211
0.393760402393
0.393760842041
0.394264147147
0.394991970252
0.394805900418
0.395093077841
0.39741259064559
0.399128088113
0.398326837744
0.398148113005
0.398431731236
0.398304318291
0.396684276633
0.397379954958
0.398105346579
0.398244568027
0.40165057272
0.400743835146
0.401792208418
0.403985136254
0.405667614142
0.404433283561
0.404052762488
0.404175101925
0.403998088402
0.405515244687
0.406330393172
0.405643807676
0.406127614097
0.406346327431
0.40667387994
0.408975320529
0.409902755573
0.409292106049
0.409607907405
0.4111334696932
0.412813637051
0.414425226401
0.414764828737
0.412648846342
0.410201197322
0.409895415227
0.412555817379
0.413099684466
0.412569037237
0.412664619212
0.412528186916
0.41162854133892
0.413405989844
0.414556274809
0.416459754192
0.417449159474
0.418129737248
0.420050980239
0.419044013522
0.418402221013
0.420716890466
0.418733618214
0.41746544743
0.417099691195
0.417154450019
0.420884310074
0.422493525265
0.422475358619
0.423818827954
0.424357316204
0.424559886694
0.426142839626
0.426775729426
0.426420922742
0.425600242619
0.423446853685
0.420670882945
0.42372830056659
0.425800199295
0.426883867579
0.428152759044
0.429816423985
0.429627561458
0.429980180563
0.430879907916
0.431807615884
0.432882698932
0.434235968217
0.435324601715
0.436487554367
0.43660151253
0.436725411365
0.437576674869
0.437494432723
0.437723635607
0.438616269754
0.438560288544
0.439392705413
0.439157102245
0.43975778338814
0.440261119214
0.440614638603
0.439910046978
0.440516163754
0.441764106275
0.444201714424
0.445217503269
0.44574549077
0.447149438861
0.446992638519
0.446945256807
0.447107722223
0.447172924784
0.447535107119
0.447165838802
0.447817914411
0.448232167458
0.448829539554
0.449825745012
0.451395059975
0.453586291195
0.454102033537
0.454289320362
0.454897222976
0.455174674937
0.455864171079
0.456994928329
0.457561546053
0.458055047238
0.457767518883
0.457510987824
0.458141314175
0.458413591197
0.458444851158
0.458998165655
0.460333858509
0.4611506143
0.462311050876
0.462496778655
0.461980156417
0.46268763
0.463453335885
0.463964103899
0.46449113168
0.464744028119
0.464014235096
0.464297114528
0.464183098202
0.464072453363
0.463175854038
0.462836052818
0.463093876263
0.463480957758
0.463736162033
0.463304254595
0.46385725638
0.464603267246
0.466119160314
0.467126238908
0.464413000701
0.46341058487
0.46555122409
0.464467622303
0.462265177761
0.460923716063
0.460833829992
0.463080949393
0.46579037859
0.467272695391
0.469479078006
0.468801267224
0.468436323151
0.46778594124
0.46653168476
0.464787943096
0.46077075206
0.460281386755
0.46084394664
0.463137660211
0.464141929233
0.464685504751
0.46665300363
0.467897636991
0.468240802804
0.469840289945
0.468567754141
0.467272882361
0.465910780128
0.468308930472
0.469006745662
0.467228099979
0.465382246498
0.464771511004
0.465863093198
0.470464205627
0.472819390527
0.472728534002
0.473753577947
0.473694393726
0.475171575096
0.477469370518
0.478777917186
0.478708090852
0.480627517818
0.48094970011
0.481934962628
0.484600655568
0.487241516229
0.489018939972
0.487942561837
0.490116233818
0.491236587617
0.492670010584
0.494932608029
0.496163199405
0.49806918945
0.499706031776
0.500899315051
0.501522059348
0.501920766908
0.501305468443
0.501780087679
0.501884779448
0.502007604361
0.504292862108
0.50597342662
0.507121330931
0.50779191248
0.50813880967616
0.508395877243
0.509706944625
0.509717726209
0.509399249606
0.508582583862
0.508970186413
0.509354738226
0.509611320239
0.510293312084
0.51128013481
0.511713272363
0.511983553616
0.512832175441
0.514778479388
0.516109793706
0.516854120022
0.517122891168
0.517950790027
0.517725511567
0.517569034988
0.518665430522
0.518630595609
0.518946774836
0.518273136684
0.517417645679
0.517065727819
0.519729410769
0.520080904126
0.520920065558
0.522504344752
0.524028933366
0.524074659227
0.524159120871
0.524743625641
0.524620414496
0.525017334061
0.525022044574
0.524652249351
0.523716661133
0.524234927462
0.523753477149
0.52440719938
0.524004493715
0.524476412
0.525557170365
0.526465439681
0.528038619949
0.529082878065
0.529656128063
0.529511488814
0.528854584924
0.528871656074
0.529218634948
0.527299819879
0.52643258518
0.526115705465
0.524847829313
0.525303476636
0.524924205627
0.525602838187
0.526739892668
0.527381846859
0.528244215117
0.525522793293
0.526182249457
0.52704537679
0.527655178144
0.528145071246
0.525257213243
0.524075417546
0.526770969492
0.52823401947
0.528165052383
0.526214804072
0.52503177553
0.522706019008
0.528347882489
0.529122877296
0.528550600515
0.529144687938
0.532359867356
0.534006659366
0.532746885799
0.534037533536
0.531987643422
0.531720698128
0.534441404586
0.53603495587
0.536254649667
0.536538568994
0.53579171827
0.535124410108
0.532805895923
0.531184801503
0.5335073685
0.532524996318
0.539107380989
0.541119337603
0.54658642419
0.547132800466
0.550807303685
0.551209913284
0.546752347663
0.546439459675
0.543536209958
0.542997456682
0.545275286258
0.548049244361
0.550813037677
0.551575392301
0.555563463078
0.558903654578
0.557226019127
0.560315795555
0.562404613932
0.563406188322
0.563073217298
0.565304639776
0.567139944206
0.567995929909
0.566000507864
0.566800384439
0.567723110477
0.570294703825
0.571167858059
0.572703076077
0.573629124419
0.573599201055
0.57526020399322
0.577479042557
0.579168458039
0.580184093408
0.581054914528
0.58151965895
0.581313737679
0.581926371506
0.583779623688
0.584120154679
0.584945298691
0.584644911106
0.586110397831
0.587238795407
0.587893234605
0.589995400224
0.591123369041
0.591877807927
0.59315524605
0.593897180175
0.593676041805
0.592948446076
0.592941954453
0.59285234886
0.594103021206
0.593435144637
0.594010805387
0.595747991732
0.595934673424
0.595005423283
0.594847046485
0.595818749658
0.598476113413
0.598522672548
0.597517860247
0.596564612877
0.596430493678
0.599066826799
0.600259306348
0.599248406394
0.598634996979
0.598424284109
0.601648071607
0.604184206727
0.604472455572
0.604087872011
0.604027029853
0.605715573074
0.606539955383
0.606237479779
0.607404366823
0.608030887008
0.608943407644
0.609317914327
0.607146960724
0.608653134583
0.609364127694
0.611733009966
0.614166538213
0.616256517871
0.617314408033
0.618101989957
0.618842239403
0.620193669575
0.621332159636
0.62251626955347
0.62522143384
0.626297684628
0.626810109927
0.627693474731
0.628709547236
0.629944131052
0.631279229541
0.631026331361
0.631188432104
0.630982996215
0.632327790254
0.63455197720146
0.636411897053
0.638208667891
0.639197943408
0.640905408667
0.641882813023
0.641789264632
0.642504291037
0.643239753465
0.643577122464
0.644855729342
0.645387721645
0.645129020314
0.645819641681
0.647177539337
0.647308253577
0.648221974896
0.648856587364
0.649390072941
0.650896217893
0.650826606963
0.650872127827
0.650903284747
0.651409793519
0.651960418788
0.653851870135
0.653905224715
0.654401817151
0.654852418812
0.653843429157
0.654271347189
0.653807217891
0.654005687205
0.654308901153
0.655786209242
0.654337803601
0.654584193568
0.653536553161
0.65354208224
0.65284988195
0.651055911894
0.651367632691
0.652136105975
0.650536509147
0.65042069743
0.651223524664
0.650566832834
0.651762544267
0.655525428547
0.654259058269
0.652466008588
0.654205132503
0.657578606802
0.65869267486
0.659933024257
0.660195819546
0.66276755987
0.665172812944
0.665811087395
0.666163398553
0.667365645151
0.669268800193
0.671847707299
0.672996106781
0.674956848102
0.677228623024
0.678135431688
0.679231133285
0.679294364289
0.679641948386
0.679639048659
0.679566819482
0.681237753085
0.681893772341
0.682045577341
0.68190356877
0.683145334765
0.684505156061
0.684514854036
0.685961185263
0.689127770582
0.690287534467
0.689823010914
0.687881643312
0.687571613576
0.689158214269
0.68970984253
0.691114493281
0.690549320955
0.690988418622
0.690261180229
0.691779477538
0.693236541055
0.695950603531
0.696796377896
0.697705336079
0.698247599652
0.698010941888
0.697330451776
0.698652668128
0.696829082833
0.696179634286
0.697070221863
0.699617612714
0.700894502375
0.701749994054
0.702066952312
0.700917213187
0.702128396331
0.702695220887
0.703652130248
0.704341392481
0.704657704319
0.704772728264
0.703409164448
0.706253034056
0.706896594153
0.706085752571
0.706170697908
0.705294868696
0.706012957395
0.707216098844
0.709177575816
0.710612502275
0.70949559108
0.709711378373
0.711956373689
0.717236087947
0.716771709987
0.716455591261
0.718883703763
0.718280934719
0.71382622233
0.714926209266
0.713055756441
0.712613381399
0.715486349669
0.712033322318
0.722162218883
0.72401914841
0.727629168355
0.728149675469
0.727241805959
0.729648391103
0.730014224694
0.73307529659
0.732795072882
0.732076461331
0.73221464841114
0.729935743937
0.731941876487
0.733736968828
0.735672334067
0.733847446428
0.735811743629
0.737002611177
0.740651934558
0.743436036099
0.741925269906
0.741969107434
0.744448040556
0.745705746774
0.743287349238
0.745262816747
0.745592428803
0.746537352305
0.746089892396
0.747703263403
0.748956774486
0.748088531232
0.750287458518
0.750900372431
0.751223962551
0.754853758682
0.758893214293
0.761931721969
0.763003853673
0.763467341982
0.762985039147
0.763777473879
0.76539682640416
0.76771264065
0.768359240589
0.771286179434
0.773108903874
0.773268480768
0.774130967696
0.774024069372
0.774329604739
0.774201897267
0.775802052878
0.777863542704
0.77927847178
0.782041795133
0.782122537646
0.780232987062
0.780737990094
0.78210451896
0.784267474396
0.786358774784
0.78621246755
0.786773128591
0.787310538967
0.788411353701
0.786731137034
0.784130064374
0.786739224753
0.784571785622
0.783385522716
0.787046050676
0.790404836318
0.793610989914
0.791934657635
0.788549408608
0.788791948141
0.790243239264
0.788279872961
0.793646797265
0.796094020358
0.799549561833
0.801887069157
0.802625099103
0.802753879697
0.801012804333
0.804222258674
0.807902898443
0.810116160748
0.81023394808
0.814381208735
0.817964832963
0.819367767303
0.821511678909
0.822946057733
0.822292113412
0.823821589879
0.829159897641
0.832840192895
0.838346250371
0.841733164671
0.845832304523
0.847829710514
0.849226718765
0.85212938182
0.855332035985
0.858888159457
0.862051602958
0.865331223517
0.868089076601
0.869828332982
0.872051650783
0.873452034867
0.875434794438
0.877554274905
0.880142381225
0.881892884322
0.883840873517
0.88578150585
0.886521349339
0.887577275491
0.889532610812
0.890725152773
0.893575234092
0.896464925076
0.898768963564
0.899779248843
0.901965773405
0.904264104842
0.906590078579
0.908722228442
0.911281487122
0.912718764179
0.91356650423569
0.915050729356
0.91722396474131
0.918333463921
0.919024455387
0.919612741922
0.920961914077
0.921747341805
0.922224697847
0.921969058952
0.92307967365
0.923635295939
0.924103135276
0.925545198847
0.926951487028
0.928054258622
0.928048938606
0.928948570987
0.928879433148
0.928667875185
0.928965740362
0.929687344295
0.929849129496
0.929879243809
0.929580887082
0.929235492587
0.929461137249
0.929309953159
0.930280846252
0.930048436222
0.930644252997
0.931107413654
0.931365225043
0.931337982125
0.930127651434
0.928978390639
0.929104158266
0.929203717764
0.929962443247
0.930443977981
0.930576289248
0.930227730586
0.93065996555
0.932501731958
0.934643004948
0.937488996459
0.940081207327
0.944091197828
0.948632712685
0.952130924785
0.955310082921
0.95741345886
0.960893806325
0.964424252722
0.967624419889
0.971504035721
0.975215744447
0.979336867817
0.983877387717
0.988976259795
0.993937413125
0.998207940938
1.00214104186
1.00661942979
1.01051617544
1.01415669881
1.01764321573
1.02111283829
1.02489789798
1.02858288629
1.03254845015
1.03599954415
1.03937229805
1.04288053494
1.04616291854
1.04942832764
1.05245139082
1.05543710103
1.05835516326
1.06142671314
1.06417980571
1.0673538418
1.07057804411
1.07354184045
1.07597246363
1.07812093017
1.07999025105
1.0814750406
1.08327387991
1.08377676155
1.08415532227
1.08368287157
1.08410145647
1.08303420216
1.08206695502
1.07984210252
1.07571992966
1.06984735261
1.06078738712
1.0471821011
1.03059074826
1.01511855835
1.00208112097
0.991735160875
0.98416040682
0.976835712158
0.973221755127
0.969968986116
0.965236588201
0.971047709014
0.976092955274
0.97158871028
0.971197071097
0.975673586383
0.980991741087
0.977162698125
0.978773565827
0.979680281526
0.98139757796
0.987890383206
0.989415638267
0.987429938154
0.986116030918
0.994466691023
0.997300652571
0.99738583
0.994543095781
1.00446295432
1.00396373205
1.00263154858
1.00640076633
1.0082019065
1.01141694277
1.01080349129
1.0132213991
1.01555207609
1.01824040534
1.02076810417
1.02135288346
1.02043021208
1.0272276525
1.02655930287
1.03121702425
1.02972541134
1.02904070573
1.03605474318
1.03678206895
1.03589072903
1.04055367178
1.04423022761
1.04286287759
1.04602519935
1.0487267569
1.05101534797
1.05149903712
1.05093424777
1.05608693858
1.05689189819
1.05926959117
1.06455024104
1.06151720247
1.06732975164
1.06752378231
1.07408184286
1.07549337484
1.07610852514
1.0802469129
1.08198475498
1.08476367046
1.08615238462
1.08817293935
1.09301415745
1.09470956377
1.09543744253
1.09885051483
1.10145670371
1.10253527308
1.1018288738
1.10781617046
1.10773220878
1.11003741112
1.11173067225
1.11536342331
1.113837005
1.11638160503
1.12261206619
1.12317792874
1.1266047808
1.12799937889
1.13219441645
1.12981845815
1.13399316144
1.14002992982
1.13779593449
1.14268497949
1.14740484768
1.14447302073
1.14655097025
1.15546343058
1.15218132363
1.15665199026
1.16135510845
1.16381459281
1.16078777424
1.16940927049
1.17154689697
1.17310739461
1.17146790803
1.17925415114
1.18108070801
1.18068493074
1.1867077146
1.18449545445
1.18494268346
1.19235161118
1.19300792431
1.19456723179
1.19888289755
1.20063435138
1.20270962107
1.2070089069
1.20734826103
1.21307271182
1.21817606088
1.21885061359
1.22201581135
1.22583962009
1.22685218345
1.2286867953
1.23302041363
1.22879578236
1.23834822415
1.2428167521
1.2465181859
1.25378623122
1.25908552108
1.26002433216
1.26278794715
1.26981690971
1.27584753356
1.27428369889
1.28717919355
1.29040753439
1.29410032892
1.29788901887
1.30088828015
1.30163815894
1.30308304759
1.30304366003
1.30425431853
1.30388313822
1.30198186574
1.30685618459
1.30966633937
1.30602558828
1.30271057826
1.3055947428
1.30879793247
1.29861861946
1.29987693415
1.31048716568
1.31740137701
1.30587133616
1.31341928337
1.31223046047
1.31997396786
1.32676778346
1.33828025647
1.32564159328942
1.32448112212
