#Accu for VK from AICC2012.
0.021888
0.021889
0.021891
0.021892
0.021894
0.021895
0.021897
0.021898
0.020483
0.021931
0.022567
0.020264
0.018815
0.020018
0.020604
0.021526
0.021062
0.020608
0.022335
0.024422
0.022552
0.022249
0.021772
0.020059
0.019544
0.019199
0.020368
0.020877
0.021899
0.021605
0.019823
0.019313
0.02046
0.021758
0.021642
0.020577
0.020578
0.021646
0.0215
0.021443
0.020528
0.021859
0.022432
0.020504
0.020816
0.021481
0.020819
0.01944
0.019176
0.021254
0.022567
0.021874
0.021727
0.021907
0.021145
0.020241
0.020298
0.019696
0.019401
0.020442
0.020137
0.019891
0.019838
0.020308
0.021044
0.022255
0.021482
0.021193
0.02131
0.021051
0.02091
0.020346
0.020713
0.022206
0.024185
0.020296
0.019532
0.02072
0.020892
0.02255
0.021532
0.019673
0.021712
0.021981
0.01995
0.018701
0.020932
0.023088
0.021339
0.019711
0.019604
0.02074
0.021579
0.021085
0.021878
0.0223
0.021263
0.020948
0.021499
0.021796
0.022429
0.02234
0.020446
0.020476
0.02259
0.023245
0.023122
0.022111
0.02094
0.02123
0.022058
0.021643
0.020891
0.020779
0.020752
0.020472
0.020168
0.020336
0.021133
0.023089
0.024209
0.024212
0.024214
0.024217
0.024219
0.023736
0.022456
0.021501
0.020555
0.021069
0.022556
0.022103
0.020117
0.020934
0.021457
0.020938
0.022356
0.022449
0.021436
0.021733
0.02264
0.022306
0.022278
0.023049
0.023051
0.022498
0.022166
0.022289
0.0222
0.022031
0.021866
0.021699
0.02176
0.022424
0.022981
0.021915
0.020867
0.021786
0.022742
0.021865
0.021579
0.022334
0.022678
0.021193
0.019446
0.020272
0.021626
0.02108
0.02103
0.02286
0.022868
0.021547
0.020717
0.019972
0.0202
0.02117
0.021149
0.020361
0.020118
0.021085
0.022245
0.022132
0.02202
0.0217
0.02078
0.021189
0.022263
0.02218
0.023111
0.022197
0.022265
0.022153
0.020955
0.021223
0.020658
0.020609
0.021015
0.021283
0.021117
0.022798
0.026307
0.023364
0.020723
0.02087
0.021281
0.021877
0.021796
0.021334
0.02111
0.02106
0.020981
0.021278
0.02291
0.022519
0.020844
0.021345
0.021327
0.020733
0.021436
0.021564
0.021225
0.021381
0.022073
0.022786
0.022368
0.0216
0.020857
0.021068
0.02202
0.022031
0.023116
0.023284
0.0215
0.020902
0.020827
0.02101
0.021691
0.021672
0.021185
0.02184
0.021494
0.021297
0.022931
0.023315
0.02203
0.02008
0.020647
0.021578
0.021004
0.020983
0.020962
0.02077
0.020664
0.021129
0.021901
0.021582
0.021269
0.022105
0.022173
0.021971
0.022432
0.022563
0.023796
0.023935
0.022078
0.021536
0.021918
0.021093
0.020268
0.020154
0.019685
0.019655
0.019625
0.019274
0.018694
0.018434
0.017704
0.018149
0.018708
0.017721
0.017352
0.017839
0.017639
0.016241
0.015833
0.016145
0.016625
0.016414
0.015757
0.015755
0.016211
0.016683
0.017164
0.016928
0.016788
0.016557
0.016305
0.016445
0.016493
0.016868
0.017274
0.017276
0.016569
0.015732
0.016091
0.016713
0.017141
0.017676
0.018765
0.019001
0.01869
0.018979
0.018579
0.018188
0.017803
0.017426
0.017056
0.016694
0.016338
0.015991
0.016641
0.016393
0.015678
0.016176
0.016249
0.015961
0.015457
0.015246
0.015555
0.015278
0.014442
0.014345
0.014846
0.015084
0.015175
0.014652
0.013967
0.014111
0.014298
0.014141
0.014492
0.014415
0.013411
0.013649
0.01393
0.013545
0.013244
0.012802
0.012644
0.012649
0.012801
0.012771
0.012557
0.012347
0.012002
0.011152
0.01098
0.011441
0.011885
0.01196
0.012052
0.011395
0.01122
0.011809
0.011712
0.011649
0.01167
0.011776
0.011745
0.011305
0.01088
0.011335
0.011604
0.011759
0.011526
0.011005
0.011073
0.010789
0.011046
0.011931
0.011883
0.011397
0.011252
0.011477
0.011707
0.011984
0.011815
0.011365
0.011074
0.010821
0.010999
0.010922
0.011528
0.011904
0.011685
0.012014
0.011708
0.011409
0.011445
0.011498
0.011484
0.01157
0.011657
0.011592
0.011412
0.011431
0.011601
0.01162
0.011623
0.011534
0.011444
0.011818
0.012202
0.011892
0.011307
0.011211
0.011428
0.011397
0.011139
0.010743
0.010747
0.0111
0.011251
0.01118
0.01111
0.01104
0.01097
0.01158
0.011635
0.011061
0.010778
0.010687
0.010581
0.011026
0.011808
0.011366
0.010939
0.010943
0.010946
0.011126
0.011308
0.011544
0.011699
0.010899
0.010239
0.011116
0.012061
0.012083
0.012088
0.012357
0.012633
0.012025
0.011443
0.011597
0.011753
0.011911
0.011695
0.011316
0.011452
0.011897
0.01259
0.012668
0.012366
0.012335
0.012146
0.012133
0.012475
0.01239
0.012059
0.011787
0.011554
0.011507
0.01151
0.011869
0.012063
0.011705
0.010968
0.010609
0.010612
0.010803
0.010996
0.011473
0.01178
0.011331
0.010961
0.011093
0.011341
0.011527
0.011716
0.011933
0.012154
0.011457
0.010813
0.011154
0.011503
0.011864
0.012234
0.012613
0.013005
0.013007
0.01271
0.012419
0.012133
0.011853
0.01158
0.011283
0.011268
0.011302
0.01106
0.011207
0.01134
0.011692
0.012551
0.01268
0.01204
0.011817
0.011905
0.012022
0.012142
0.012263
0.012384
0.012032
0.011707
0.011657
0.011607
0.011812
0.01202
0.011899
0.011628
0.011461
0.011731
0.012288
0.012575
0.01298
0.013019
0.012964
0.012634
0.012436
0.013173
0.012655
0.012208
0.012748
0.013159
0.013066
0.01223
0.012231
0.012427
0.012109
0.012093
0.012093
0.012377
0.012666
0.012272
0.012167
0.012416
0.012615
0.012562
0.012365
0.012564
0.013288
0.012895
0.013026
0.013618
0.013216
0.013816
0.013896
0.013739
0.014078
0.014281
0.014988
0.015397
0.015096
0.014509
0.013943
0.014044
0.014145
0.014679
0.014868
0.014702
0.014475
0.014352
0.014663
0.014395
0.014274
0.014214
0.013678
0.013465
0.013123
0.012752
0.012553
0.012039
0.012464
0.013165
0.01283
0.013185
0.013923
0.013571
0.013228
0.013069
0.012912
0.012913
0.012841
0.012586
0.01303
0.013998
0.013508
0.012941
0.013262
0.013436
0.013612
0.013458
0.013193
0.013043
0.012859
0.012713
0.012624
0.012625
0.012884
0.013128
0.013176
0.013225
0.013274
0.013323
0.013731
0.014069
0.014071
0.013794
0.013697
0.013698
0.013837
0.013838
0.014099
0.014631
0.013705
0.012887
0.012943
0.012614
0.012761
0.013633
0.013402
0.01295
0.013176
0.013348
0.013216
0.013466
0.01432
0.014322
0.013569
0.013322
0.014149
0.015023
0.015133
0.015244
0.015161
0.014657
0.015537
0.015896
0.015175
0.015526
0.015706
0.014929
0.014412
0.0153
0.015742
0.0149
0.014404
0.014781
0.014659
0.014746
0.014417
0.013876
0.014099
0.014182
0.014125
0.01429
0.014622
0.014666
0.013996
0.013508
0.014759
0.0147
0.013248
0.013346
0.013483
0.012955
0.013032
0.013205
0.012907
0.012598
0.012969
0.012934
0.012336
0.012755
0.013883
0.013418
0.012418
0.012858
0.013273
0.013219
0.01326
0.012467
0.011666
0.011926
0.012208
0.011896
0.012498
0.013432
0.012999
0.012909
0.012893
0.012493
0.012496
0.012409
0.012358
0.012759
0.013171
0.013042
0.013026
0.013524
0.013258
0.013016
0.013302
0.01375
0.014192
0.013895
0.013237
0.01345
0.013186
0.012945
0.013672
0.013774
0.013235
0.013105
0.013567
0.013339
0.013534
0.01409
0.014053
0.014359
0.014321
0.013803
0.013688
0.013554
0.013654
0.013834
0.014421
0.014404
0.014264
0.014739
0.01474
0.014265
0.014164
0.014043
0.014408
0.015014
0.014656
0.014635
0.015163
0.015358
0.014823
0.01451
0.014928
0.014718
0.014718
0.014572
0.014676
0.015163
0.014489
0.014062
0.014284
0.014468
0.015532
0.017116
0.016318
0.014927
0.014653
0.0139
0.01345
0.013643
0.014819
0.014672
0.014138
0.014713
0.014712
0.014401
0.01436
0.014732
0.015393
0.014668
0.014013
0.013893
0.013328
0.013992
0.014052
0.01308
0.0128
0.012929
0.013752
0.014621
0.014746
0.014128
0.013418
0.013418
0.013533
0.014145
0.013924
0.013608
0.014022
0.013481
0.012958
0.01307
0.013722
0.013565
0.013257
0.013997
0.013778
0.013857
0.013777
0.013368
0.013835
0.014013
0.014729
0.015045
0.014644
0.014937
0.015215
0.014936
0.014788
0.014455
0.015192
0.01576
0.015386
0.01556
0.015893
0.015603
0.015362
0.015824
0.015383
0.015382
0.016391
0.016298
0.015666
0.016228
0.017311
0.017359
0.016643
0.016135
0.015886
0.016877
0.01683
0.01573
0.015731
0.01571
0.014532
0.014867
0.016004
0.01556
0.016006
0.016053
0.015673
0.015586
0.016538
0.016609
0.015633
0.015263
0.01469
0.014442
0.014198
0.014362
0.014466
0.014221
0.013782
0.013902
0.014449
0.01447
0.014246
0.014452
0.01487
0.014871
0.014872
0.014518
0.013693
0.013655
0.014113
0.014154
0.014054
0.013757
0.013936
0.013957
0.013662
0.013604
0.013566
0.012772
0.01259
0.013147
0.013338
0.013668
0.013264
0.013283
0.013133
0.012835
0.013287
0.013714
0.013598
0.013139
0.013027
0.013085
0.012641
0.012336
0.012427
0.011951
0.012022
0.012394
0.01254
0.012577
0.012579
0.01258
0.012581
0.013025
0.013816
0.014017
0.013333
0.013546
0.013842
0.013356
0.013357
0.013398
0.013228
0.012856
0.012385
0.01255
0.012717
0.012162
0.012686
0.012616
0.0121
0.012155
0.011896
0.01209
0.012128
0.012326
0.012893
0.01262
0.012388
0.011915
0.011211
0.012342
0.012725
0.011857
0.011756
0.012018
0.012811
0.013325
0.013104
0.012375
0.012346
0.012587
0.012377
0.012691
0.012938
0.012668
0.012493
0.012609
0.012309
0.012405
0.012251
0.011941
0.012052
0.012217
0.012582
0.012319
0.011817
0.012475
0.0127
0.012097
0.012174
0.0119
0.012544
0.01396
0.014639
0.014254
0.014883
0.014721
0.013575
0.01331
0.012606
0.012851
0.013251
0.013741
0.013512
0.012872
0.012296
0.012426
0.01317
0.013138
0.012937
0.013787
0.014834
0.01484
0.014846
0.014852
0.014859
0.014802
0.014745
0.014522
0.014445
0.015145
0.01552
0.016266
0.015333
0.015469
0.015986
0.015261
0.014278
0.015012
0.015232
0.014831
0.014689
0.014672
0.014102
0.013807
0.013383
0.013975
0.013682
0.014493
0.015368
0.014752
0.014465
0.014082
0.013927
0.013154
0.012366
0.013315
0.014349
0.013732
0.013138
0.013449
0.013925
0.013791
0.013081
0.0141
0.014596
0.014959
0.016132
0.014446
0.013376
0.014643
0.014669
0.014885
0.014975
0.015238
0.014837
0.015227
0.015626
0.015368
0.015243
0.015621
0.016257
0.016447
0.016639
0.016691
0.01525
0.015803
0.01603
0.015498
0.016681
0.017136
0.016086
0.015707
0.015598
0.015512
0.015915
0.016259
0.015697
0.015152
0.015198
0.015265
0.014651
0.014119
0.013664
0.013165
0.013806
0.014768
0.014833
0.014772
0.013974
0.013897
0.01378
0.013011
0.014469
0.017513
0.01491
0.013588
0.01439
0.014146
0.014474
0.01483
0.014705
0.014252
0.014665
0.016129
0.01613
0.01586
0.016178
0.016783
0.015289
0.015204
0.015554
0.015957
0.01549
0.015317
0.015938
0.017788
0.016053
0.014106
0.014433
0.014088
0.015325
0.016636
0.016921
0.016709
0.016223
0.016224
0.016573
0.016342
0.015978
0.015621
0.017244
0.018367
0.01749
0.016652
0.017469
0.018321
0.017619
0.017621
0.017597
0.017698
0.017724
0.017577
0.018103
0.017978
0.018826
0.019598
0.017847
0.016125
0.016489
0.016884
0.016575
0.01627
0.016945
0.017669
0.018706
0.019799
0.018908
0.019544
0.018149
0.017472
0.017443
0.017439
0.017806
0.017927
0.018456
0.016798
0.017789
0.018521
0.018568
0.018052
0.016897
0.016446
0.016982
0.017508
0.017501
0.017494
0.017365
0.017726
0.019672
0.021188
0.019466
0.018872
0.018243
0.01816
0.018459
0.019052
0.0195
0.019765
0.019056
0.018732
0.018569
0.019434
0.019507
0.019799
0.020012
0.019403
0.018942
0.018107
0.018278
0.018122
0.018148
0.018354
0.018356
0.018358
0.017979
0.017781
0.017958
0.01776
0.017564
0.016935
0.01619
0.017447
0.016917
0.017231
0.017257
0.017186
0.016853
0.016736
0.01688
0.017658
0.018263
0.017222
0.016256
0.016937
0.017742
0.016657
0.017041
0.017266
0.017155
0.016831
0.01684
0.016335
0.015867
0.015876
0.015885
0.015895
0.015904
0.015958
0.016013
0.015954
0.016146
0.016247
0.017344
0.01733
0.017316
0.016539
0.016179
0.015604
0.015046
0.015755
0.016494
0.015931
0.015495
0.015504
0.015514
0.015993
0.016509
0.015259
0.013916
0.014829
0.015618
0.015299
0.015114
0.015059
0.015837
0.015937
0.017283
0.016094
0.01638
0.016069
0.016102
0.015841
0.015807
0.015135
0.015016
0.016477
0.018243
0.018127
0.017465
0.017354
0.017759
0.016657
0.016315
0.016692
0.016347
0.015985
0.016518
0.016757
0.017558
0.017367
0.016212
0.016447
0.015524
0.016713
0.018599
0.017152
0.016893
0.017477
0.01736
0.01667
0.015936
0.016561
0.016872
0.01657
0.016929
0.016254
0.015319
0.016588
0.017187
0.018414
0.018704
0.018423
0.018738
0.017771
0.016197
0.0162
0.016387
0.017414
0.018115
0.018348
0.017375
0.017088
0.016947
0.017532
0.017808
0.017912
0.017666
0.017035
0.016495
0.016313
0.018157
0.018545
0.017786
0.017615
0.017619
0.017622
0.017849
0.018079
0.018082
0.018084
0.017635
0.017196
0.017713
0.018397
0.018398
0.017942
0.017843
0.017302
0.017133
0.017231
0.017136
0.017825
0.017357
0.0169
0.016902
0.016903
0.017048
0.015886
0.016367
0.017148
0.016838
0.015601
0.016257
0.016396
0.017496
0.018662
0.017523
0.017327
0.016493
0.015716
0.016421
0.017129
0.016936
0.016464
0.017789
0.018447
0.018446
0.018445
0.017512
0.016598
0.01712
0.016879
0.017705
0.018005
0.017456
0.016852
0.017186
0.017527
0.0176
0.017673
0.017697
0.017795
0.017844
0.017594
0.017892
0.018502
0.018501
0.0185
0.018576
0.018266
0.017985
0.017609
0.018364
0.019122
0.019121
0.018671
0.018231
0.01823
0.01833
0.018458
0.018638
0.018301
0.018479
0.01866
0.018841
0.019025
0.019023
0.019343
0.019694
0.019857
0.020022
0.019391
0.019633
0.020551
0.020378
0.020177
0.020398
0.020621
0.020846
0.021073
0.020296
0.019573
0.019953
0.020312
0.020591
0.020844
0.020215
0.019602
0.01922
0.018844
0.019644
0.020475
0.019473
0.018489
0.019222
0.020009
0.019054
0.01814
0.018315
0.018491
0.017751
0.017038
0.017131
0.017202
0.0172
0.017077
0.017147
0.017364
0.01746
0.017581
0.017653
0.01775
0.017501
0.01723
0.017277
0.017348
0.017346
0.017343
0.017464
0.017585
0.017583
0.017069
0.016592
0.016874
0.017135
0.017425
0.017695
0.017544
0.017419
0.017101
0.016813
0.017369
0.017968
0.017971
0.017975
0.01813
0.018313
0.0191
0.019919
0.018843
0.017846
0.017501
0.017163
0.017484
0.01781
0.017393
0.016984
0.016655
0.016332
0.016804
0.017288
0.017291
0.017295
0.016605
0.01594
0.015191
0.014474
0.014477
0.01448
0.014484
0.014241
0.014022
0.013967
0.013911
0.013915
0.01406
0.014207
0.014211
0.014297
0.014384
0.014554
0.014747
0.014752
0.014756
0.014761
0.014766
0.014436
0.014092
0.014097
0.014553
0.015001
0.015006
0.015011
0.014866
0.014744
0.015284
0.015842
0.015756
0.015693
0.015696
0.015698
0.015701
0.015704
0.015707
0.015709
0.015712
0.015144
0.014615
0.014828
0.015044
0.015306
0.015572
0.015575
0.015578
0.015581
0.015583
0.015586
0.015589
0.015132
0.014687
0.01469
0.014968
0.015251
0.015253
0.015256
0.015259
0.015261
0.015264
0.01542
0.015577
0.015624
0.015362
0.015104
0.01528
0.015458
0.015997
0.016577
0.01658
0.016747
0.016774
0.016707
0.01664
0.01618
0.015709
0.01642
0.017184
0.017188
0.017363
0.01754
0.017495
0.017451
0.017578
0.017682
0.017172
0.016651
0.016892
0.017161
0.017557
0.017961
0.018451
0.018927
0.018229
0.01758
0.018995
0.02054
0.020545
0.02055
0.020556
0.020561
0.020566
0.020401
0.020265
0.019496
0.018753
0.019129
0.019539
0.019735
0.019906
0.019883
0.019971
0.020088
0.020177
0.020239
0.020245
0.020252
0.020485
0.020692
0.021221
0.021733
0.022103
0.022448
0.022455
0.022095
0.02174
0.022171
0.02261
0.022034
0.021441
0.022354
0.023335
0.022804
0.022285
0.022048
0.021724
0.021671
0.021859
0.022078
0.022733
0.023438
0.023446
0.023453
0.022952
0.022461
0.022468
0.023102
0.023719
0.024186
0.024695
0.02326
0.021902
0.02246
0.02303
0.023038
0.023654
0.024318
0.023444
0.022599
0.022606
0.022738
0.02284
0.023227
0.023204
0.02277
0.023379
0.024003
0.023235
0.022489
0.022497
0.023068
0.023652
0.023243
0.022839
0.023226
0.023652
0.02366
0.023668
0.024134
0.024575
0.025125
0.025686
0.025452
0.025219
0.02492
0.024424
0.024233
0.024241
0.02392
0.02357
0.023578
0.024473
0.025434
0.024793
0.024133
0.024141
0.024182
0.024223
0.024232
0.024809
0.025401
0.025413
0.026055
0.026712
0.026726
0.025707
0.024725
0.025455
0.026169
0.02636
0.026553
0.026173
0.025763
0.025776
0.02607
0.026332
0.025884
0.025409
0.024705
0.023985
0.024899
0.025322
0.024856
0.024666
0.024477
0.025029
0.025628
0.02667
0.027751
0.026878
0.025996
0.026115
0.02627
0.02607
0.025871
0.026489
0.027082
0.027096
0.02689
0.02665
0.026411
0.027893
0.028284
0.02684
0.026845
0.026849
0.026635
0.026423
0.026643
0.026828
0.026904
0.026981
0.026912
0.026879
0.026883
0.026996
0.026171
0.0253
0.025686
0.026111
0.026616
0.027092
0.027689
0.028296
0.027622
0.026924
0.027406
0.027858
0.027975
0.028054
0.027274
0.026549
0.026588
0.026773
0.026959
0.026817
0.026639
0.026463
0.026252
0.026008
0.026799
0.027913
0.027841
0.02777
0.027698
0.027621
0.02844
0.029274
0.030049
0.031467
0.03208
0.03039
0.028819
0.029583
0.030407
0.030385
0.030364
0.030342
0.030565
0.030789
0.031057
0.031327
0.031346
0.031407
0.03117
0.030967
0.031258
0.031551
0.031174
0.0308
0.03134
0.031718
0.031506
0.030675
0.030429
0.030921
0.031505
0.032098
0.032054
0.032011
0.031544
0.032267
0.033445
0.03326
0.033065
0.032998
0.032107
0.031239
0.030596
0.030005
0.030715
0.03144
0.030834
0.03024
0.029616
0.029003
0.028943
0.028882
0.029927
0.030965
0.031653
0.032313
0.030861
0.027257
0.02515
0.02702
0.028976
0.029837
0.030761
0.030262
0.02973
0.029403
0.02873
0.028337
0.029102
0.029925
0.029876
0.028571
0.027318
0.027756
0.027675
0.027125
0.027076
0.026997
0.026701
0.026372
0.026153
0.025586
0.0252
0.024956
0.024748
0.024709
0.024671
0.024232
0.025001
0.026216
0.024855
0.023559
0.02279
0.022044
0.022441
0.022845
0.022908
0.022971
0.022193
0.021439
0.021528
0.021085
0.020564
0.020564
0.02088
0.021201
0.021172
0.021025
0.020938
0.020938
0.020937
0.02062
0.019942
0.019612
0.019209
0.018839
0.019082
0.019327
0.019009
0.018696
0.019257
0.019834
0.019838
0.018894
0.017966
0.017893
0.017872
0.017255
0.016682
0.01652
0.016037
0.015791
0.01557
0.016022
0.016047
0.015181
0.014439
0.014524
0.014547
0.014177
0.014077
0.013817
0.01404
0.014619
0.014516
0.014249
0.014007
0.014028
0.014234
0.013791
0.013439
0.013875
0.013937
0.013759
0.014061
0.013802
0.013294
0.013667
0.013807
0.013435
0.013301
0.013245
0.013558
0.013877
0.013858
0.01376
0.01337
0.012654
0.012238
0.011869
0.012188
0.012569
0.012426
0.012483
0.012485
0.012579
0.012896
0.012899
0.012641
0.012791
0.012794
0.012465
0.012287
0.012506
0.012766
0.012529
0.012153
0.012334
0.012869
0.012761
0.012508
0.012586
0.012831
0.013138
0.0126
0.012423
0.012832
0.012912
0.012656
0.012478
0.012611
0.012689
0.012824
0.012662
0.013041
0.013141
0.012863
0.012999
0.012724
0.012454
0.012515
0.012631
0.012822
0.013187
0.013097
0.012933
0.012902
0.012908
0.012561
0.012313
0.012888
0.013351
0.013088
0.013152
0.013643
0.013551
0.013479
0.013386
0.013064
0.012936
0.013092
0.013423
0.013311
0.013161
0.012957
0.012607
0.012759
0.012931
0.012804
0.012958
0.013325
0.013329
0.013489
0.01367
0.013536
0.013345
0.013309
0.013329
0.013466
0.013389
0.013312
0.013313
0.01316
0.013277
0.013374
0.013049
0.012974
0.012806
0.012826
0.013732
0.013912
0.013694
0.013774
0.013538
0.013539
0.013678
0.013798
0.013899
0.01374
0.013921
0.014003
0.013763
0.013784
0.013825
0.013866
0.01415
0.014171
0.013909
0.014153
0.014672
0.014631
0.014054
0.014075
0.014911
0.015086
0.014768
0.014708
0.014712
0.014319
0.014077
0.014122
0.014105
0.013588
0.013513
0.013517
0.013757
0.013661
0.013217
0.013297
0.013554
0.013815
0.013999
0.013781
0.013821
0.013661
0.013779
0.014326
0.013857
0.013325
0.013285
0.013714
0.013853
0.013732
0.013831
0.013241
0.013571
0.014171
0.013589
0.012289
0.012506
0.0128
0.012467
0.013348
0.013326
0.01317
0.012959
0.013554
0.012993
0.012435
0.013102
0.012855
0.012212
0.012813
0.013227
0.012827
0.012863
0.012805
0.012765
0.012856
0.012761
0.013622
0.013803
0.013549
0.013831
0.013735
0.013522
0.014706
0.014753
0.015143
0.014509
0.013384
0.013902
0.014583
0.015164
0.015039
0.016158
0.017035
0.016515
0.015229
0.016906
0.01564
0.015515
0.015281
0.016097
0.015675
0.015003
0.015119
0.014976
0.014963
0.014195
0.014894
0.014606
0.014975
0.014105
0.014277
0.01406
0.013509
0.014198
0.014224
0.014665
0.014395
0.01448
0.015228
0.01523
0.015742
0.01681
0.016622
0.015237
0.015481
0.015864
0.015352
0.014414
0.014688
0.014668
0.014734
0.01497
0.014443
0.014238
0.013913
0.013793
0.014014
0.013206
0.012978
0.012847
0.012624
0.013381
0.013169
0.012998
0.01317
0.013151
0.013736
0.013539
0.013325
0.012868
0.012906
0.01356
0.013019
0.013075
0.013381
0.013129
0.013952
0.013651
0.013749
0.01301
0.013238
0.013547
0.013823
0.013584
0.013582
0.013483
0.013678
0.014078
0.014615
0.015235
0.015277
0.014906
0.015161
0.014855
0.014723
0.015323
0.015674
0.015669
0.015732
0.016392
0.017444
0.016359
0.01549
0.014962
0.015305
0.014782
0.014421
0.015182
0.015822
0.016068
0.015
0.014494
0.015312
0.014798
0.013613
0.014806
0.015933
0.015779
0.014295
0.014973
0.014721
0.014001
0.013526
0.013413
0.013417
0.01416
0.014123
0.014025
0.014192
0.01393
0.014442
0.01497
0.014692
0.014883
0.014669
0.015759
0.016541
0.016306
0.015028
0.015179
0.015935
0.016164
0.016255
0.01607
0.015818
0.016298
0.016159
0.015997
0.015975
0.015066
0.014536
0.016074
0.016145
0.014861
0.014587
0.014569
0.014156
0.014448
0.014243
0.014143
0.014186
0.014625
0.014252
0.014777
0.014801
0.015039
0.014977
0.014368
0.01433
0.014967
0.0148
0.014571
0.014079
0.013426
0.013468
0.013316
0.013243
0.014263
0.0152
0.015357
0.014905
0.015125
0.016136
0.017256
0.01697
0.015717
0.01579
0.015773
0.015869
0.015649
0.01667
0.016771
0.016777
0.017242
0.016647
0.015394
0.015029
0.016547
0.015996
0.015219
0.015313
0.014992
0.014551
0.013838
0.013684
0.014276
0.014097
0.013601
0.014563
0.014052
0.013977
0.013022
0.013569
0.014136
0.013501
0.013467
0.01361
0.013955
0.013581
0.014479
0.014823
0.012866
0.013465
0.014007
0.013592
0.013439
0.01402
0.013783
0.012876
0.013145
0.014159
0.013839
0.013743
0.013787
0.013552
0.014118
0.01362
0.013802
0.014523
0.014632
0.014036
0.01356
0.014005
0.014448
0.014972
0.014945
0.0139
0.013935
0.014195
0.013845
0.01435
0.014407
0.014866
0.015471
0.015689
0.014894
0.014975
0.015494
0.016331
0.015979
0.015679
0.01636
0.016922
0.018079
0.018147
0.018267
0.018597
0.02008
0.019959
0.018414
0.017566
0.01731
0.017082
0.017026
0.01731
0.017155
0.017892
0.018112
0.017824
0.017098
0.016609
0.016385
0.016442
0.01734
0.016626
0.016098
0.016016
0.015329
0.016057
0.016864
0.016564
0.016574
0.016941
0.017588
0.01818
0.018606
0.017945
0.018211
0.019088
0.017773
0.017557
0.018044
0.018181
0.018011
0.017172
0.016603
0.016494
0.016738
0.016818
0.017019
0.016835
0.016843
0.017239
0.017345
0.018704
0.019438
0.018124
0.017652
0.017962
0.018249
0.018124
0.01818
0.019022
0.018734
0.019409
0.01977
0.019858
0.019834
0.020062
0.020896
0.020726
0.021109
0.021321
0.020594
0.019807
0.020175
0.020549
0.020152
0.020951
0.021625
0.021347
0.021849
0.021659
0.021144
0.022686
0.023089
0.022325
0.022224
0.021607
0.021568
0.021679
0.022035
0.023344
0.024153
0.023229
0.022933
0.023178
0.022658
0.022993
0.022507
0.023126
0.024089
0.022406
0.022054
0.022195
0.022151
0.02251
0.022623
0.022237
0.022444
0.023225
0.023377
0.022543
0.022132
0.022371
0.021811
0.021472
0.021285
0.021159
0.021869
0.021619
0.020902
0.021043
0.021453
0.022144
0.021743
0.021053
0.020383
0.020151
0.020175
0.020255
0.019718
0.019222
0.019058
0.018898
0.018116
0.017964
0.018559
0.019011
0.018641
0.01859
0.019204
0.019044
0.01918
0.019154
0.018863
0.019056
0.018902
0.01883
0.019484
0.019629
0.019093
0.020175
0.019986
0.020219
0.020369
0.020349
0.020442
0.020194
0.021302
0.021639
0.021111
0.020451
0.020146
0.02058
0.020416
0.021297
0.022336
0.022097
0.022043
0.021596
0.021814
0.022685
0.02304
0.022919
0.022114
0.02206
0.022251
0.022319
0.022795
0.022178
0.021818
0.023327
0.023272
0.023704
0.023005
0.023207
0.023282
0.024043
0.024087
0.023217
0.024042
0.024353
0.023441
0.023841
0.024008
0.023711
0.023255
0.024471
0.024672
0.024199
0.024364
0.024564
0.024563
0.024158
0.024223
0.024657
0.024817
0.024599
0.024047
0.024601
0.024925
0.025392
0.02562
0.02498
0.023921
0.024505
0.023824
0.022873
0.02267
0.023196
0.023152
0.023235
0.024641
0.025348
0.025508
0.024975
0.025306
0.025747
0.025417
0.025195
0.025044
0.025099
0.023095
0.023372
0.023749
0.023508
0.023301
0.023065
0.022267
0.021168
0.021215
0.021682
0.02176
0.021624
0.02128
0.020969
0.021879
0.02085
0.019234
0.019328
0.019477
0.019136
0.018252
0.018497
0.019282
0.019053
0.0182
0.018421
0.018332
0.017066
0.016481
0.016732
0.016673
0.01645
0.015281
0.014988
0.016071
0.015679
0.015346
0.015527
0.014982
0.014559
0.014605
0.014672
0.01491
0.014553
0.015134
0.015851
0.016932
0.016462
0.016495
0.01696
0.018298
0.01684
0.01596
0.017203
0.017412
0.016554
0.016331
0.016041
0.015354
0.014504
0.014602
0.015154
0.015258
0.015675
0.016102
0.016802
0.016534
0.015675
0.014986
0.014981
0.015171
0.015408
0.015582
0.015827
0.016332
0.016612
0.017042
0.016584
0.016917
0.016891
0.016697
0.017773
0.018102
0.018228
0.01838
0.018455
0.019086
0.019352
0.019621
0.019506
0.019722
0.020136
0.02033
0.02096
0.020577
0.020485
0.021293
0.021994
0.022519
0.023023
0.022175
0.022391
0.023243
0.023242
0.023176
0.022417
0.022198
0.022822
0.023819
0.023844
0.023214
0.023426
0.023477
0.023921
0.024813
0.024901
0.02551
0.02539
0.025445
0.025888
0.026627
0.028216
0.02835
0.02911
0.028815
0.030438
0.032229
0.032251
0.032928
0.033483
0.033192
0.032684
0.032313
0.032071
0.03178
0.03115
0.030697
0.030373
0.029648
0.029333
0.029099
0.027634
0.026811
0.0252
0.024241
0.023346
0.023534
0.022632
0.021701
0.021099
0.02089
0.020367
0.019828
0.018765
0.01811
0.017254
0.016655
0.016812
0.017168
0.017259
0.017351
0.017492
0.018454
0.018605
0.018212
0.017779
0.017086
0.016441
0.015818
0.015661
0.01555
0.015487
0.015627
0.015974
0.016165
0.015988
0.015342
0.015504
0.015781
0.015831
0.015904
0.015502
0.015708
0.016146
0.015897
0.015428
0.015432
0.01548
0.01513
0.015068
0.01529
0.015944
0.016294
0.016344
0.016869
0.016467
0.016283
0.016782
0.018074
0.018103
0.01745
0.016556
0.016348
0.016329
0.016687
0.015921
0.01543
0.016346
0.017042
0.016261
0.015467
0.015739
0.01581
0.016157
0.015999
0.016419
0.01766
0.018371
0.017952
0.017416
0.016847
0.016505
0.016451
0.016562
0.016089
0.015744
0.015765
0.015494
0.015118
0.0149
0.014749
0.014558
0.015009
0.014798
0.01436
0.014406
0.014266
0.014312
0.0144
0.014013
0.013999
0.014066
0.013748
0.013854
0.01386
0.01415
0.014198
0.013878
0.014028
0.014137
0.01388
0.014235
0.014305
0.014025
0.013751
0.014499
0.015022
0.014584
0.014595
0.01425
0.013712
0.014692
0.015486
0.014924
0.014739
0.015005
0.014863
0.014871
0.015359
0.01593
0.016309
0.017228
0.016279
0.016056
0.015973
0.016236
0.016315
0.016491
0.017253
0.017172
0.017485
0.018032
0.018255
0.017711
0.01758
0.01771
0.019049
0.019387
0.018887
0.019304
0.019675
0.019799
0.019837
0.01984
0.019482
0.020238
0.020699
0.020758
0.020499
0.020499
0.020209
0.020891
0.020938
0.021252
0.02154
0.021349
0.0211
0.021594
0.022467
0.022231
0.021631
0.021135
0.020533
0.020458
0.019704
0.019674
0.019717
0.019728
0.019712
0.019337
0.01865
0.018036
0.017019
0.016993
0.017729
0.018336
0.01779
0.017111
0.01655
0.016711
0.017344
0.017778
0.018589
0.019081
0.018482
0.017977
0.017989
0.017373
0.016098
0.015504
0.015457
0.015255
0.015881
0.016482
0.016718
0.016913
0.017168
0.017085
0.01737
0.017887
0.018418
0.018724
0.017806
0.01762
0.016825
0.0166
0.017245
0.017835
0.018004
0.017341
0.017334
0.018268
0.018659
0.019467
0.019004
0.018789
0.019519
0.020359
0.021434
0.021541
0.021167
0.019305
0.018568
0.018372
0.017972
0.01728
0.018045
0.018392
0.018718
0.018995
0.019032
0.019644
0.01971
0.018877
0.019078
0.019254
0.019105
0.019445
0.019652
0.019804
0.020297
0.020972
0.020572
0.021194
0.02162
0.022116
0.022309
0.021977
0.022228
0.022541
0.022167
0.022634
0.021889
0.0234
0.02295
0.021314
0.022131
0.023886
0.024384
0.024994
0.023778
0.022742
0.022455
0.021653
0.020905
0.020467
0.02015
0.019313
0.018798
0.018348
0.018165
0.018798
0.018886
0.019492
0.019723
0.019538
0.020022
0.020574
0.020817
0.020973
0.021042
0.02129
0.021843
0.021976
0.022452
0.023001
0.023469
0.023753
0.023876
0.024099
0.023659
0.023848
0.023971
0.024737
0.025008
0.025388
0.025952
0.025879
0.025914
0.02602
0.026488
0.026745
0.026789
0.02754
0.027889
0.027936
0.02783
0.028608
0.028613
0.028259
0.028557
0.028119
0.028067
0.028711
0.028971
0.029112
0.029552
0.02908
0.029111
0.02946
0.02965
0.02944
0.028796
0.028667
0.028885
0.030023
0.031926
0.032247
0.033324
0.034757
0.036098
0.036683
0.036604
0.037693
0.037692
0.037386
0.037391
0.037573
0.037133
0.036695
0.036759
0.036147
0.035247
0.034302
0.033608
0.033199
0.03084
0.029289
0.028586
0.02696
0.025283
0.023944
0.023912
0.023619
0.023461
0.022698
0.021997
0.021503
0.020553
0.01995
0.019397
0.019041
0.018154
0.018013
0.017569
0.016723
0.015774
0.015025
0.014794
0.014929
0.014946
0.015027
0.015406
0.015815
0.015615
0.015797
0.015635
0.015994
0.015805
0.015663
0.016254
0.016037
0.015618
0.016392
0.017225
0.017308
0.017212
0.016822
0.01675
0.016584
0.016472
0.017059
0.016853
0.016745
0.016592
0.016472
0.0165
0.016363
0.016182
0.016236
0.015809
0.015417
0.015386
0.015378
0.015483
0.015391
0.015213
0.015301
0.0153
0.015636
0.015706
0.016099
0.01636
0.015945
0.016272
0.016894
0.017164
0.016802
0.017143
0.01807
0.017932
0.017691
0.017404
0.018099
0.017926
0.017473
0.018209
0.018027
0.017468
0.01797
0.018719
0.019168
0.019654
0.01962
0.019426
0.0203
0.021062
0.02017
0.019016
0.01871
0.018205
0.0168
0.01694
0.017578
0.017958
0.018346
0.018875
0.018984
0.019283
0.020176
0.021018
0.022481
0.023021
0.021648
0.020632
0.020051
0.019622
0.019976
0.020591
0.021068
0.021674
0.023183
0.023579
0.024006
0.022569
0.021001
0.020233
0.018866
0.018403
0.018705
0.018798
0.019434
0.019339
0.018742
0.018907
0.018885
0.018493
0.019196
0.018969
0.018829
0.019448
0.020807
0.022254
0.023476
0.023989
0.024683
0.02484
0.025276
0.025792
0.02585
0.025873
0.026004
0.026903
0.027085
0.026714
0.026787
0.027268
0.028258
0.02877
0.028973
0.029418
0.030111
0.030435
0.030876
0.031446
0.03181
0.032043
0.032524
0.032951
0.033922
0.035294
0.032937
0.033132
0.032832
0.032621
0.032455
0.031723
0.031841
0.032427
0.032667
0.032599
0.033104
0.033208
0.033399
0.033321
0.032975
0.032106
0.030998
0.031082
0.030539
0.030126
0.029961
0.030325
0.030901
0.031148
0.030391
0.029973
0.030453
0.030981
0.030592
0.030002
0.030437
0.029083
0.022738
0.018315
0.017262
0.016713
0.016507
0.016636
0.018215
0.02144
0.024815
0.027804
0.02663
0.026358
0.027411
0.02838
0.028471
0.028289
0.028496
0.028395
0.027804
0.026236
0.026191
0.027397
0.027844
0.027613
0.023072
0.018653
0.017975
0.017698
0.017456
0.017734
0.01794
0.017942
0.017944
0.017946
0.017948
0.017949
0.017951
0.017953
0.017955
0.017957
0.017959
0.017961
0.017963
0.017965
0.017967
0.017969
0.017971
0.017973
0.017975
0.017977
0.017979
0.017981
0.017983
0.017985
0.017986
0.017988
0.01799
0.017992
0.017994
0.017996
0.017998
0.018
0.018002
0.018004
0.018006
0.018008
0.01801
0.018012
0.018014
0.018016
0.018018
0.01802
0.018021
0.018023
0.018025
0.018027
0.018029
0.018031
0.018033
0.018035
0.018037
0.018039
0.01804
0.018042
0.018044
0.018046
0.018047
0.018049
0.018051
0.018053
0.018054
0.018056
0.018058
0.018059
0.018061
0.018063
0.018065
0.018066
0.018068
0.01807
0.018072
0.018073
0.018075
0.018077
0.018079
0.01808
0.018082
0.018084
0.018086
0.018087
0.018089
0.018091
0.018093
0.018094
0.018096
0.018098
0.018099
0.018101
0.018103
0.018105
0.018106
0.018108
0.01811
0.018112
0.018113
0.018115
0.018117
0.018119
0.01812
0.018122
0.018124
0.018126
0.018127
0.018129
0.018131
0.018133
0.018134
0.018136
0.018138
0.01814
0.018141
0.018143
0.018145
0.018147
0.018148
0.01815
0.018152
0.018154
0.018155
0.018157
0.018159
0.018161
0.018162
0.018164
0.018166
0.018168
0.018169
0.018171
0.018173
0.018175
0.018176
0.018178
0.01818
0.018182
0.018184
0.018185
0.018187
0.018189
0.018191
0.018192
0.018194
0.018196
0.018198
0.018199
0.018201
0.018203
0.018205
0.018206
0.018208
0.01821
