#Sigma on accu for VK from AICC2012.
0.15
0.150042857143
0.150085714286
0.150128571429
0.150171428571
0.150214285714
0.150257142857
0.1503
0.150342857143
0.150385714286
0.150428571429
0.150471428571
0.150514285714
0.150557142857
0.1506
0.150642857143
0.150685714286
0.150728571429
0.150771428571
0.150814285714
0.150857142857
0.1509
0.150942857143
0.150985714286
0.151028571429
0.151071428571
0.151114285714
0.151157142857
0.1512
0.151242857143
0.151285714286
0.151328571429
0.151371428571
0.151414285714
0.151457142857
0.1515
0.151542857143
0.151585714286
0.151628571429
0.151671428571
0.151714285714
0.151757142857
0.1518
0.151842857143
0.151885714286
0.151928571429
0.151971428571
0.152014285714
0.152057142857
0.1521
0.152142857143
0.152185714286
0.152228571429
0.152271428571
0.152314285714
0.152357142857
0.1524
0.152442857143
0.152485714286
0.152528571429
0.152571428571
0.152614285714
0.152657142857
0.1527
0.152742857143
0.152785714286
0.152828571429
0.152871428571
0.152914285714
0.152957142857
0.153
0.153042857143
0.153085714286
0.153128571429
0.153171428571
0.153214285714
0.153257142857
0.1533
0.153342857143
0.153385714286
0.153428571429
0.153471428571
0.153514285714
0.153557142857
0.1536
0.153642857143
0.153685714286
0.153728571429
0.153771428571
0.153814285714
0.153857142857
0.1539
0.153942857143
0.153985714286
0.154028571429
0.154071428571
0.154114285714
0.154157142857
0.1542
0.154242857143
0.154285714286
0.154328571429
0.154371428571
0.154414285714
0.154457142857
0.1545
0.154542857143
0.154585714286
0.154628571429
0.154671428571
0.154714285714
0.154757142857
0.1548
0.154842857143
0.154885714286
0.154928571429
0.154971428571
0.155014285714
0.155057142857
0.1551
0.155142857143
0.155185714286
0.155228571429
0.155271428571
0.155314285714
0.155357142857
0.1554
0.155442857143
0.155485714286
0.155528571429
0.155571428571
0.155614285714
0.155657142857
0.1557
0.155742857143
0.155785714286
0.155828571429
0.155871428571
0.155914285714
0.155957142857
0.156
0.156042857143
0.156085714286
0.156128571429
0.156171428571
0.156214285714
0.156257142857
0.1563
0.156342857143
0.156385714286
0.156428571429
0.156471428571
0.156514285714
0.156557142857
0.1566
0.156642857143
0.156685714286
0.156728571429
0.156771428571
0.156814285714
0.156857142857
0.1569
0.156942857143
0.156985714286
0.157028571429
0.157071428571
0.157114285714
0.157157142857
0.1572
0.157242857143
0.157285714286
0.157328571429
0.157371428571
0.157414285714
0.157457142857
0.1575
0.157542857143
0.157585714286
0.157628571429
0.157671428571
0.157714285714
0.157757142857
0.1578
0.157842857143
0.157885714286
0.157928571429
0.157971428571
0.158014285714
0.158057142857
0.1581
0.158142857143
0.158185714286
0.158228571429
0.158271428571
0.158314285714
0.158357142857
0.1584
0.158442857143
0.158485714286
0.158528571429
0.158571428571
0.158614285714
0.158657142857
0.1587
0.158742857143
0.158785714286
0.158828571429
0.158871428571
0.158914285714
0.158957142857
0.159
0.159042857143
0.159085714286
0.159128571429
0.159171428571
0.159214285714
0.159257142857
0.1593
0.159342857143
0.159385714286
0.159428571429
0.159471428571
0.159514285714
0.159557142857
0.1596
0.159642857143
0.159685714286
0.159728571429
0.159771428571
0.159814285714
0.159857142857
0.1599
0.159942857143
0.159985714286
0.160028571429
0.160071428571
0.160114285714
0.160157142857
0.1602
0.160242857143
0.160285714286
0.160328571429
0.160371428571
0.160414285714
0.160457142857
0.1605
0.160542857143
0.160585714286
0.160628571429
0.160671428571
0.160714285714
0.160757142857
0.1608
0.160842857143
0.160885714286
0.160928571429
0.160971428571
0.161014285714
0.161057142857
0.1611
0.161142857143
0.161185714286
0.161228571429
0.161271428571
0.161314285714
0.161357142857
0.1614
0.161442857143
0.161485714286
0.161528571429
0.161571428571
0.161614285714
0.161657142857
0.1617
0.161742857143
0.161785714286
0.161828571429
0.161871428571
0.161914285714
0.161957142857
0.166364308596
0.175519149042
0.183251008398
0.189854190578
0.195651927817
0.200271001962
0.203594267284
0.205852837246
0.207269070013
0.207976589227
0.208046494518
0.207604810663
0.206778423093
0.205627800587
0.204134730178
0.202274919415
0.199999550826
0.197248220998
0.194038369662
0.190341191349
0.186244619496
0.18181892806
0.177039811421
0.171841543302
0.166280711172
0.163071428571
0.163114285714
0.163157142857
0.1632
0.163242857143
0.163285714286
0.163328571429
0.163371428571
0.163414285714
0.163457142857
0.1635
0.163684586386
0.170180226469
0.17797426775
0.186478511675
0.195463025429
0.204203701747
0.212908845185
0.221616341988
0.229605607786
0.236953610431
0.243756760345
0.250025153934
0.255629601183
0.26043612577
0.264709842647
0.26862476107
0.272100002986
0.275157110372
0.277988668653
0.280746944493
0.283646590577
0.2868441057
0.290274333532
0.293996041171
0.29813229845
0.302598328505
0.307526870803
0.313246582329
0.319351115928
0.325752057977
0.332671884675
0.340028507963
0.34784977335
0.355821627885
0.363694595726
0.371213744234
0.378295203892
0.384838385034
0.390639593161
0.395559265993
0.399552719329
0.402231739397
0.403620886512
0.404041000805
0.403802511925
0.40318574193
0.402415283092
0.401812170288
0.401635141213
0.401996289371
0.402971805166
0.404539403595
0.406581541219
0.408954494253
0.411539905172
0.414080949991
0.416156597071
0.417633772282
0.418429690425
0.41850267817
0.417815815202
0.416497257765
0.414722052328
0.412882692668
0.411347818559
0.410203398018
0.409600790673
0.409685640865
0.410420301693
0.411629414311
0.413073239378
0.414542703354
0.415798859841
0.416561444566
0.416637292007
0.415996938299
0.414767945112
0.413266291495
0.411729871605
0.410309881265
0.409230289989
0.408540141727
0.408288835216
0.408433432623
0.408833859677
0.409315698768
0.409699686311
0.409845269558
0.409667417335
0.409142349813
0.408346121678
0.407441425967
0.406617260128
0.406091562141
0.406075408932
0.406747804578
0.408150810217
0.410213371643
0.41295149317
0.416311639948
0.419943751399
0.423453696465
0.426637181424
0.429309463991
0.431292526423
0.432440992607
0.432819954465
0.432638165092
0.432092661984
0.431390318636
0.430725383447
0.430251509021
0.430074639114
0.43018016596
0.430563867224
0.431192523723
0.431982031053
0.432842039935
0.433637763531
0.434274380068
0.434709928485
0.434798806176
0.434387455567
0.433346556015
0.431608206463
0.429162379721
0.426085719911
0.42247998476
0.418219158425
0.413575842187
0.409549555074
0.406354688042
0.403897076107
0.402284589818
0.401521072473
0.401466258021
0.401931009469
0.402681272858
0.403340746381
0.40358584133
0.403186574949
0.401997915375
0.399956680713
0.397284798473
0.394363553905
0.391582744139
0.389108185695
0.387165644593
0.386072441701
0.386026314979
0.387174691372
0.389438051676
0.392790326458
0.397175090824
0.402412830624
0.408245053425
0.414257455011
0.420075935775
0.42525750024
0.429667312443
0.433292620419
0.436006740379
0.437544460157
0.437903689121
0.437317852947
0.436096036993
0.434573713282
0.432955621463
0.43127876116
0.429608768032
0.427979558827
0.426279001104
0.424324449663
0.421943448594
0.419015867465
0.415492181379
0.411105603805
0.405912924654
0.400709952095
0.395976826737
0.392184552099
0.389657977952
0.388611579507
0.389076662478
0.391037425024
0.39444549934
0.399085737
0.404619426742
0.410480434808
0.41603900781
0.420627519972
0.423570635902
0.424564934441
0.423541723596
0.420735402285
0.416649212094
0.411977854069
0.407498188336
0.40340668156
0.399887544012
0.397458412188
0.396401134725
0.396716362327
0.398238114364
0.400696150949
0.403727835612
0.407051018043
0.410220604926
0.41270321681
0.414100528505
0.414146960286
0.412763601914
0.409957463876
0.405776700687
0.400473550757
0.394660901594
0.388914609638
0.383512959862
0.378793511998
0.374849673239
0.371842116022
0.369874694622
0.369089265936
0.369424586534
0.370771897737
0.373068899067
0.375933173215
0.379112777117
0.382492472583
0.386045469881
0.389342786407
0.392155502379
0.394420502378
0.395966080509
0.39669903175
0.396610911594
0.395734850653
0.394004961135
0.391439163935
0.388129138016
0.384125646917
0.379397064267
0.373907074228
0.367891197717
0.361656809966
0.354853644978
0.347791909506
0.34082414315
0.333632041555
0.326804467729
0.320235218681
0.313967828868
0.308310847601
0.303317053317
0.299222712988
0.295895153873
0.29328116917
0.291448912576
0.290561081154
0.290760520268
0.292053523912
0.294334573682
0.297556836145
0.301758455132
0.306885841802
0.312827239
0.319261845151
0.326212550102
0.333434780678
0.340675528292
0.347880471053
0.354639739776
0.36072049339
0.365861171759
0.369789881659
0.372407874978
0.373575157681
0.373548018422
0.372540606275
0.370808083496
0.36866745489
0.366178686524
0.363507417884
0.360870803408
0.358452706797
0.35643706896
0.354944187372
0.354071798147
0.353915960071
0.354404051851
0.355516264931
0.357262793326
0.359455376094
0.361935015776
0.364518164985
0.367055785309
0.369341943928
0.371117306571
0.37214803073
0.372226212994
0.371213089648
0.369075454016
0.365944632381
0.362015046788
0.357466160105
0.352566066233
0.347615493545
0.34293090191
0.338894383585
0.335677440885
0.333377537989
0.332123192719
0.332041163529
0.333149606416
0.335352186193
0.338515518557
0.342349029933
0.346525683579
0.351171581152
0.355995008119
0.360315475831
0.363860181698
0.366162722934
0.367030661326
0.366446631167
0.364231784211
0.360453982525
0.355248864592
0.348683516438
0.34117701106
0.33333219466
0.32503088989
0.316099800337
0.307147998973
0.299061522622
0.292064816401
0.285881621665
0.280676102998
0.276461007988
0.273295863984
0.271411841552
0.27060818372
0.270826225289
0.271984549649
0.273934913922
0.276711874507
0.280159743204
0.283803496756
0.287569331417
0.29157148744
0.295639551629
0.29944210696
0.30300882012
0.306277622884
0.309328858695
0.312221108482
0.31490133918
0.317488764235
0.320121854574
0.322871561679
0.325791093117
0.328987359805
0.332675285756
0.336815088107
0.340941638387
0.345286060145
0.350151647721
0.354987808262
0.359602233417
0.364046777762
0.368002523125
0.371373149881
0.374218610976
0.376521674757
0.378257562091
0.379599939936
0.380717563929
0.381690556963
0.38262704792
0.383712670519
0.385099746139
0.386698046625
0.388472856271
0.390419687769
0.392447668081
0.394560087235
0.396620487408
0.398305477363
0.399512678377
0.40018974711
0.400257548977
0.39978364485
0.398746939133
0.397153385425
0.395033631303
0.392361083613
0.389256557157
0.38579423101
0.382093797118
0.37840845857
0.37485873674
0.371423520458
0.368240097993
0.365484787083
0.36308019237
0.36108807599
0.359598983016
0.358569960721
0.357915864725
0.357536667906
0.357355276572
0.357295392256
0.357246715978
0.357102463359
0.356796992302
0.356266535649
0.355433546838
0.354279364957
0.352867553076
0.351159896409
0.349239032502
0.347201703762
0.3450169559
0.342762582406
0.340413364231
0.337920367214
0.335352983228
0.332728584444
0.330105527631
0.327511060862
0.325036769518
0.322584057798
0.320154502179
0.317850862717
0.315624750955
0.313430439081
0.311339772082
0.309378464807
0.307630997068
0.30610493624
0.304717670655
0.303500742859
0.302487553404
0.301633967298
0.300892467224
0.300269521351
0.299778278908
0.299385213037
0.29908896491
0.298882692656
0.298776950784
0.298774236659
0.298885992851
0.299138783061
0.299544853456
0.300107604307
0.300790153788
0.301545070377
0.302462555208
0.303598671973
0.304897557069
0.306413785715
0.308123919285
0.309967933369
0.311821007608
0.313841329206
0.31609840608
0.318462538286
0.320999787397
0.323760816539
0.326676129181
0.32961928568
0.332504908041
0.335493330785
0.338510434069
0.341371360116
0.344041334323
0.346260781621
0.348106356162
0.349654694157
0.350825774473
0.351644224657
0.352193825352
0.352610531892
0.352999557562
0.3534512389
0.354052365794
0.354828267176
0.355780771792
0.356847929366
0.358020103736
0.359224883542
0.360301552217
0.361188531184
0.361721378724
0.361726454897
0.361131286126
0.359861961591
0.357825804655
0.35517457445
0.351807307453
0.347823328814
0.343235437766
0.338049156648
0.332645667192
0.327094169916
0.32164886159
0.316278290279
0.310800609399
0.305478487431
0.300346459995
0.295251409305
0.290232917565
0.285264445614
0.280637121134
0.276308545392
0.272011960442
0.26788967225
0.263982183042
0.260178634678
0.256523976057
0.25318976228
0.250064065297
0.247266883995
0.245000240536
0.243098604873
0.241564947914
0.240523904395
0.239950564897
0.239772049215
0.239988787779
0.240620394769
0.241649662826
0.242966197462
0.244582450269
0.24658101721
0.248863968111
0.251418558665
0.25443477834
0.257681292926
0.2609655793
0.26459916211
0.268422518847
0.272503012585
0.276928967087
0.281615343013
0.286223701223
0.290926020828
0.295929885278
0.300995315638
0.306050991423
0.310868514599
0.315294271431
0.319113419363
0.322299768661
0.324889897883
0.326901899719
0.328333296095
0.32927953367
0.329954395836
0.330513690816
0.331107854075
0.331875102762
0.332942772824
0.33441062797
0.336394411109
0.3390303042
0.342226415696
0.345789038223
0.349685535528
0.353830020699
0.358118999287
0.362271644245
0.366167174118
0.369741941537
0.3728295931
0.375353852004
0.377385663297
0.378841830373
0.379796177578
0.380475269703
0.3810753796
0.381824370172
0.382910850027
0.384522444911
0.386819959721
0.389739149556
0.393196909328
0.397220473772
0.401747256795
0.406459487241
0.411014149378
0.415214453964
0.418632801101
0.420843186299
0.421620827351
0.420743388335
0.418315269582
0.41453344582
0.409651319976
0.404009944936
0.398025723909
0.392156033872
0.386994833476
0.382930732977
0.379927558122
0.378051640258
0.377578556794
0.378490054082
0.380763010695
0.384261407646
0.388758469398
0.394084620089
0.40005563631
0.406431145601
0.412610540046
0.418324799812
0.423662772235
0.428072604102
0.431723305028
0.434684768716
0.436865334941
0.438388858097
0.439318051162
0.439793974807
0.4399155713
0.439762612271
0.439350797541
0.438658031818
0.437619235845
0.43612217209
0.434378083283
0.432338542529
0.429829701383
0.427023317754
0.424156553132
0.421491865612
0.419105505122
0.417013171711
0.415329884305
0.414340352673
0.414174161366
0.414896796249
0.416494517346
0.41888239527
0.422039515585
0.425812923837
0.429898041472
0.434126492546
0.438042335267
0.441357345916
0.443704024508
0.444664479537
0.444008167101
0.441705146698
0.43762185177
0.431654978241
0.424556767025
0.41658850705
0.40765654566
0.398725635623
0.390221682142
0.38323806728
0.378249435563
0.374855248642
0.372941815715
0.372558326829
0.373600200141
0.376078480775
0.379764258982
0.384398750744
0.389148121815
0.393380208083
0.396625745941
0.398631736782
0.398978107982
0.397154151719
0.393022926857
0.387073291777
0.379319120366
0.369951123279
0.36019250111
0.350554246338
0.340821742813
0.331285608445
0.32226417558
0.314021566606
0.306784284
0.300725252385
0.295975108826
0.292681846716
0.290939773339
0.290515851723
0.291256091165
0.293109294197
0.295905923158
0.299398674334
0.303694501327
0.30874538951
0.313894579696
0.319091323313
0.324398030433
0.329607446819
0.334601623663
0.339472150306
0.344108873327
0.348538922023
0.352496166185
0.356257803918
0.359638131475
0.362664322077
0.36561698684
0.368416468773
0.370993518895
0.373218635587
0.375033554304
0.376217454428
0.376543516709
0.376099322896
0.374832550445
0.37265295598
0.369713100991
0.366186508086
0.362055190128
0.35720119487
0.352359214532
0.347460208805
0.342568142827
0.337925873889
0.332686345997
0.32706387657
0.3218034917
0.316534933262
0.311266319646
0.305956630333
0.300645258111
0.295142330434
0.289726769856
0.284462017982
0.279205480314
0.274085259669
0.269356233834
0.265151197565
0.261452872457
0.258337105414
0.25584196642
0.253957045028
0.253035782416
0.253086000827
0.254166662436
0.256163728827
0.259027033541
0.263033111416
0.26808362606
0.274060047023
0.28084057928
0.288057325782
0.295533913121
0.30352402523
0.311803614455
0.319903885749
0.327611272602
0.335020358014
0.341862002611
0.347880429648
0.352873941812
0.356395181806
0.358607719186
0.359803012904
0.360017882355
0.359277210906
0.357612417116
0.355090417442
0.351594944801
0.347830889484
0.344218335385
0.339611460398
0.33411594409
0.328489159708
0.322504478662
0.316488154026
0.310583188332
0.304755657385
0.299080326999
0.294023888763
0.289963368637
0.286541817608
0.28379339495
0.281861745
0.280728987625
0.280281884017
0.280586303143
0.281492372923
0.282797355587
0.284379735342
0.28599570563
0.287337827802
0.288218709741
0.288608398525
0.288123161357
0.286520552842
0.283598184261
0.279729881955
0.275154110366
0.269801431365
0.263616763108
0.256557031683
0.2489867231
0.241226511593
0.233253765893
0.225168654516
0.217268826016
0.210499078753
0.204672300252
0.199235366544
0.198471428571
0.198514285714
0.198557142857
0.1986
0.198642857143
0.198685714286
0.198728571429
0.198771428571
0.198814285714
0.198857142857
0.1989
0.198942857143
0.198985714286
0.199028571429
0.199071428571
0.199114285714
0.199157142857
0.1992
0.199242857143
0.199285714286
0.199328571429
0.199371428571
0.199414285714
0.199457142857
0.1995
0.199542857143
0.199585714286
0.199628571429
0.199671428571
0.199714285714
0.199757142857
0.1998
0.199842857143
0.199885714286
0.199928571429
0.199971428571
0.200014285714
0.200057142857
0.2001
0.200142857143
0.200185714286
0.200228571429
0.200271428571
0.200314285714
0.200357142857
0.2004
0.200442857143
0.200485714286
0.200528571429
0.200571428571
0.200614285714
0.200657142857
0.2007
0.200742857143
0.200785714286
0.200828571429
0.200871428571
0.200914285714
0.200957142857
0.201
0.201042857143
0.201085714286
0.201128571429
0.201171428571
0.201214285714
0.201257142857
0.2013
0.201342857143
0.201385714286
0.201428571429
0.201471428571
0.201514285714
0.201557142857
0.2016
0.20303079837
0.206890476648
0.21004347686
0.212433319125
0.213931310321
0.214802501242
0.215132909111
0.215089083445
0.214826041292
0.214501614551
0.21429410324
0.214366927993
0.214825459439
0.215731013774
0.217233072071
0.219478700174
0.222273970771
0.225508657355
0.229388439912
0.233567545548
0.237905708241
0.242318594724
0.246683983695
0.250761108859
0.254484865513
0.257671427085
0.260102009097
0.261748595596
0.262611916183
0.262794606561
0.26241903196
0.261681602268
0.260777349053
0.259938122455
0.25937523463
0.259247170231
0.259636519903
0.260641598635
0.262411556378
0.264972218114
0.268423383709
0.272694864656
0.277340320912
0.282123669711
0.287195622009
0.292326879351
0.297164632933
0.301462366058
0.304973979522
0.307598144804
0.309437232003
0.310187941262
0.309685416622
0.308130012551
0.305555886701
0.302044804439
0.297743038337
0.293063463817
0.288012260765
0.283080074533
0.277686620801
0.272315935604
0.266923155558
0.261694212435
0.256645222564
0.251916046863
0.247449569533
0.243477781812
0.24041123848
0.238055935979
0.236145382413
0.23462690644
0.233552818889
0.232895063139
0.232570916544
0.232571702384
0.232820837459
0.233256785867
0.233820625137
0.234433347853
0.235061926696
0.235668546854
0.236273791417
0.236898855527
0.237503755012
0.238112045779
0.238643827307
0.239084028585
0.239461689886
0.239701185611
0.239743518822
0.239535087072
0.238972706938
0.237966561187
0.236535022533
0.234683047779
0.232350701776
0.229678532458
0.226559589926
0.223059948998
0.219723704328
0.21658580045
0.213824572564
0.211357517188
0.209191855796
0.207425297709
0.206191391611
0.206228571429
0.206271428571
0.206314285714
0.206357142857
0.2064
0.206442857143
0.20679102034
0.207510809456
0.208064872441
0.208344670212
0.208291940884
0.207865571708
0.207019921194
0.206785714286
0.206828571429
0.206871428571
0.206914285714
0.206957142857
0.207
0.207042857143
0.207085714286
0.207128571429
0.207171428571
0.207214285714
0.207257142857
0.2073
0.207342857143
0.207385714286
0.207428571429
0.207471428571
0.207514285714
0.207557142857
0.2076
0.207642857143
0.20769912496
0.21267104621
0.218328514373
0.223696696179
0.228959267204
0.233956250374
0.238415890711
0.242195002954
0.245204732109
0.247504526597
0.248807604415
0.249209598049
0.248766953838
0.247438489566
0.245403344697
0.242778419944
0.23987705429
0.236832542687
0.233422193683
0.229832994876
0.226076698502
0.222274674099
0.218877056278
0.215942970603
0.213388340855
0.211265840101
0.209757502337
0.208850261205
0.208885714286
0.208928571429
0.208971428571
0.209014285714
0.209057142857
0.2091
0.209142857143
0.209185714286
0.209228571429
0.209271428571
0.209314285714
0.209357142857
0.2094
0.209442857143
0.209485714286
0.209528571429
0.209571428571
0.209614285714
0.209657142857
0.2097
0.209742857143
0.209785714286
0.209828571429
0.209871428571
0.209914285714
0.209957142857
0.21
0.210042857143
0.210085714286
0.210128571429
0.210171428571
0.210214285714
0.210257142857
0.2103
0.210342857143
0.210385714286
0.210428571429
0.210471428571
0.210514285714
0.210557142857
0.2106
0.210642857143
0.210685714286
0.210728571429
0.210771428571
0.210814285714
0.210857142857
0.2109
0.210942857143
0.210985714286
0.211028571429
0.211071428571
0.211114285714
0.211157142857
0.2112
0.211242857143
0.211285714286
0.211328571429
0.211371428571
0.211414285714
0.211457142857
0.2115
0.211542857143
0.211585714286
0.211628571429
0.211671428571
0.211714285714
0.211757142857
0.2118
0.211842857143
0.211885714286
0.211928571429
0.211971428571
0.212014285714
0.212057142857
0.2121
0.212142857143
0.21269577248
0.215492702311
0.217067510234
0.217591580288
0.217310366544
0.216491763693
0.215400843831
0.214289883518
0.213371291808
0.212812629252
0.212756732822
0.21327586358
0.214358462654
0.215934307469
0.217871231842
0.219966264911
0.222006524188
0.223779011501
0.225078157488
0.225626389613
0.225198561195
0.223716117413
0.221184036302
0.21767504602
0.213407521285
0.213257142857
0.2133
0.213342857143
0.213385714286
0.213428571429
0.213471428571
0.213514285714
0.213557142857
0.2136
0.213642857143
0.213685714286
0.213728571429
0.213771428571
0.213814285714
0.213857142857
0.2139
0.213942857143
0.213985714286
0.221441987428
0.231381470261
0.242246239938
0.253561368783
0.265274156014
0.277641404406
0.290599978952
0.30448160494
0.31910409855
0.334290436792
0.349409505226
0.363211052202
0.375124614414
0.384722051274
0.391779777859
0.396046891714
0.39749823962
0.396411743917
0.393278014132
0.388776988027
0.383613689464
0.378396837105
0.373717228132
0.369980969192
0.367417382283
0.36604810244
0.365689978246
0.366053722678
0.366742745008
0.36729025295
0.367225582489
0.366065584855
0.363485315076
0.359509253317
0.354321610552
0.348062549259
0.341068445386
0.333736343848
0.326580650501
0.32040049746
0.315458406098
0.311829430108
0.309673222936
0.309040625843
0.309821662432
0.311775646643
0.314583010119
0.317850382248
0.321187666946
0.324239024195
0.326796337322
0.328595178161
0.329493630953
0.329625490728
0.329236517493
0.328617820668
0.328033864368
0.327718234389
0.327842568644
0.328480818242
0.329617580864
0.331152876677
0.33296716804
0.334864873185
0.336553552318
0.337809845309
0.33851152266
0.338586986731
0.337981111264
0.336680439618
0.334683764275
0.331990881847
0.328656947251
0.324712938085
0.320150031076
0.314912659
0.30902189689
0.302710999006
0.296115034304
0.289489206942
0.282998120505
0.276512420423
0.270189562384
0.264083349492
0.258263280476
0.252840869112
0.247836110914
0.243435008158
0.240019141328
0.237547486439
0.235854248872
0.234830343174
0.234266654886
0.233863511495
0.233240877002
0.23196330238
0.229582060481
0.225533413694
0.21932710441
0.218271428571
0.218314285714
0.218357142857
0.2184
0.218442857143
0.218485714286
0.218528571429
0.218571428571
0.218614285714
0.218657142857
0.2187
0.218742857143
0.218785714286
0.218828571429
0.218871428571
0.218914285714
0.218957142857
0.219
0.219042857143
0.219085714286
0.219128571429
0.219171428571
0.219214285714
0.219257142857
0.2193
0.219342857143
0.219385714286
0.219428571429
0.219471428571
0.219514285714
0.219557142857
0.2196
0.219642857143
0.219685714286
0.219728571429
0.219771428571
0.219814285714
0.219857142857
0.2199
0.219942857143
0.219985714286
0.220028571429
0.220071428571
0.220114285714
0.220157142857
0.2202
0.220242857143
0.220285714286
0.220328571429
0.220371428571
0.220414285714
0.220457142857
0.2205
0.220542857143
0.220585714286
0.220628571429
0.220671428571
0.220714285714
0.220757142857
0.2208
0.220842857143
0.220885714286
0.220928571429
0.220971428571
0.221014285714
0.221057142857
0.2211
0.221142857143
0.221185714286
0.221228571429
0.221271428571
0.221314285714
0.221357142857
0.2214
0.221442857143
0.221485714286
0.221528571429
0.221571428571
0.221614285714
0.221657142857
0.2217
0.221742857143
0.221785714286
0.221828571429
0.221871428571
0.221914285714
0.221957142857
0.222
0.222042857143
0.222085714286
0.222128571429
0.222171428571
0.222214285714
0.222257142857
0.2223
0.222342857143
0.222385714286
0.222428571429
0.222471428571
0.222514285714
0.222557142857
0.2226
0.222642857143
0.222685714286
0.222728571429
0.222771428571
0.222814285714
0.222857142857
0.2229
0.222942857143
0.222985714286
0.223028571429
0.223071428571
0.223114285714
0.224368831783
0.231934257081
0.238492105499
0.244007597329
0.248439381111
0.25149296514
0.252909115513
0.252797651346
0.251300850121
0.248572956495
0.24473399742
0.23996436346
0.234615536505
0.229066460814
0.22407879951
0.2238
0.223842857143
0.223885714286
0.223928571429
0.223971428571
0.224014285714
0.224057142857
0.2241
0.224142857143
0.226682250516
0.234216812041
0.242138880543
0.250169890111
0.258634165426
0.26732613397
0.275676584082
0.283462478574
0.290575508333
0.296824332714
0.301945016047
0.305921311426
0.308824125625
0.310668088394
0.311467961944
0.311274583753
0.310262154937
0.308589927955
0.306283391265
0.303568590466
0.300644107672
0.297684620596
0.294886725003
0.292474294364
0.290596988206
0.289366415332
0.288867656489
0.289149839574
0.290222295963
0.292044777294
0.294525755386
0.297644594081
0.30126533551
0.305033116785
0.308694843593
0.31202145881
0.314831310893
0.316977782648
0.318385952097
0.319036204338
0.318850314397
0.317860371589
0.316198237784
0.314015160509
0.31150138688
0.308824701253
0.306276070492
0.304252088629
0.303089783408
0.30307738337
0.304478714406
0.307548922299
0.312485511587
0.319407444067
0.328335530068
0.338819408277
0.350462439723
0.363381407744
0.377366769878
0.392128546476
0.407312956288
0.422192003078
0.436461575537
0.44988494487
0.462128743771
0.473456729456
0.484475852471
0.494890317885
0.503932406205
0.51164101118
0.518246325835
0.523828331591
0.52849634439
0.532347981363
0.535505967744
0.538158515064
0.540462154286
0.542570891681
0.544631652477
0.546777356755
0.549122453257
0.551708024397
0.554581997014
0.557830907397
0.561437226118
0.565279872994
0.569289327633
0.573427813789
0.577657115562
0.58173835324
0.585432828157
0.588564314955
0.591005892191
0.592692960718
0.593448899945
0.593201103727
0.591859828159
0.589494462304
0.586037166868
0.581493769043
0.575881345646
0.569125147876
0.561259238607
0.552359106711
0.542671795571
0.532721435497
0.522772647896
0.512638048958
0.502511145442
0.492582676148
0.483086796824
0.474382236793
0.466633674012
0.460106727844
0.454749002787
0.45044546127
0.447018669316
0.444240351187
0.441954674768
0.440253239709
0.439135194114
0.438247213171
0.437300398903
0.436084698562
0.434367166198
0.431930460625
0.428563612609
0.424068449957
0.418335635486
0.411527777878
0.403735285696
0.394829854759
0.384371412031
0.372380060693
0.359599520865
0.346026428232
0.331627140365
0.316820294534
0.301803914211
0.28663707717
0.271475237399
0.25649958822
0.241655431373
0.230386317562
0.230357142857
0.2304
0.230442857143
0.230485714286
0.230528571429
0.230571428571
0.230614285714
0.230657142857
0.2307
0.230742857143
0.230785714286
0.230828571429
0.230871428571
0.230914285714
0.230957142857
0.231
0.231042857143
0.231085714286
0.231128571429
0.231171428571
0.231214285714
0.231257142857
0.2313
0.231342857143
0.231385714286
0.231428571429
0.231471428571
0.231514285714
0.231557142857
0.2316
0.231642857143
0.231685714286
0.231728571429
0.231771428571
0.231814285714
0.231857142857
0.2319
0.231942857143
0.231985714286
0.232028571429
0.232071428571
0.232114285714
0.232157142857
0.2322
0.250662921261
0.270209116382
0.289590381393
0.308682702845
0.326871503806
0.343802898354
0.358730734764
0.37201013392
0.384159351897
0.394835315227
0.403319210275
0.409729640171
0.414317868783
0.41722574166
0.418877943037
0.419751652487
0.420389210721
0.421239808249
0.422624004214
0.424730249534
0.427543076569
0.430907094371
0.434779192329
0.438922028356
0.442865588018
0.446457609131
0.449506556375
0.45172137123
0.453027760998
0.453335575248
0.452773975238
0.45176152244
0.450883372337
0.450994925114
0.453018724857
0.457530988679
0.464672501383
0.474345217883
0.485966832609
0.498727396663
0.511444899507
0.522103245778
0.528999997586
0.531186932082
0.529337181124
0.524466590128
0.518059121154
0.51160983245
0.506480502548
0.503530307899
0.502975270517
0.504715595081
0.508182151554
0.512574765387
0.51710934309
0.520873895847
0.523126257602
0.523659754648
0.522506343486
0.519865514881
0.51637402476
0.512807435209
0.509581850748
0.507150424338
0.505871026052
0.505758408126
0.506561122243
0.507988271098
0.509554797617
0.51072241717
0.511182286307
0.51073811746
0.509399820769
0.507461419145
0.505355985421
0.50354873616
0.502369109021
0.502019575844
0.502384397129
0.503224299647
0.504157649354
0.504858645953
0.505103189388
0.504906189824
0.504508567843
0.504218044582
0.504228934042
0.504522169691
0.504854003279
0.504768498428
0.503755877911
0.501320009318
0.497278569964
0.492179759532
0.48663748483
0.481074310124
0.476348694705
0.47311294253
0.471539067977
0.471776679783
0.47376321335
0.477327691206
0.482062836367
0.487351875241
0.492561750684
0.49729495417
0.500993459061
0.5031268605
0.503241990992
0.501189368299
0.497243072074
0.491811590756
0.485694690865
0.479757789124
0.474496825493
0.470452882687
0.467880627575
0.466813077379
0.467222573411
0.468942439977
0.47169622588
0.475137526033
0.47898268318
0.482880868721
0.486427237224
0.489240202275
0.490866616787
0.491023385711
0.489499527811
0.48628438125
0.481581825389
0.475962480708
0.470405404411
0.465144386716
0.460426396384
0.456594828192
0.453676549885
0.451693895386
0.450513428616
0.449922801467
0.449702404915
0.449637879296
0.449524962905
0.449161975128
0.448335372524
0.446861517205
0.444587260986
0.441409131013
0.437364578416
0.43244692687
0.426690444497
0.420562163614
0.414552184076
0.408892515534
0.403946502122
0.400539532217
0.399188801932
0.399994355276
0.403112689085
0.4085375758
0.415925161231
0.425022201789
0.435102254785
0.445162041884
0.454441328519
0.462457318593
0.468342643444
0.471762258596
0.472751550389
0.471658724464
0.468880229557
0.465153728942
0.46128232929
0.457885363184
0.455338806145
0.453783063244
0.453251806868
0.453550976565
0.454370618558
0.455363736485
0.456377671742
0.457371743434
0.458487713015
0.46004393385
0.462461000046
0.466135197444
0.47118961944
0.477789036098
0.485087127702
0.492208653527
0.498894187596
0.504467009486
0.507517026196
0.50811524756
0.506761045771
0.504514461135
0.502226222658
0.50067669983
0.500461619613
0.501727932929
0.504416880791
0.508249882819
0.512307802056
0.516214944072
0.519478479212
0.521332584874
0.521588299057
0.519998492919
0.516357757912
0.510572593344
0.502802506265
0.493517374428
0.483258620781
0.473467621422
0.464343292775
0.456151589395
0.449463283761
0.444044329815
0.439481855144
0.435428182217
0.430765579107
0.424838025474
0.416601036416
0.404923890259
0.391198540723
0.376647202933
0.362308574247
0.348859928583
0.338192049807
0.33051303656
0.325621538082
0.323990904486
0.32568433493
0.330414843709
0.337633345568
0.346629112838
0.356090287853
0.366029712137
0.376216425885
0.385889596558
0.395119299202
0.403910632531
0.412736839972
0.42085050123
0.428576331227
0.435266328463
0.440758736706
0.443812832039
0.443704572261
0.439565286112
0.431593366188
0.420098261871
0.406316808358
0.390887045585
0.375645124952
0.362591188242
0.352227235454
0.345592460248
0.342754226132
0.34328987436
0.347417726638
0.35446796546
0.363438616239
0.374049310063
0.385934755492
0.397715928117
0.409288027783
0.420565538403
0.431561024816
0.442936115318
0.454552881263
0.4663519644
0.477761439765
0.487975730444
0.496937770541
0.503506171271
0.507184364757
0.507991976428
0.506564039264
0.503761531484
0.500483766988
0.497663653372
0.495828014188
0.49516878786
0.495432545344
0.496216467533
0.496966123351
0.497095013842
0.496342775296
0.494642043103
0.492290572366
0.489805782786
0.487569271813
0.486031099384
0.485104614885
0.48462841181
0.484125526214
0.482991774424
0.480638358798
0.476644736706
0.470605674696
0.462549101591
0.452656172673
0.441594089358
0.430078625545
0.418693261149
0.40770245408
0.396845674074
0.385923370755
0.375413574191
0.365148292596
0.355591513195
0.347666189798
0.341623227891
0.337811378158
0.336609808328
0.338017733299
0.341562256776
0.347299181005
0.354920279121
0.363659134388
0.372152365648
0.380029693123
0.38649903348
0.390888105324
0.393414999393
0.394476224727
0.394379930484
0.39350525159
0.392594873636
0.392305163532
0.3935822783
0.396906781876
0.402195368379
0.409668065282
0.419996916781
0.431240647659
0.442939948118
0.454235103417
0.463493950266
0.46923545263
0.470716432812
0.468106501093
0.461882228874
0.452572605604
0.44110987389
0.428002920362
0.414705246951
0.40190768713
0.389462776183
0.378114149256
0.367877128179
0.359552954774
0.352730993335
0.34688071622
0.341652477413
0.337520783252
0.334507511684
0.332465949303
0.33143627434
0.331529120766
0.332938059531
0.33572485829
0.340036249757
0.345973554974
0.353540307555
0.363139001537
0.374593846511
0.385953221408
0.39772981129
0.410287677511
0.422072103426
0.431953496322
0.439225237388
0.442955434613
0.443040834481
0.439588571475
0.433301753633
0.425505473543
0.417176887736
0.410174174831
0.405529855116
0.404248279292
0.40688278056
0.413957226687
0.424945812621
0.438016973721
0.452089076549
0.465204783601
0.475214997104
0.479559274655
0.476186147903
0.464608346661
0.445899655254
0.424093395706
0.401930375112
0.380517846172
0.360833708452
0.345059486577
0.334031541242
0.326859298162
0.322244322526
0.319430358514
0.317864376625
0.316720930374
0.315540127247
0.314280440539
0.313389555287
0.313348309337
0.3147953213
0.318201458598
0.32418946675
0.333710593742
0.346534944523
0.360562753188
0.376537490299
0.393996516412
0.410908750096
0.426605515004
0.440247993589
0.451299465419
0.459163602363
0.464216895953
0.467700612075
0.470536290785
0.473130816919
0.475965287847
0.478810021319
0.481290688932
0.482540260991
0.482313511194
0.480543368243
0.477600051564
0.474300486988
0.471577093606
0.470089718516
0.470332843124
0.4721744737
0.475854388335
0.480318217482
0.484743717264
0.48871528659
0.491571850601
0.492905424977
0.492766163506
0.491137939589
0.488455182219
0.485398680744
0.48204172057
0.478588971582
0.475072674309
0.47131650524
0.467421030383
0.463094557013
0.458666496953
0.454574094812
0.450985874116
0.448152588364
0.446573971857
0.446532054292
0.447711458212
0.449454597937
0.450954441688
0.451182773247
0.449015793693
0.444095153799
0.436473304501
0.427471930961
0.418040630867
0.409296739139
0.40147235849
0.393862453869
0.38482973542
0.373135677368
0.357761877369
0.338617722575
0.31444322211
0.286166174367
0.257458547831
0.252771428571
0.252814285714
0.252857142857
0.2529
0.252942857143
0.252985714286
0.253028571429
0.253071428571
0.253114285714
0.253157142857
0.2532
0.253242857143
0.25736967618
0.260874694525
0.263004141079
0.265196281659
0.268697314702
0.274571364471
0.283347706563
0.294751927804
0.307583471823
0.319807946862
0.330782483015
0.338446367352
0.340774396331
0.336388516895
0.325496781419
0.309663090568
0.28944413038
0.266948228199
0.254057142857
0.2541
0.254142857143
0.254185714286
0.254228571429
0.254271428571
0.254314285714
0.254357142857
0.2544
0.254442857143
0.254485714286
0.269435007204
0.284433734892
0.295448208595
0.300577343006
0.299155294329
0.291706203346
0.279490785597
0.264101235974
0.254871428571
0.254914285714
0.254957142857
0.255
0.255042857143
0.255085714286
0.255128571429
0.255171428571
0.255214285714
0.255257142857
0.2553
0.255342857143
0.255385714286
0.255428571429
0.255471428571
0.255514285714
0.255557142857
0.2556
0.255642857143
0.255685714286
0.255728571429
0.255771428571
0.255814285714
0.255857142857
0.2559
0.255942857143
0.255985714286
0.256028571429
0.256071428571
0.256114285714
0.256157142857
0.2562
0.256242857143
0.256285714286
0.256328571429
0.256371428571
0.256414285714
0.256457142857
0.2565
0.256542857143
0.256585714286
0.256628571429
0.256671428571
0.256714285714
0.256757142857
0.2568
0.256842857143
0.256885714286
0.256928571429
0.256971428571
0.257014285714
0.257057142857
0.2571
0.257142857143
0.257185714286
0.257228571429
0.257271428571
0.257314285714
0.257357142857
0.2574
0.257442857143
0.257485714286
0.257528571429
0.257571428571
0.257614285714
0.257657142857
0.2577
0.257742857143
0.257785714286
0.257828571429
0.257871428571
0.257914285714
0.257957142857
0.258
0.258042857143
0.258085714286
0.258128571429
0.258171428571
0.258214285714
0.258257142857
0.2583
0.258342857143
0.258385714286
0.258428571429
0.258471428571
0.258514285714
0.258557142857
0.2586
0.258642857143
0.258685714286
0.258728571429
0.258771428571
0.258814285714
0.258857142857
0.2589
0.258942857143
0.258985714286
0.259028571429
0.259071428571
0.259114285714
0.259157142857
0.2592
0.259242857143
0.259285714286
0.259328571429
0.259371428571
0.259414285714
0.259457142857
0.2595
0.259542857143
0.259585714286
0.259628571429
0.259671428571
0.259714285714
0.259757142857
0.2598
0.259842857143
0.259885714286
0.259928571429
0.259971428571
0.260014285714
0.260057142857
0.2601
0.260142857143
0.260185714286
0.260228571429
0.260271428571
0.260314285714
0.260357142857
0.2604
0.260442857143
0.260485714286
0.260528571429
0.260571428571
0.260614285714
0.260657142857
0.2607
0.260742857143
0.260785714286
0.260828571429
0.260871428571
0.260914285714
0.260957142857
0.261
0.261042857143
0.261085714286
0.261128571429
0.261171428571
0.261214285714
0.261257142857
0.2613
0.261342857143
0.261385714286
0.261428571429
0.261471428571
0.261514285714
0.261557142857
0.2616
0.261642857143
0.261685714286
0.261728571429
0.261771428571
0.261814285714
0.261857142857
0.2619
0.261942857143
0.261985714286
0.262028571429
0.262071428571
0.262114285714
0.262157142857
0.2622
0.262242857143
0.262285714286
0.262328571429
0.262371428571
0.264384613847
0.262457142857
0.2625
0.262542857143
0.262585714286
0.262628571429
0.262671428571
0.262714285714
0.262757142857
0.2628
0.262842857143
0.262885714286
0.262928571429
0.262971428571
0.263014285714
0.263057142857
0.2631
0.263142857143
0.263185714286
0.263228571429
0.263271428571
0.263314285714
0.263357142857
0.2634
0.263442857143
0.263485714286
0.263528571429
0.263571428571
0.263614285714
0.263657142857
0.2637
0.263742857143
0.263785714286
0.288845050281
0.317470830914
0.34114368328
0.359706148073
0.372773290944
0.380427177344
0.38343044309
0.385601526148
0.391106178237
0.402210137822
0.417592189022
0.434382213286
0.447684714661
0.45273396724
0.446813051636
0.429219510501
0.400476913171
0.36697373665
0.335625408734
0.311522771197
0.295020540121
0.287263205721
0.286210993954
0.288187363553
0.290795230612
0.293566552875
0.298992159127
0.311234833508
0.334303748582
0.367067396199
0.403309841628
0.433262696804
0.445009872557
0.432112798559
0.401735697898
0.366268788738
0.34033165237
0.332920454156
0.34459886679
0.369869899364
0.399385221096
0.420176096145
0.423009933206
0.408823140797
0.384371265988
0.357361758378
0.334270946834
0.318952299273
0.311245621638
0.30824416335
0.305017434072
0.297028502527
0.281895483834
0.2661
0.266142857143
0.266185714286
0.266228571429
0.266271428571
0.266314285714
0.266357142857
0.2664
0.266442857143
0.266485714286
0.266528571429
0.266571428571
0.266614285714
0.266657142857
0.2667
0.266742857143
0.266785714286
0.266828571429
0.266871428571
0.266914285714
0.266957142857
0.267
0.267042857143
0.267085714286
0.267128571429
0.267171428571
0.267214285714
0.267257142857
0.2673
0.267342857143
0.267385714286
0.267428571429
0.267471428571
0.267514285714
0.267557142857
0.2676
0.267642857143
0.284354807651
0.31544252951
0.354238093479
0.40074072008
0.45220481891
0.508821784887
0.566467511057
0.623176550454
0.671744348313
0.709964623525
0.738195133155
0.754991785046
0.760737571274
0.756344562679
0.742898253771
0.722026277584
0.695580397673
0.665045759922
0.631012651393
0.593833232251
0.553140542045
0.507767393847
0.457614006874
0.402923118538
0.342495016892
0.279412764796
0.2688
0.268842857143
0.268885714286
0.268928571429
0.268971428571
0.269014285714
0.269057142857
0.2691
0.269142857143
0.269185714286
0.269228571429
0.271357571207
0.301525626514
0.312031257965
0.305014899536
0.286666602599
0.269485714286
0.269528571429
0.269571428571
0.269614285714
0.269657142857
0.2697
0.286062058325
0.331113915413
0.369620925505
0.393416334174
0.399634856714
0.392157355968
0.378675579238
0.368526895603
0.367846725625
0.375727293666
0.385741568892
0.390738017846
0.388596950185
0.383763009867
0.380216108783
0.378188408077
0.376271270552
0.375334606128
0.378071307304
0.386312623662
0.399675813735
0.414389650375
0.424122387289
0.421347556593
0.402239015239
0.373576157447
0.349075120842
0.336766045923
0.33453478129
0.331503298446
0.316461831409
0.28884522941
0.271114285714
0.271157142857
0.2712
0.295782684359
0.326982317361
0.350284642584
0.362476427376
0.364516505482
0.357791973428
0.347011227542
0.342797211494
0.350042217325
0.366594941685
0.383548632066
0.389693831867
0.379169111671
0.350265973238
0.306614283389
0.271885714286
0.271928571429
0.271971428571
0.272014285714
0.295873664491
0.324077497805
0.340901520889
0.34948350629
0.357425996155
0.369700184507
0.386829627127
0.406645204092
0.426609216742
0.44261952802
0.45050205624
0.450764863381
0.450083671197
0.455346362477
0.466505918977
0.477408720182
0.482516557901
0.483526468594
0.485750991157
0.491880292263
0.500781478464
0.509471691719
0.514849534177
0.513892272754
0.50676243186
0.499189442057
0.497487630994
0.501393985201
0.504960935571
0.502745091318
0.496211092241
0.492694515323
0.497523060182
0.503933570674
0.497625888835
0.474612380769
0.454143168084
0.453772684174
0.4735981143
0.493894868601
0.492127829468
0.46490525708
0.437959226714
0.428771549189
0.436213424207
0.448709424967
0.45303156994
0.440886557208
0.41007197586
0.370373185761
0.338665172824
0.327343652834
0.335975984686
0.354258088422
0.366826215284
0.364910355793
0.350098584363
0.327624729989
0.301698922994
0.276521106568
0.274628571429
0.274671428571
0.274714285714
0.274757142857
0.2748
0.274842857143
0.274885714286
0.274928571429
0.274971428571
0.275014285714
0.275057142857
0.2751
0.275142857143
0.275185714286
0.275228571429
0.275271428571
0.275314285714
0.275357142857
0.2754
0.275442857143
0.275485714286
0.275528571429
0.275571428571
0.275614285714
0.275657142857
0.2757
0.275742857143
0.275785714286
0.275828571429
0.275871428571
0.275914285714
0.275957142857
0.276
0.276042857143
0.276085714286
0.276128571429
0.276171428571
0.276214285714
0.276257142857
0.2763
0.276342857143
0.276385714286
0.280607490688
0.281765431533
0.276514285714
0.276557142857
0.2766
0.287193341697
0.318560077708
0.322230532409
0.290569857381
0.276814285714
0.276857142857
0.2769
0.276942857143
0.276985714286
0.277028571429
0.300439582139
0.352183654196
0.3983201899
0.421563537504
0.413995865178
0.38267102606
0.346748647157
0.321326355219
0.309897657005
0.305565463
0.295632679737
0.277542857143
0.277585714286
0.277628571429
0.277671428571
0.277714285714
0.278017874627
0.307548029331
0.311032834477
0.290340194258
0.277928571429
0.277971428571
0.278014285714
0.278057142857
0.2781
0.278142857143
0.278185714286
0.278228571429
0.278271428571
0.278314285714
0.278357142857
0.2784
0.278442857143
0.278485714286
0.278528571429
0.278571428571
0.278614285714
0.278657142857
0.2787
0.278742857143
0.278785714286
0.278828571429
0.278871428571
0.278914285714
0.278957142857
0.279
0.279042857143
0.279085714286
0.279128571429
0.279171428571
0.279214285714
0.279257142857
0.2793
0.279342857143
0.279385714286
0.279428571429
0.279471428571
0.279514285714
0.279557142857
0.2796
0.279642857143
0.279685714286
0.279728571429
0.279771428571
0.279814285714
0.279857142857
0.2799
0.279942857143
0.279985714286
0.280028571429
0.280071428571
0.280114285714
0.280157142857
0.2802
0.280242857143
0.280285714286
0.280328571429
0.280371428571
0.280414285714
0.280457142857
0.2805
0.280542857143
0.280585714286
0.280628571429
0.280671428571
0.280714285714
0.280757142857
0.2808
0.280842857143
0.280885714286
0.280928571429
0.280971428571
0.281014285714
0.281057142857
0.2811
0.281142857143
0.281185714286
0.281228571429
0.281271428571
0.281314285714
0.281357142857
0.2814
0.281442857143
0.281485714286
0.281528571429
0.281571428571
0.281614285714
0.281657142857
0.2817
0.298917907583
0.31141469226
0.319934369412
0.329461202793
0.34382282113
0.363868751463
0.388264761491
0.414440358598
0.438779842191
0.459333409064
0.474620662275
0.483605874239
0.48623197839
0.484425801159
0.481369108972
0.48105600149
0.486529032702
0.498530429914
0.514761244801
0.532126795276
0.547571422489
0.558493724069
0.563083384722
0.559608600296
0.548502623998
0.533525810558
0.522175355353
0.525017089856
0.552029609073
0.60682328702
0.682854938761
0.768037115354
0.856369770447
0.937531658221
1.00517075914
1.05740930306
1.09482384002
1.11881417803
1.13075898737
1.13354641986
1.12916486153
1.11906474157
1.10401121191
1.08352551942
1.05654136591
1.02213860704
0.978378442755
0.923489834971
0.856206974166
0.776816456996
0.687088758264
0.584173235621
0.474777583632
0.369895342811
0.284057142857
0.2841
0.284142857143
0.284185714286
0.284228571429
0.284271428571
0.284314285714
0.284357142857
0.2844
0.284442857143
0.284485714286
0.284528571429
0.284571428571
0.284614285714
0.284657142857
0.332286916267
0.397759402712
0.449323208515
0.466291805131
0.462411238742
0.458788586994
0.448966081751
0.425345493335
0.406269968738
0.404051831434
0.405691304102
0.400007136419
0.396105421069
0.39923267203
0.393002527778
0.380859408954
0.388078278838
0.394386525595
0.359090862104
0.308754512086
0.289733150328
0.301932950616
0.321925910915
0.337120046571
0.345213872278
0.339410513186
0.324225033645
0.32096605579
0.332674707855
0.344763549873
0.349609094058
0.353393580687
0.360869915879
0.367503704338
0.376624287452
0.398307144643
0.423059703237
0.432142651369
0.427893707231
0.424836484386
0.430646463415
0.43893356233
0.439039171257
0.430483494755
0.418827323778
0.402127574878
0.378547354226
0.371815700835
0.38162103851
0.365156703514
0.325287105567
0.313481267043
0.321839542958
0.297734001079
0.287014285714
0.287057142857
0.2871
0.287142857143
0.287185714286
0.287228571429
0.287271428571
0.287314285714
0.287357142857
0.2874
0.287442857143
0.287485714286
0.287528571429
0.287571428571
0.287614285714
0.287657142857
0.2877
0.287742857143
0.287785714286
0.287828571429
0.287871428571
0.287914285714
0.30891687901
0.321845869344
0.288042857143
0.288085714286
0.288128571429
0.288171428571
0.288214285714
0.288257142857
0.2883
0.288342857143
0.288385714286
0.288428571429
0.288471428571
0.288514285714
0.288557142857
0.2886
0.288642857143
0.288685714286
0.288728571429
0.288771428571
0.288814285714
0.288857142857
0.2889
0.288942857143
0.288985714286
0.289028571429
0.289071428571
0.289114285714
0.289157142857
0.2892
0.289242857143
0.289285714286
0.289328571429
0.289371428571
0.289414285714
0.289457142857
0.2895
0.289542857143
0.289585714286
0.289628571429
0.289671428571
0.289714285714
0.289757142857
0.2898
0.289842857143
0.289885714286
0.289928571429
0.30600081276
0.314477193748
0.317472055613
0.342036505509
0.381248300282
0.397430009391
0.386568917135
0.386531438146
0.425163941402
0.481537694368
0.522823208652
0.549178046498
0.577681135776
0.612970091261
0.649153872793
0.685088438401
0.718513452877
0.742706671788
0.761121241686
0.793642162558
0.851466248186
0.90839824334
0.920919753331
0.886435112201
0.839298990434
0.815448899036
0.804025820948
0.782334785825
0.757837989353
0.756675311142
0.780627189728
0.805087387015
0.819445270385
0.83234327859
0.849386549325
0.863510362873
0.85894944671
0.823466362935
0.764985605373
0.71187805853
0.681815269742
0.65899912867
0.630232583007
0.617960143063
0.644732605645
0.684904735521
0.687517386608
0.649785266966
0.628424750341
0.655266662597
0.674384452048
0.653656342024
0.646362207564
0.641960814448
0.489184866927
0.292328571429
0.292371428571
0.298482147665
0.341181043728
0.355781308206
0.340310002596
0.292585714286
0.292628571429
0.292671428571
0.415329233528
0.395684073613
0.362991604578
0.430008153004
0.498419455556
0.508237640931
0.499982727731
0.507908203428
0.505815832809
0.448385487867
0.36362182122
0.35267281736
0.420193730985
0.475681976522
0.405161902911
0.293357142857
0.2934
0.293442857143
0.293485714286
0.293528571429
0.293571428571
0.293614285714
0.293657142857
0.2937
0.293742857143
0.293785714286
0.293828571429
0.293871428571
0.293914285714
0.293957142857
0.294
0.294042857143
0.294085714286
0.294128571429
0.294171428571
0.294214285714
0.294257142857
0.2943
0.294342857143
0.294385714286
0.294428571429
0.294471428571
0.294514285714
0.294557142857
0.2946
0.294642857143
0.294685714286
0.294728571429
0.294771428571
0.294814285714
0.294857142857
0.2949
0.294942857143
0.294985714286
0.295028571429
0.295071428571
0.295114285714
0.295157142857
0.2952
0.295242857143
0.295285714286
0.295328571429
0.295371428571
0.295414285714
0.295457142857
0.2955
0.295542857143
0.295585714286
0.295628571429
0.295671428571
0.295714285714
0.295757142857
0.2958
0.295842857143
0.295885714286
0.295928571429
0.295971428571
0.296014285714
0.296057142857
0.2961
0.296142857143
0.296185714286
0.296228571429
0.296271428571
0.296314285714
0.296357142857
0.2964
0.296442857143
0.296485714286
0.296528571429
0.296571428571
0.296614285714
0.296657142857
0.2967
0.296742857143
0.296785714286
0.296828571429
0.296871428571
0.296914285714
0.296957142857
0.297
0.297042857143
0.297085714286
0.297128571429
0.297171428571
0.297214285714
0.297257142857
0.2973
0.297342857143
0.297385714286
0.297428571429
0.297471428571
0.297514285714
0.297557142857
0.2976
0.297642857143
0.297685714286
0.297728571429
0.297771428571
0.297814285714
0.297857142857
0.2979
0.297942857143
0.297985714286
0.298028571429
0.298071428571
0.298114285714
0.298157142857
0.2982
0.298242857143
0.298285714286
0.298328571429
0.298371428571
0.298414285714
0.298457142857
0.2985
0.298542857143
0.298585714286
0.298628571429
0.298671428571
0.298714285714
0.298757142857
0.2988
0.298842857143
0.298885714286
0.298928571429
0.298971428571
0.299014285714
0.299057142857
0.2991
0.299142857143
0.299185714286
0.299228571429
0.299271428571
0.299314285714
0.299357142857
0.2994
0.299442857143
0.299485714286
0.299528571429
0.299571428571
0.299614285714
0.299657142857
0.2997
0.299742857143
0.299785714286
0.299828571429
0.299871428571
0.299914285714
0.299957142857
0.3
