#Sigma on LID for EDC from AICC2012.
0.22454331944143
0.22454331944143
0.22454331944143
0.22454331944143
0.22454331944143
0.22454331944143
0.22454331944143
0.22454331944143
0.22454331944143
0.22454331944143
0.22454331944143
0.22454331944143
0.22454331944143
0.22454331944143
0.22454331944143
0.22454331944143
0.22454331944143
0.22454331944143
0.22454331944143
0.22454331944143
0.22454331944143
0.22454331944143
0.22454331944143
0.22454331944143
0.22454331944143
0.22454331944143
0.22454331944143
0.22454331944143
0.22454331944143
0.22454331944143
0.22454331944143
0.22454331944143
0.22454331944143
0.22454331944143
0.22454331944143
0.22454331944143
0.22454331944143
0.22454331944143
0.22454331944143
0.22454331944143
0.22454331944143
0.22454331944143
0.22454331944143
0.22454331944143
0.22454331944143
0.22454331944143
0.22454331944143
0.22454331944143
0.22454331944143
0.22454331944143
0.22454331944143
0.22454331944143
0.22454331944143
0.22454331944143
0.22454331944143
0.22454331944143
0.22454331944143
0.22454331944143
0.22454331944143
0.22454331944143
0.22454331944143
0.22454331944143
0.22454331944143
0.22454331944143
0.22454331944143
0.22454331944143
0.22454331944143
0.22454331944143
0.22454331944143
0.22454331944143
0.22454331944143
0.22454331944143
0.22454331944143
0.22454331944143
0.22454331944143
0.22454331944143
0.22454331944143
0.22454331944143
0.22454331944143
0.22454331944143
0.22454331944143
0.22454331944143
0.22454331944143
0.22454331944143
0.22454331944143
0.22454331944143
0.22454331944143
0.22454331944143
0.22454331944143
0.22454331944143
0.22454331944143
0.22454331944143
0.22454331944143
0.22454331944143
0.22454331944143
0.22454331944143
0.22454331944143
0.22454331944143
0.22454331944143
0.22454331944143
0.22454331944143
0.22454331944143
0.22454331944143
0.22454331944143
0.22454331944143
0.22454331944143
0.22454331944143
0.22454331944143
0.22454331944143
0.22454331944143
0.22454331944143
0.22454331944143
0.22454331944143
0.22454331944143
0.22454331944143
0.22454331944143
0.22454331944143
0.22454331944143
0.22454331944143
0.22454331944143
0.22454331944143
0.22454331944143
0.22454331944143
0.22454331944143
0.22454331944143
0.22454331944143
0.22454331944143
0.22454331944143
0.22454331944143
0.22454331944143
0.22454331944143
0.22454331944143
0.22454331944143
0.22454331944143
0.22454331944143
0.22454331944143
0.22454331944143
0.22454331944143
0.22454331944143
0.22454331944143
0.22454331944143
0.22454331944143
0.22454331944143
0.22454331944143
0.22454331944143
0.22454331944143
0.22454331944143
0.22454331944143
0.22454331944143
0.22454331944143
0.22454331944143
0.22456178089857
0.22458020546714
0.22459858965571
0.22461697384429
0.22463556321714
0.22465419972571
0.22467309915143
0.22469315653143
0.22471321391143
0.22473301053714
0.22475271699857
0.22477204386143
0.22479027676571
0.22480850966857
0.22482698839
0.22484565158857
0.22486431478714
0.22488295536714
0.22490159467857
0.22492006585571
0.22493817830714
0.22495629075857
0.22497477595857
0.22499349457429
0.22501221319
0.22503103516571
0.22504985731714
0.22506855914143
0.22508707749429
0.22510559584714
0.22512421045857
0.22514285696
0.22516157749143
0.22518081905714
0.22520006062143
0.22521965708429
0.22523951170571
0.22525932460714
0.22527880667714
0.22529828874714
0.22531736593857
0.22533617084429
0.22535497575
0.22537313043429
0.22539128072143
0.22540948281429
0.22542780887571
0.22544613493714
0.22546497088857
0.22548411663714
0.22550326247429
0.22552240958571
0.22554155669857
0.22556117635429
0.22558125783286
0.22560134845286
0.22562156698143
0.22564178551143
0.22566100096286
0.22567966236143
0.22569831346857
0.22571644804
0.22573458261143
0.22575269391286
0.22577075545714
0.22578881700143
0.22580697010286
0.22582518252571
0.22584339495
0.22586214157
0.22588093624
0.22589972327143
0.22591849341143
0.22593726355286
0.22595573191571
0.22597407217
0.22599242997
0.22601132914
0.22603022831143
0.22604899229429
0.22606758405429
0.22608617581429
0.2261046238
0.22612303702429
0.22614165422429
0.22616147165571
0.22618128908571
0.22620132425
0.22622146486286
0.22624133498714
0.22626035713714
0.22627937928857
0.22629727344143
0.22631460436
0.22633193527714
0.22634967121143
0.22636748381714
0.22638536885286
0.22640397640714
0.22642258396286
0.22644096079714
0.22645906555
0.22647717030429
0.22649525553143
0.22651333437286
0.22653141205714
0.22654946479571
0.22656751753429
0.22658551295429
0.22660339260857
0.22662127226286
0.22663909336714
0.22665687408
0.22667465479143
0.22669276369143
0.22671093645
0.22672920226571
0.22674803085714
0.22676685944857
0.22678553545143
0.22680408176
0.22682262806857
0.22684092509429
0.22685919430286
0.22687761870571
0.22689659777571
0.22691557684571
0.22693458789429
0.22695361709429
0.22697263466429
0.22699148211
0.22701032955714
0.22702935710714
0.22704859166429
0.22706782622143
0.22708715626857
0.22710649475429
0.22712623771714
0.22714662390143
0.22716701008429
0.22718750462
0.22720800097571
0.22722754817714
0.22724644610286
0.22726534308
0.22728376905571
0.22730219503286
0.22732073050429
0.22733947494143
0.22735821937857
0.22737644246143
0.22739447350143
0.22741249427714
0.22742981253143
0.22744713078714
0.22746442947143
0.22748164261857
0.22749885576571
0.22751592993571
0.22753273519
0.22754954044571
0.22756633166714
0.22758310399286
0.22759987632
0.22761663190143
0.22763337113143
0.22765011036
0.22766667182
0.22768310448571
0.22769953715286
0.23055579226429
0.24084241557714
0.25121989025429
0.26087842672143
0.26981042017286
0.27811761041857
0.28583368305857
0.29275637021
0.29874557433429
0.30413271453286
0.30915860867
0.31368966227714
0.31770279020286
0.32142615051286
0.32509915543714
0.32895972605
0.33310078368286
0.33751004783857
0.34225237468571
0.34742639458429
0.35298448765143
0.35911984605714
0.36620655904
0.37368659171286
0.38151020897857
0.39002529183286
0.39916781677286
0.40893219962143
0.41890680000857
0.42875771458714
0.43820393818571
0.44715805002429
0.45550750868429
0.46300774682429
0.46941369598286
0.47468934065143
0.47855903356857
0.48100378363143
0.48241840493429
0.48307184589714
0.48326564473571
0.48324595863286
0.48334764881714
0.48386189883571
0.48497881913429
0.48678101373714
0.48933219497857
0.49239514243857
0.49587112111857
0.49966262591714
0.50335480197143
0.50637282980429
0.50863946858
0.51002834128571
0.51056844754
0.51026924916571
0.50920951229429
0.50754494790571
0.50574994041571
0.50434594939
0.50340290642571
0.50313322408
0.50365646483857
0.50489934225143
0.50676946686714
0.50890702468857
0.51102144477714
0.5127583484
0.51387129046429
0.51422549920429
0.51374271199286
0.51252383961
0.51091324757714
0.50913692353143
0.50732935931571
0.50595221603857
0.50514846230714
0.5049562626
0.50527646365143
0.50589793913143
0.50652585154571
0.50696909725857
0.50715983954571
0.50704959889
0.50657976638143
0.50569468360429
0.50456370716286
0.50349208202
0.50273453053714
0.50252227147429
0.50317506364714
0.50485463902571
0.50743255056857
0.5108157971
0.51488374294857
0.51925537386714
0.52349270161857
0.5273643574
0.53065552246714
0.53305914470857
0.53430611957
0.53459510344143
0.53423162986143
0.53347798416714
0.53256401290714
0.53164822516
0.53093300114857
0.53059371923571
0.53060951860714
0.53099433374
0.53168268830286
0.53259526302429
0.53362572945286
0.53462401227571
0.53554695509429
0.53624643870714
0.53648474323143
0.53607908880571
0.53486683906
0.53272862783571
0.52969504673857
0.52594604919143
0.52157450291571
0.51636141358571
0.51064491193857
0.50567751807429
0.50171272654714
0.49862831701
0.49658273546286
0.49566522091143
0.49570677912
0.49640182309143
0.49738385689857
0.49813435889857
0.49829815965
0.49763158143286
0.49595027231143
0.49320146169571
0.48968067912286
0.48588681839286
0.48233277452571
0.47921945687857
0.47680501506571
0.47544666813143
0.47536894495429
0.47676407850429
0.47953740774571
0.48367708008714
0.48910126461143
0.49548780722714
0.50245094063714
0.50961078790429
0.51658546908143
0.52279401303571
0.52809485401571
0.53248945262429
0.53569857896429
0.53737563362
0.53763802574714
0.53679917789
0.53521978966143
0.53330023447
0.53126654493143
0.52915414485429
0.52698074942714
0.52481511835857
0.52263775893857
0.52020820107571
0.51723585421714
0.51354650335714
0.50913408436857
0.50370300879714
0.49726552623
0.49073864760143
0.48476514444
0.48003813399
0.47686564872571
0.47543629284714
0.47581750242571
0.47808987910857
0.48218893980857
0.48783676773286
0.49465199734286
0.50187625950571
0.50870596474
0.51430165569429
0.51783954975143
0.51906355084571
0.5178354257
0.51435310937429
0.50925417486286
0.50343344635571
0.49783695639571
0.49265427720857
0.48819759402143
0.48509500349143
0.48360406196
0.48373227055571
0.48521892733
0.48782433619
0.49111507115143
0.49472176927
0.49806062709143
0.50056973402714
0.50187259995429
0.50159329735429
0.49954236055714
0.49572775688286
0.49021928143571
0.48339838372143
0.47603642246143
0.46879455873286
0.46201038919571
0.45607866284
0.45104134890571
0.44713649287857
0.44453007009
0.44341531776571
0.44371930612143
0.44530219858143
0.44808117082429
0.45152512144286
0.45534153508429
0.45939379705286
0.46356070696
0.46736260174286
0.47059502977857
0.47316112366857
0.47485011538429
0.47554250803857
0.47526407875143
0.47405679026429
0.47174128903714
0.46837031779286
0.46419459189
0.45923324172571
0.45343462251429
0.44676965189714
0.43947984386714
0.43191492353714
0.42367494627571
0.41515426016143
0.40677423325143
0.39814432933429
0.38996140937571
0.38208113238857
0.37453851002714
0.36769831933429
0.36163308135571
0.35664151923857
0.35256385294714
0.34932705352429
0.34700523375143
0.34579872629
0.34589011728286
0.34728505201
0.34985013294429
0.35352691683
0.35837009017143
0.36432903275
0.37124971588286
0.37876215752429
0.38696375105857
0.39553644637857
0.40413029466571
0.41267896879286
0.42066705385143
0.42782770886571
0.43387307506286
0.43846616741
0.44150162548571
0.44285501824286
0.44280163000571
0.44148509894429
0.43923382192429
0.43655529834286
0.43350649044143
0.43018559233714
0.42682080131714
0.42368189110143
0.42103428128286
0.41904516162429
0.41776137008429
0.41725666583143
0.41757440398857
0.41862418580857
0.42041510474714
0.42279135585714
0.42549149825143
0.42827829118429
0.43108356073857
0.43362238187571
0.43555504538286
0.43665021096286
0.43662126713286
0.43539856058143
0.43287492675
0.42917265973714
0.42456144037143
0.41924320596571
0.41354301309
0.40780354349857
0.40238507015
0.3976576535
0.39382776874286
0.39113950237143
0.38976103220429
0.38977459186286
0.39119742685286
0.39390643415286
0.3977256423
0.40234846862
0.40738591064
0.41298161210429
0.41876700979286
0.42393875438286
0.42820167743
0.43091458897286
0.43185317274714
0.43111589584143
0.42847184707
0.42397356398857
0.41782355798714
0.41007810794
0.40125471296286
0.39212901026286
0.38251333282
0.37211665696429
0.36165614096143
0.35220583973714
0.34400542467429
0.33672032124286
0.33056244892714
0.32557899725143
0.32184678506571
0.31965972234714
0.31878446277857
0.31909675044429
0.32049551707286
0.32283891953286
0.32616866942857
0.33028218104571
0.33460601577714
0.33906406823143
0.34379231657429
0.34857387185571
0.35302212175286
0.35719802701429
0.36102203088429
0.36456612934571
0.36789608683857
0.37096952587857
0.37396852976571
0.37705858613
0.38028500776714
0.38372899309
0.38751428886571
0.39186359758
0.39675678459429
0.40167080416429
0.40684859748286
0.41261091299429
0.41833378564857
0.42379614441571
0.42902667693143
0.43367998166857
0.43766171409857
0.44099058003714
0.44363619395857
0.44561148134
0.44710912779857
0.44832842853571
0.44940163191571
0.45041941826714
0.45158500807857
0.45306903265714
0.45481361884429
0.4568027466
0.45902114494286
0.46139384577429
0.46384465741571
0.46614516189
0.46799780843857
0.46932721256857
0.47010825432
0.47024247775
0.46972333889143
0.46851277031857
0.46671084642571
0.46432702817857
0.46123552424714
0.45766410212286
0.45368387723857
0.44936928367571
0.44510321619429
0.44089847660571
0.43667049789429
0.43284904060429
0.42961271490429
0.42684790079429
0.42458827233571
0.42285621608429
0.42159628697
0.42079294518429
0.42033473292714
0.42008862291571
0.42001623086286
0.41997264768429
0.41974739326857
0.41928138235286
0.41864347763
0.41767410856571
0.41627098316286
0.41460408188571
0.41254712551286
0.41021668947143
0.40781880907143
0.40527509154571
0.40262159733857
0.39979054478857
0.39674434183857
0.39359365503429
0.39038795333286
0.38724032359
0.38418912971714
0.38129322451571
0.37834616115143
0.37539837725571
0.37264354177143
0.36998761801571
0.36738826493143
0.36494373419857
0.36261825382714
0.36046922316286
0.35856069798571
0.35684148488714
0.35532622940571
0.35401800835143
0.35292497291429
0.35199876337857
0.35124080898714
0.35063555013143
0.35012169834
0.34970164250714
0.34933360203714
0.34905345931714
0.34890675717429
0.34887695771857
0.34899429461143
0.34932499362857
0.34987292537857
0.35057790176857
0.35134631213286
0.35227816656714
0.35347076895571
0.35483417403571
0.35641262173286
0.35824005915714
0.36026079219714
0.36231153986143
0.36456026734286
0.36701643764429
0.36956286883143
0.37232840267857
0.37532097389857
0.37843836236714
0.38160551245286
0.38474716425714
0.38800469037429
0.39126701856714
0.39432260139143
0.39719604302429
0.39959526205714
0.40160929296571
0.40334652931286
0.40462058324286
0.40543425357286
0.40590904101714
0.40621611501571
0.40650648502143
0.40687254241286
0.40735980375857
0.40809968425143
0.40910990692
0.41029481593857
0.41165639049143
0.41306913326143
0.41430188521714
0.41529790626
0.41590551895
0.41597805255571
0.41536322369
0.41392502835286
0.41162814386857
0.40865353773857
0.40480887934143
0.40020609446714
0.39492503021571
0.38895788427714
0.38277863746714
0.37645611051286
0.37025286508
0.36412448475143
0.35783640559714
0.35171810112571
0.34583907269
0.34001461888429
0.33433934550429
0.32880160133429
0.32360031246
0.31867853388286
0.31379603449857
0.30910066394286
0.30463186448143
0.30027149772286
0.29611534088143
0.29232253429571
0.28875875439571
0.28558778996571
0.28303729932714
0.28090867359571
0.27920595031857
0.27806149860714
0.27745459279714
0.27731424485
0.27762012462
0.27839594071857
0.27962728096
0.28117572616286
0.28307315201571
0.28545041896286
0.28816789172429
0.29116642969143
0.29469574611857
0.29850442637286
0.30237367856143
0.30667468518857
0.31121724031857
0.31605627306429
0.32127054318429
0.32675838284571
0.33215069324286
0.33765747941714
0.3435312845
0.34946836617857
0.35534394991857
0.36092532495
0.36608899661286
0.37051324108857
0.37416186755
0.37714355147714
0.37949912706714
0.38117288214714
0.38227656734286
0.38311556548286
0.38384676211286
0.38463619970429
0.38561202412714
0.38691153010571
0.38871136859714
0.39112348705143
0.39432339170857
0.39823555069286
0.40258467084
0.40733394034714
0.41241247119571
0.41764969723857
0.42270882910143
0.42745018211143
0.43185128884429
0.43570179474143
0.43890505006286
0.44160271965429
0.44367303306286
0.44516040097857
0.44627056561857
0.44722246292429
0.44845083526143
0.45013973371286
0.45240457336571
0.45550568006143
0.45934842748857
0.46375315813571
0.46880631106571
0.47452290524714
0.48053254940143
0.48627639431286
0.49159408527429
0.49592824600429
0.49875195215714
0.50001268708429
0.49933397266429
0.49683431230429
0.49271729249286
0.48727059527714
0.48100977249143
0.47431423481857
0.46765458506571
0.46174702064286
0.45707412658714
0.45365716209714
0.45163753074714
0.45127923580429
0.45250605309286
0.45534896636571
0.45972276622714
0.46532832024143
0.47193497756857
0.47927457894571
0.48702168688143
0.49446826604
0.50135601155571
0.50768081727286
0.51290776914286
0.51734203057143
0.52104197647286
0.52380630870286
0.52571583199
0.52686967489286
0.52748195545714
0.52771907578857
0.52767103325143
0.52723336166857
0.52635472950571
0.52510015688571
0.52333060454429
0.52117384959571
0.51855138483143
0.51534660025571
0.51175604077857
0.50811436749571
0.50478597044143
0.50181887764286
0.49918340558286
0.49696725045714
0.49551108596
0.49494777919
0.49547324601286
0.49701410161429
0.49949397538714
0.50297922980857
0.50717923087714
0.51175114865857
0.51652698818143
0.52094123008571
0.52468403990714
0.52732874741429
0.52841632348714
0.52762706324
0.52487512104571
0.51985959772286
0.51261245587857
0.50407337122571
0.49452858371
0.48387747100429
0.47329937945429
0.46322340899429
0.45481960086714
0.44875769859714
0.44465134973
0.44230107585714
0.44176454471143
0.44289884622
0.44571379683
0.44997225577143
0.45526976593714
0.46063199168286
0.46533833633571
0.46885300401714
0.47106257645857
0.47135362693143
0.46898540974571
0.46385189174143
0.45653334497
0.44703345948857
0.43572489843714
0.42399978558
0.41239711355857
0.4006838691
0.38921519157429
0.37835231970714
0.36842525566
0.35970731934429
0.35237353468571
0.34660554043857
0.34253428939571
0.34027604273
0.33958943896714
0.34022422411
0.34212022175714
0.34517190384429
0.34906976415
0.35388781554429
0.35956355631571
0.36533638616143
0.37113297776571
0.37707491879571
0.38292448301143
0.38850367209286
0.39391856528
0.39910279298571
0.40409373313
0.40859962522
0.41287942631714
0.41663965733714
0.41994813155571
0.42318627762286
0.42625911603714
0.42908496059714
0.43151019815429
0.43345746923429
0.43473422491
0.43497695930143
0.43428108531429
0.43281585520857
0.43036767947714
0.42700119652143
0.42287378609571
0.41798385811571
0.41220313450857
0.40649258868714
0.40074199163714
0.39496005124429
0.38943741073857
0.38318973546857
0.37644001550857
0.37009389859857
0.36384472529429
0.35764804856857
0.35138792882571
0.34511362419143
0.33868335313286
0.33241563346286
0.32629575008143
0.32012830321286
0.31421593361286
0.30882637200857
0.30402950991571
0.29981557943429
0.29622032906143
0.29327527980857
0.29100188872429
0.28986898679286
0.28989392294857
0.29111915015143
0.29335426608143
0.29659400382714
0.30116820567571
0.30691605413571
0.31363082201714
0.32121618339143
0.32933316105429
0.33776731817429
0.34672845226857
0.35596455004857
0.36498543095857
0.37352636662714
0.38167724354143
0.38917510351857
0.39571604677143
0.40108336125857
0.40480839413429
0.40699302683
0.40812935015571
0.40820982838857
0.40714659105143
0.40498441883143
0.40182266578
0.39754651895286
0.39300065859714
0.38859146222571
0.38297804956286
0.37633904517
0.36969981933429
0.36271293952143
0.35567788633143
0.34876977553286
0.34198814837429
0.33541961935571
0.32963321665143
0.32492644521571
0.32084915695143
0.31753881895714
0.31524924483857
0.31388633877714
0.31326864587714
0.31347099534857
0.31435460484286
0.31567656723143
0.31731332800429
0.31893434580143
0.32014847886286
0.32090979883571
0.32116584543
0.32049559610286
0.31859963420286
0.31521095041714
0.31073210143286
0.30544757100286
0.29935810647286
0.29236551969857
0.28437873505571
0.27585937403
0.26713347012857
0.25814121412
0.24904409589286
0.24018650231429
0.23661946982857
0.23662962396714
0.23663976149714
0.23664989902571
0.23666003655429
0.23667014892714
0.23667996214143
0.23668977535571
0.23669958857
0.23670940178429
0.23671922556429
0.23672916109286
0.23673909662143
0.23674903215
0.23675896767857
0.23676896437429
0.23677929040429
0.23678961643571
0.23679994246571
0.23681026849714
0.23682084507571
0.23683177728286
0.23684270949143
0.2368536417
0.23686457390857
0.23687557382571
0.23688657860286
0.23689758338143
0.23690858815857
0.23691946863429
0.23693021566571
0.23694096269714
0.23695170972857
0.23696245676
0.23697318323429
0.23698390803714
0.23699463284
0.23700535764286
0.23701602526429
0.23702659026
0.23703715525571
0.23704772025143
0.23705828524714
0.23706884542714
0.23707940375143
0.23708996207571
0.23710052039857
0.23711110376143
0.23712196434286
0.23713282492429
0.23714368550429
0.23715454608571
0.23716536697857
0.23717615829429
0.23718694960857
0.23719774092429
0.23720852253429
0.23721903004857
0.23722953756143
0.23724004507429
0.23725055258714
0.23726097342286
0.23727124843429
0.23728152344571
0.23729179845714
0.23730207346857
0.23731222801286
0.23732230421286
0.23733238041429
0.23734245661429
0.23735253281571
0.23736258175429
0.23737262136286
0.23738266097143
0.23739270058
0.23740274018857
0.23741278577714
0.23742283228714
0.23743287879857
0.23744292530857
0.23745297182
0.23746333339
0.23747369778857
0.23748406218714
0.23749442658571
0.23750483712714
0.23751537542429
0.23752591372
0.23753645201714
0.23754699031286
0.23755733822429
0.23788279850286
0.24041151225857
0.24357511273286
0.24718054254714
0.25146971160286
0.25609773113571
0.26091798863571
0.26581919939429
0.27067439747857
0.27514852481143
0.27924407277
0.28283360885714
0.28560755271429
0.28751184951143
0.28846997623571
0.28860415116
0.28818505843143
0.28740098824429
0.28641334844714
0.28549875367429
0.28494796368
0.28498101930143
0.28559464244571
0.28681007069857
0.28884521697571
0.29173465109286
0.29564948685286
0.30055338647429
0.30585545165857
0.31124399472714
0.31687450911143
0.32255125201429
0.32794643806
0.33276871643571
0.33680165442
0.33987668916714
0.34204590417714
0.34297165649
0.34243787054429
0.34071914167
0.33792102089714
0.33411246378714
0.32940920572571
0.32425096146
0.31866387917
0.31319457106286
0.30720320104
0.30123839582857
0.29531026566857
0.28953485790714
0.28389772027429
0.27861543871571
0.27364141938857
0.26920650209143
0.26578030100571
0.26316111376571
0.26105042029429
0.25934762412143
0.25809464148714
0.25732377589429
0.25696908932571
0.25694395480429
0.25716858783429
0.25759699234857
0.25817499900286
0.25880744166286
0.2594703744
0.26009980783714
0.2607106674
0.26133955882571
0.26192650207
0.26252200190857
0.26305951484429
0.26350582290429
0.26388195334286
0.26410125845571
0.26413754336571
0.26391748972
0.26332053338571
0.26222688109857
0.26068477942714
0.25867276791143
0.25609139153143
0.25309740838286
0.24955335589857
0.24558737498857
0.24186328097571
0.23842764861714
0.23843731267714
0.23844713674286
0.23845696080714
0.23846678487143
0.23847660893571
0.23848658529143
0.23849672102571
0.23850685675857
0.23851699249286
0.23852712822714
0.23853747568714
0.23854793404429
0.23855839240143
0.23856885075857
0.23857930911571
0.23859008925
0.23860087832429
0.23861166739857
0.23862245647286
0.23863339243571
0.23864452056571
0.23865564869571
0.23866677682714
0.23867791611143
0.23868939493429
0.23870087375714
0.23871235258143
0.23872383140429
0.23873531537857
0.23874680093571
0.23875828649429
0.23876977205286
0.23878112874286
0.23879235677286
0.23880358480143
0.23881481283143
0.23882600614
0.23883698281714
0.23884795949571
0.23885893617286
0.23886991285143
0.23888072242571
0.24339381301571
0.24905409738286
0.25447494775286
0.25926601664571
0.26330572115571
0.26651315721857
0.26891245730714
0.27018901401143
0.27048089689714
0.26985746543429
0.26825106865714
0.26590299833286
0.26290218372
0.25955126780286
0.25608708381
0.25226223326571
0.24828273104143
0.24413354807
0.23991741747571
0.23908697559429
0.23909696077714
0.23910694596
0.23911693114429
0.23912694657857
0.23913696709429
0.23914698761
0.23915700812714
0.23916702864286
0.23917684634429
0.23918665739286
0.23919646844
0.23920627948857
0.23921609053571
0.23922603377571
0.23923598027429
0.23924592677286
0.23925587327143
0.23926582613429
0.23927589589429
0.23928596565429
0.23929603541429
0.23930610517571
0.23931623458857
0.23932662230286
0.23933701001714
0.23934739773143
0.23935778544571
0.23936853646714
0.23937969313571
0.23939084980429
0.23940200647286
0.23941317306
0.23942445023571
0.23943572741143
0.23944700458857
0.23945828176429
0.23946914228286
0.23947985569
0.23949056909714
0.23950128250286
0.23951196363286
0.23952248405
0.23953300446857
0.23954352488571
0.23955404530429
0.23956460860571
0.23957521285
0.23958581709429
0.23959642133857
0.23960702558143
0.23961772780286
0.23962844179857
0.23963915579429
0.23964986978857
0.23966061992714
0.23967144645714
0.23968227298714
0.23969309951714
0.23970392604714
0.23971484298429
0.23972578293143
0.23973672287714
0.23974766282429
0.23975863913857
0.23976969273286
0.23978074632571
0.23979179992
0.23980285351429
0.23981363275571
0.23982437770429
0.23983512265429
0.23984586760286
0.23985651840714
0.23986697851143
0.23987743861571
0.23988789872
0.23989835882429
0.23990879338429
0.23991921406571
0.23992963474857
0.23994005543143
0.23995047611429
0.2399608595
0.23997124082857
0.23998162215857
0.23999200348857
0.24000242818714
0.24001299830857
0.24002356843
0.24003413855
0.24004470867143
0.24005539301429
0.2400661548
0.24007691658714
0.24008767837286
0.24009843556286
0.24010909449429
0.24011975342571
0.24099509745429
0.24310015815
0.24470235210429
0.24549880747143
0.24523622262286
0.24382981106143
0.24129004854286
0.24020362227571
0.24021389929429
0.24022417631429
0.24023445333286
0.24024473035286
0.24025525084429
0.24026577537286
0.24027629990143
0.24028682443
0.24029751565
0.24030854555143
0.24031957545286
0.24033060535429
0.24034163525571
0.24035289938286
0.24036419269
0.24037548599714
0.24038677930429
0.24039827667714
0.24040993955429
0.24639218673429
0.25762294929
0.26994749175429
0.28274560295714
0.29595449193143
0.30991876727571
0.32457177850857
0.34025752633143
0.35678007696571
0.37395103419857
0.39105214036286
0.40666187635286
0.42016944924286
0.43111111219143
0.43923324397429
0.44424850139143
0.44610010330857
0.44507269606857
0.44178338142714
0.43700545235429
0.43148332308571
0.42588341280714
0.42086392871143
0.41686178838
0.41412130753143
0.41273837631571
0.41252669581
0.41316219391571
0.41415838363857
0.41496235189286
0.41503812513286
0.41390163339571
0.41125338647286
0.40702397996286
0.40139399873714
0.39451621119286
0.38681388439429
0.37877011939143
0.37079812403429
0.36385266563143
0.35828681255429
0.35424390247429
0.35192302002857
0.35131284087429
0.35222324636286
0.35438971211714
0.35753516987429
0.36122943681857
0.36500279515143
0.36844204734
0.37124964769429
0.37310595416429
0.37389589184
0.37383556041429
0.37318165451
0.37224665753
0.37130653632
0.37061323441143
0.37035968312143
0.37066962695714
0.37160134562429
0.37294575624
0.37445447287857
0.37599487798571
0.37729805831857
0.37813021055714
0.37836024896
0.37792116587429
0.37678173470143
0.37495022518571
0.37234012810429
0.36892312268286
0.36477828990571
0.35993628071714
0.35439525942
0.34810954209571
0.34113604277714
0.33374903923857
0.32607336034
0.31837830156143
0.31083189572286
0.30326733730571
0.29589847603286
0.28879393510143
0.28202611669286
0.27573050509143
0.26988609328714
0.26468372533714
0.26061990076
0.25759019825571
0.25535736206429
0.25387827945429
0.25292990825429
0.25215629849571
0.25112895264
0.24938581916143
0.24645422136857
0.24170372613429
0.24153166872143
0.24154308842857
0.24155450813571
0.24156592784143
0.24157719570286
0.24158844201571
0.24159968833
0.24161093464286
0.24162227818714
0.24163371128286
0.24164514437714
0.24165657747143
0.24166816785571
0.2416802659
0.24169236394429
0.24170446198857
0.24171649388429
0.24172824005857
0.24173998623429
0.24175173240857
0.24176348085714
0.24177535223143
0.24178722360571
0.24179909497857
0.24181096635286
0.24182332474
0.24183574190857
0.24184815907857
0.24186057624714
0.24187265176857
0.24188470847
0.24189676517286
0.24190882187571
0.24192136882571
0.24193397925857
0.24194658969
0.24195920022571
0.24197189007571
0.24198457992429
0.24199726977429
0.24200994020429
0.24202249287143
0.24203504554
0.24204759820857
0.24206022665
0.24207309552857
0.24208596440571
0.24209883328429
0.24211178547
0.24212484648857
0.24213790750714
0.24215096852429
0.24216447622714
0.24217819075
0.24219190527143
0.24220566254571
0.24221975825571
0.24223385396429
0.24224794967429
0.24226187418
0.24227570127857
0.24228952837857
0.24230330499286
0.24231660111286
0.24232989723286
0.24234319335286
0.24235627876286
0.24236906261714
0.24238184647143
0.24239463032714
0.24240747163857
0.24242035456143
0.24243323748571
0.24244612041
0.24245908038143
0.24247206233
0.24248504427714
0.24249802879143
0.24251150759143
0.24252498639
0.24253846519
0.24255201097571
0.24256567016857
0.24257932936
0.24259298855143
0.24260653326857
0.24262004672571
0.24263356018286
0.24264704112
0.24266035259286
0.24267366406571
0.24268697554
0.24270023566286
0.24271344049
0.24272664531714
0.24273985014571
0.24275328116857
0.24276677888857
0.24278027660857
0.24279373986571
0.24280699751143
0.24282025515857
0.24283351280429
0.24284672335286
0.24285987613143
0.24287302891
0.24288618168857
0.24289929911857
0.24291240315429
0.24292550719
0.24293861122714
0.2429512334
0.24296384945571
0.24297646551143
0.24298906156286
0.24300148735571
0.24301391314714
0.24302633894
0.24303871415857
0.24305083038714
0.24306294661714
0.24307506284714
0.24308713837571
0.24309891793857
0.24311069750143
0.24312247706571
0.24313425662857
0.24314586463714
0.24315746603286
0.24316906742857
0.24318066882286
0.24319192232
0.24320305422286
0.24321418612714
0.24322531803
0.24323658592714
0.24324811654714
0.24325964716714
0.24327117778571
0.24328276947429
0.24329495466
0.24330713984571
0.24331932503143
0.24333148780286
0.24767334723429
0.25513896413571
0.26207476443857
0.26837744474429
0.27385646551143
0.27828003465143
0.28166168137286
0.28405963598571
0.28547357840857
0.28593259381
0.28549363314571
0.28431555508286
0.28254429272286
0.28022065811571
0.27756208718571
0.27470317880714
0.27178476795286
0.26898596175286
0.26652916679286
0.26456541809
0.26318959404
0.26243853279571
0.26237941297714
0.26303837338143
0.26439969098857
0.26641623849714
0.26904450347571
0.27211557183571
0.27527998313143
0.27833044943571
0.28110216354
0.28343363390714
0.28519424070429
0.28631587399857
0.28677073438857
0.28645224424143
0.28538926993286
0.28371940510286
0.28158338286143
0.27920128543
0.27675060994857
0.27444232395143
0.27257010075429
0.27143025887
0.27129424219714
0.27240787910143
0.27501798824857
0.27930018473143
0.28537768621429
0.29326680169714
0.30251969288857
0.3127607155
0.32411657620143
0.33643482449429
0.34945597061714
0.36286234334
0.37601332269286
0.38862392972857
0.40047141332286
0.41126430002286
0.42125119080571
0.43098833562571
0.44022175024286
0.44829526543143
0.45525109228429
0.46122963349714
0.46626907569714
0.47048930636
0.47399334444714
0.47688440245
0.47932336420286
0.48145781166429
0.48341508952143
0.48531298174143
0.48729632254571
0.48951519818
0.49198952213
0.49474432588857
0.49786852280857
0.50138658236
0.50512928994
0.50896265818857
0.51288108698286
0.51688748200143
0.52076124972286
0.52430187086286
0.52736191526286
0.52983521512857
0.53164408442857
0.53263294409571
0.53274564694
0.53188887594571
0.53010520054571
0.52733530924857
0.52357725900429
0.51884571056714
0.51305607263143
0.50622491247143
0.49843482765571
0.48995081604857
0.48123849440286
0.47253532639429
0.46367988661571
0.45484955890857
0.4462269435
0.43801088501571
0.43048895300143
0.42382271467429
0.41827465127429
0.41379612252286
0.41027596059429
0.40755052448
0.40540220064143
0.40370408338857
0.40255090516857
0.40191986154143
0.40149187499714
0.40099954003571
0.40023031063857
0.39898006413
0.39704869197429
0.39424966015857
0.39042631161143
0.38552362049571
0.37967786802571
0.37291860881286
0.36511362395143
0.35586983385714
0.34520382261714
0.33381476568429
0.32170860599286
0.30885353605286
0.29563144964429
0.28217827097286
0.26848360431857
0.25473522871857
0.24502147031143
0.24503432153143
0.24504717372571
0.24506003044714
0.24507288716714
0.24508574388857
0.24509865023
0.24511164202286
0.24512463381571
0.24513762561
0.24515062071571
0.24516361805714
0.24517661539857
0.24518961274
0.24520281717
0.24521606435143
0.24522931153286
0.24524262510143
0.24525637701286
0.24527012892571
0.24528388083857
0.24529713935714
0.24531002547286
0.24532291158857
0.24533579770286
0.24534809572857
0.24536021701286
0.24537233829571
0.24538445958
0.24539662235429
0.24540880062143
0.24542097888857
0.24543315715571
0.24544511976714
0.24545699267429
0.24546886558286
0.24548073849
0.24549269424286
0.24550470976429
0.24551672528571
0.24552874080714
0.24554117288714
0.24584012953571
0.24671853904
0.24766778200857
0.24853371733143
0.24938037009
0.27007464731571
0.29207141801714
0.31401911593714
0.33579071184286
0.35669725714571
0.37637508682714
0.39396522252714
0.40986990817143
0.42473324416286
0.43823914437714
0.44911885609714
0.45757075899
0.46407583004429
0.46879623745429
0.47212033301143
0.47439682888571
0.47629315083714
0.47835460281143
0.48107782649571
0.48471764617571
0.48917613285143
0.49427299162286
0.50005179949429
0.50616459510286
0.51188411231857
0.51710374406857
0.52169724063
0.52540860839143
0.52806007945
0.52950625527
0.53001583235429
0.53001318632429
0.53000287663571
0.53105695123286
0.53428478503714
0.54031145200571
0.54944510147857
0.56152331836
0.57583048611143
0.59151867442143
0.60732201457714
0.62061990794571
0.62927570590571
0.63229989601714
0.63045653358857
0.62496088040857
0.61751577938571
0.61004324304143
0.60427323223429
0.60108109363429
0.60074335433
0.60315255329143
0.60763191545714
0.61316586335286
0.61873607852571
0.62337906036143
0.62627186425286
0.62711069399857
0.62597253866143
0.62302640274714
0.61906824947143
0.61503395312714
0.61127934851857
0.60839562078857
0.60689197593714
0.60675678222857
0.60775794076857
0.60954897659286
0.61150823287571
0.61295968651857
0.61345448127286
0.6127386728
0.61082372492
0.60824957109714
0.60558297697143
0.60332050721
0.60186555034571
0.60138702468714
0.60175478277429
0.60275136550714
0.60384714199571
0.60456653563
0.60472416469143
0.60432669544857
0.60362060579143
0.60303491669143
0.60286311377143
0.60307834831
0.60331449391286
0.60297785969714
0.60153720744571
0.59847540050143
0.59356270784286
0.58735182656857
0.58058310169571
0.57385573827857
0.56821081995857
0.56436501904857
0.56243599533143
0.56256653012143
0.56474493020571
0.56881358383571
0.57423703651
0.58032069827571
0.58634115556
0.59178529986429
0.59598607385429
0.59828775108571
0.59825393053857
0.59564300268286
0.59074391929143
0.58412212209714
0.57664682902143
0.56934305850143
0.5628222516
0.55773992251286
0.55446025312429
0.55301568759571
0.55325796565571
0.55499148064857
0.55800851232
0.56185386743286
0.56602131343857
0.57014019252286
0.57389737172286
0.57689026656714
0.57855597842714
0.57853059746286
0.57657932510571
0.57269370918571
0.56711163661143
0.56047652893286
0.55388307355857
0.54757073508
0.54189853866429
0.53736290509714
0.53394527714571
0.53157525664714
0.53007923138286
0.52920835609571
0.52875025952286
0.52849712937714
0.52822762617571
0.52764766396429
0.52647037513143
0.52461209167286
0.52192006454286
0.51820792799571
0.51346047243286
0.50765546479429
0.50084543929429
0.49358199399429
0.48650422913286
0.47985553488429
0.47399116770714
0.46991589895429
0.46836645234286
0.46943927727429
0.47319123940571
0.47963289182286
0.48841784226143
0.49912012017
0.51090650418571
0.52266506105143
0.53351822324857
0.54290091363286
0.54988473877143
0.55409436834429
0.55544277914714
0.55428324435429
0.55117502363714
0.54701188144857
0.54261118350286
0.53873415886
0.53590178441286
0.53423175011
0.53379734178
0.53434809801571
0.53547628999286
0.53681116952143
0.53811199514143
0.53932527737143
0.54072670808429
0.54262854913286
0.54551788103857
0.54997836375571
0.55603378746429
0.56375019805714
0.57219049615429
0.58056871524286
0.58870665906143
0.59550092323286
0.59913732771857
0.59974969207286
0.59790425461857
0.59476235042857
0.59157867908429
0.58939238244286
0.58856173481286
0.58965036348143
0.59246264913857
0.59651003067143
0.60081649308286
0.60502992646143
0.60851903511286
0.61044735695143
0.61064778173714
0.60859635680857
0.60414656201429
0.59716805989714
0.58803057617286
0.57716333095143
0.56513510773286
0.55357777934714
0.54278394238
0.5330849925
0.52515378975571
0.51870593470714
0.51312929685714
0.50811159365286
0.50237970273429
0.49508931581429
0.4850366576
0.47098475940429
0.45458006468714
0.43729401504286
0.42036778736857
0.40458831492857
0.39207467252571
0.38303372133857
0.37720197144714
0.37511952244571
0.37697472076571
0.38234419195286
0.39056478939571
0.40083371595857
0.41167299013571
0.42307748389571
0.43476308664714
0.44588934935
0.45657429384286
0.46678544907286
0.47693319241571
0.48625637468714
0.49514648691
0.50283007664857
0.50912215868
0.51256255579571
0.51235810741429
0.50761332830286
0.49848314297286
0.48531900627286
0.46950833508857
0.45171375058429
0.43419210188714
0.41929251662429
0.40748852945429
0.40000535285143
0.39683191889429
0.39742757253143
0.40221313175714
0.4104471688
0.42102479393143
0.43355911797429
0.44763679020429
0.46171447611
0.47555556495429
0.48895519284714
0.50216574544
0.51575619843571
0.52957525429
0.54357341744857
0.55711217950857
0.56906085265714
0.57948447185143
0.58714811788571
0.59140245865
0.59226526906143
0.59054209524857
0.58711538211143
0.58307722805857
0.57947481024
0.57684748216429
0.57549411625571
0.57546903073143
0.5762144014
0.57696035953
0.57705140063429
0.57617082236143
0.57415802862429
0.57133169784
0.56861884258857
0.56638268804
0.56466199122286
0.56372669607286
0.56349245153143
0.56293073001143
0.56138397535571
0.55853316437
0.55391986235143
0.54690497249286
0.53756545327571
0.52614716208714
0.51336363891143
0.50004389037714
0.48682761327429
0.47392676897571
0.46115979322571
0.44830915318286
0.43591781127
0.42387186891
0.41264223070286
0.40324437592143
0.39604181925429
0.39143821278286
0.38987338993857
0.39132513002571
0.39518185686143
0.40149590510286
0.41000148847857
0.41982553274857
0.42931984849
0.43806353854143
0.44510766697571
0.44975545422
0.45232178497
0.45319355371286
0.45270148222286
0.45139313124286
0.45005284977143
0.44949371720857
0.45072139074143
0.45419404016571
0.45991758643286
0.46827506312857
0.47993673488857
0.49264311414286
0.50589407284571
0.51866744030857
0.52916522703
0.53575339827714
0.53758382526429
0.53472787824286
0.52772458529286
0.51715669427286
0.50406863627286
0.48906849497429
0.47393561837571
0.45947308016
0.44542194439286
0.4325930685
0.42114210019571
0.41186726645286
0.40422194978143
0.39767150603429
0.39187847454429
0.38731524530571
0.38399248787
0.38181105162857
0.38079174132286
0.38102496049571
0.38267693344143
0.38583390082714
0.39077163469
0.39757440946143
0.40606419514143
0.41670024114857
0.42962681252714
0.44266427023143
0.45612500546286
0.47034639427286
0.48371688202714
0.49482062533857
0.50270178321571
0.50645363972857
0.50597266681571
0.50152149697857
0.49410958129429
0.48505221161429
0.47523593369571
0.46699410005286
0.46152661903286
0.45996064251429
0.46294130334857
0.47101871465714
0.48365477458714
0.49871240175857
0.51502285602143
0.53033941530857
0.54207419221286
0.54722655795857
0.54364438121857
0.53081580441143
0.50991795075143
0.48540070998857
0.46036300317714
0.43612952821143
0.41388824892143
0.39608852407714
0.38360464633714
0.37546371524
0.37034913033286
0.36736834418286
0.36565347499714
0.36433485118429
0.36308718304429
0.36175981638143
0.36080902362714
0.36080475477571
0.36252513302571
0.36651420309
0.37347796326857
0.38451490603571
0.39938040465571
0.41575157674429
0.43440140133714
0.45474163800571
0.47438742474286
0.49260265151429
0.50847162911857
0.52144094121286
0.53073013318857
0.5366415342
0.54067742372714
0.54388903985286
0.54671721628
0.54974484333857
0.55293809519429
0.55602097408143
0.55774864074286
0.5576262381
0.55567449253
0.55256268399714
0.54931936312143
0.54658051544
0.54518699699571
0.54581056367143
0.54825208043143
0.55290470336286
0.55851603668
0.56398901811571
0.56890155853714
0.57238446104429
0.57398782877429
0.57399019632286
0.57200525707857
0.56873653771286
0.56501065428
0.56069894576714
0.55594675780143
0.55098095465143
0.54578436435286
0.54028909714714
0.53408267815714
0.52816986199857
0.52281895217
0.51805522206143
0.51408848574429
0.51161610286286
0.51094869273571
0.51152187000857
0.5127299204
0.51376461845429
0.51345840314143
0.51050975949286
0.50457594813143
0.49535980823286
0.48453800935571
0.47343708803571
0.46321127643571
0.45406278534143
0.44509267593714
0.43447093199429
0.42084290737
0.40301807383286
0.38099292829286
0.35336946340429
0.32114368401286
0.28851061462714
0.28289325817143
0.28256278419429
0.2822076609
0.28195649478143
0.28170615326143
0.28144488443
0.28118704662571
0.28095041271286
0.28076063733571
0.28059319599143
0.28040907636571
0.28021330122571
0.28455307860143
0.28822180419
0.29039950957857
0.29265891017714
0.29629796782429
0.30247924340286
0.31182402562714
0.32393501561429
0.33748437802
0.35047489998714
0.36212702906429
0.37014643581714
0.37235086013857
0.36723880497714
0.35496206870429
0.33728817027571
0.31491918519
0.29013379721
0.27580095578571
0.27551475033286
0.27526537523714
0.27502111348429
0.27482213909571
0.27464213885857
0.27446301469
0.27434349586286
0.27437806180571
0.27437710509714
0.27424213004429
0.29010749120143
0.30589281289571
0.31728867176286
0.32233752099857
0.32036230453571
0.31201636373
0.29851688581286
0.28163812364714
0.27135211919571
0.27096830919857
0.27058422042429
0.27023700174857
0.26988973794143
0.26937678582857
0.26881990881429
0.26830182222857
0.26775673752857
0.26726852387286
0.26683666506429
0.26641972772429
0.26592824073571
0.26553606788143
0.26523526408714
0.26497439892857
0.26474635542714
0.26450017709571
0.26423975376429
0.26402342090429
0.26381385791429
0.26350434050143
0.26316541158
0.26288650946
0.26264687755286
0.26239810015286
0.26213057826286
0.26185819071
0.26159299041143
0.26133056268571
0.26105407549286
0.26078570218857
0.26055587293429
0.26034428189571
0.26011897135857
0.25986457062714
0.25960572934143
0.25938104384857
0.25926110139571
0.25922553738714
0.25916297753143
0.25906603952143
0.25896610216857
0.25888342411857
0.25883727132286
0.25881103567
0.25879614223429
0.25882043977429
0.25887664843857
0.25897101519286
0.25910266704429
0.25924279300714
0.25936302291429
0.25946780309429
0.25960528831571
0.25978843632571
0.25995850945143
0.26012925042
0.26031179697286
0.26044580153571
0.26053907546714
0.26065335938286
0.26080014922571
0.26092818034286
0.26110100999286
0.26132682368857
0.26153800882857
0.26174255885571
0.26192576803714
0.26213427067286
0.26238873563857
0.26262507397143
0.26282159758571
0.26297022997857
0.26310090603
0.26324191247429
0.26342384737571
0.26370782374571
0.26394531312429
0.26410628994571
0.26430756673571
0.26454136114286
0.26479416878286
0.26505018516286
0.26535686905571
0.26547069015429
0.26550895796143
0.26556549505286
0.26567073185
0.26577342219714
0.26582749497714
0.26589413841714
0.26594744697571
0.26599587705571
0.26605271407
0.26605320335571
0.26600382329
0.26593280402714
0.26594842973714
0.26590134196571
0.26574453765143
0.26559369930429
0.26551957658286
0.26545837740143
0.26532744765143
0.26508883146286
0.26483120134714
0.26460270182286
0.26433712263
0.26404979257857
0.26375009543714
0.26339889169714
0.26302872625
0.26264924994143
0.26220124532286
0.26176561142857
0.26140423375571
0.26103075284571
0.26063002160571
0.26024007339286
0.25989866839857
0.25956472425857
0.25921752533714
0.25885307833857
0.25847640418714
0.25813276140286
0.25775767973714
0.25735083168429
0.25694862908143
0.25655450495857
0.25619634722
0.25591535185
0.25566176146286
0.25545547696571
0.25530809897286
0.25517950238
0.25502680453714
0.25488038137571
0.25471981897
0.25454280925857
0.25455739959571
0.25457207814857
0.2545867567
0.25460128777857
0.25461557395
0.25462986012143
0.25464414629429
0.25465870201857
0.25467327271429
0.25468784341
0.25470257219714
0.25471741273429
0.25473225327
0.25474701578429
0.25476158301714
0.25477615025
0.25479071748143
0.25480515025571
0.25481957183857
0.25483399342143
0.25484824329857
0.25486233899857
0.2548764347
0.25489056778
0.25490538082286
0.25492019386429
0.25493500690714
0.25495023196
0.25496559759857
0.25498096323714
0.25499612465571
0.25501112429571
0.25540883192143
0.25584144931857
0.25624461063286
0.25665603063429
0.25896086149429
0.25738200451714
0.25777615953
0.25826743788286
0.25875505199571
0.25922879877429
0.25978290222571
0.26041336644857
0.26105579783571
0.26170947920429
0.26238991214286
0.26309898128429
0.26382460016286
0.26459951326714
0.26549841012857
0.26646105777286
0.26743368808
0.26829209292714
0.26912682789429
0.26999412289714
0.27076125253143
0.27152659013857
0.27241974151286
0.27336504910714
0.27444272766714
0.27567561994571
0.27697489723571
0.27826009848714
0.27953553645
0.28082429120857
0.28213278092857
0.28325993772714
0.28422732493429
0.31225213379857
0.34436016519857
0.37119209956571
0.39229993485143
0.40723877446
0.41666522201429
0.42121302892
0.42450502671286
0.43154777923
0.44478420849286
0.46255947922857
0.48212437364429
0.49800070916857
0.50475482643714
0.49941738983
0.48079012160571
0.44939035351714
0.41240049577571
0.37737585618143
0.35025276270857
0.33174767692143
0.32319043219143
0.32219653420429
0.32447231971143
0.32741862098857
0.33064674009143
0.33679799036571
0.35054836773286
0.37644067144429
0.41305412946
0.45333718346429
0.48634416064857
0.49890384167
0.48383087910571
0.44924501332571
0.40906867859
0.37962407259
0.37104480097571
0.38369284319714
0.41139862999286
0.44374596513571
0.46640978886286
0.46868785159
0.45215128448
0.42442410403
0.39375574788286
0.36738112617714
0.34966842046429
0.34014636713286
0.33555786189286
0.33059559557143
0.32066124160286
0.30316003447143
0.28500185185714
0.28400767947
0.28319103080286
0.28246464895
0.28159442711286
0.28053272142571
0.27949419571857
0.27847812486
0.27747737444143
0.27642817418
0.27533089100429
0.27423307777
0.27315389037
0.27214426887571
0.27109934130571
0.26995040701571
0.26876170077714
0.26753340130429
0.26632177497571
0.26497204381714
0.26346373390143
0.26191102385
0.26045629145571
0.25911577232429
0.25784816706714
0.25679340169286
0.25680728283714
0.25682123959143
0.25683519634571
0.25684915434286
0.25686321102857
0.25687726771429
0.25689132440143
0.25690525472571
0.25691907209
0.25693288945571
0.25694670682
0.26485700042714
0.29369534162143
0.32973514974714
0.37301740060714
0.42101645921429
0.47395532015429
0.52801506605143
0.58142218010857
0.62734857139857
0.66368769323714
0.69085752322143
0.70754061974857
0.71399562368714
0.71100316487286
0.69951934181857
0.68091383918286
0.65692215212286
0.62897511222286
0.59770226434
0.56346358282571
0.52582305990714
0.48357521688857
0.43656561105
0.38506683484429
0.32788653195571
0.26796284733
0.25831678560714
0.25896451909857
0.25971365756429
0.26050477517
0.26139358082429
0.26244469630429
0.26374688148714
0.26523052903286
0.26685038658286
0.26871868936286
0.27098663450714
0.27562257291571
0.30918660559143
0.32296266171286
0.31850635734857
0.3018407671
0.28604807744286
0.28831633567857
0.29027451083714
0.29181961207286
0.29314179679714
0.29443391339571
0.31354445678714
0.36419591045714
0.40782103327
0.43531182195571
0.44330156485429
0.43585352586286
0.42141741577857
0.41052911897
0.41025484706143
0.41959895660857
0.43128913643714
0.43728817032
0.43541401504714
0.43057889865
0.42704138732429
0.42513275740429
0.42308989068714
0.42167010436143
0.42408492944571
0.43274278056
0.44733062172571
0.46352872327714
0.47422258986429
0.47096468533429
0.44965631680571
0.41759503178429
0.38995418574143
0.37591396996429
0.37333859944143
0.37002706252857
0.35323066063143
0.32235637726286
0.3025341133
0.30258149357571
0.30253095270143
0.32960205386857
0.36374063738
0.38897469898143
0.40187798099571
0.40364978838143
0.39585837135143
0.38376129162143
0.37903294124714
0.38709737706714
0.40565050749429
0.42463970891
0.43169384410857
0.42054194066143
0.38928187846429
0.34149154738571
0.30331011468571
0.30368683031571
0.30398969695714
0.30434923647857
0.33147579686143
0.36342375066429
0.38262810302429
0.39282232546286
0.40243076319286
0.41677793743571
0.43656149622857
0.45949391347429
0.48270280443571
0.50165983497143
0.51150447123143
0.51303376157714
0.51390245486286
0.52143565964571
0.53557738872286
0.54934199821286
0.55630493202286
0.55857722113286
0.56216237311429
0.56998550039714
0.58101275963857
0.59180121838429
0.59861997712286
0.59766191257
0.58925197044429
0.58054479381571
0.57874638672714
0.58348440093429
0.58782939943857
0.58496959785286
0.57689220686571
0.57255619821571
0.57780197756571
0.58479310024714
0.57706512591857
0.54975538064
0.52524594914714
0.52386275601286
0.54549754878429
0.56782182556714
0.56480507696
0.53262498482429
0.50089014911143
0.48948486728857
0.49692934358714
0.50997058905429
0.51358396782143
0.49823715880143
0.46194725126
0.41627571580286
0.37986852344
0.36622202354571
0.37469550614286
0.39370949665429
0.40611959968143
0.40251441661714
0.38493587558
0.35903223734857
0.32951441616143
0.30099559101143
0.29782231596714
0.29674422197
0.29575686695143
0.29487747057571
0.29404742290857
0.29320979126429
0.29246198450714
0.29169302408857
0.29087334743286
0.29003372746
0.28912507321429
0.28817200813286
0.28730357274571
0.28655692329714
0.28597266455857
0.28549184477857
0.28510909386429
0.28482904549571
0.28461305942286
0.28442358418429
0.28418802536857
0.28393310895857
0.28375458551857
0.28373938951714
0.28394823723
0.28429647776857
0.28463192271143
0.28496116133714
0.28525353432857
0.28551469180714
0.28583966638286
0.28625257378
0.28672423484714
0.28726729261714
0.28788210059857
0.28849152273286
0.28902063399714
0.28942646764714
0.28971294635143
0.29007066176143
0.29057357617714
0.29118873959714
0.29633311820857
0.29843793690286
0.29396300345
0.29529303139857
0.29660004889714
0.30920326639143
0.34415845522571
0.34913768102571
0.31553399443429
0.30117684357286
0.30175384745571
0.30230263702429
0.30278567262571
0.30310629883
0.30319782569571
0.32858110324857
0.38481249792143
0.43513802791857
0.46087032805714
0.45298840521143
0.41870905730571
0.37909245352
0.35103685945
0.33855740965714
0.33396757879857
0.32324313951714
0.30346767432857
0.30327690923714
0.303121218
0.30288477067286
0.30231695040143
0.30163891716286
0.33231952088571
0.33470299659429
0.31152596927857
0.29767575797
0.29736256999
0.29718859851429
0.29711998429714
0.29697363691143
0.29676563280714
0.29654899095714
0.29638087832571
0.29627119098286
0.29613264125571
0.29590720056571
0.29572677906714
0.29547059429571
0.29511675486714
0.29475746114857
0.29442385424714
0.29412470865
0.29382480798286
0.29335522551286
0.29272231470857
0.29226397250429
0.29182766273714
0.29142396944857
0.29090590725
0.29035770022286
0.28994282082857
0.28962626908
0.28949130954571
0.28934990341857
0.28909158848571
0.28838586778714
0.28774118896857
0.28718358564
0.28632291811286
0.28525095553857
0.28421876329714
0.28336392615143
0.28275383058571
0.28226861691429
0.28191997227286
0.28173004627429
0.28164548640571
0.28156578680714
0.28151441139143
0.28156710282286
0.28169613876429
0.28186599251
0.28207333109714
0.28225861742143
0.28244372226571
0.28263095913286
0.28282366002857
0.28302977488571
0.28322678174143
0.28347173071714
0.28372698581
0.28399290438143
0.28426221495429
0.28448636367286
0.28473623568571
0.28496149357571
0.28510713713143
0.28516884696
0.28528133210714
0.28517316677571
0.28484144584714
0.28475947584857
0.28487629146143
0.28507636367
0.28500230992143
0.28468386535286
0.28417019345714
0.28344736282
0.28257897125286
0.28165513738571
0.28061293684714
0.27945360004143
0.27819792796286
0.27690054445
0.27557166200286
0.27430027052429
0.27307836426
0.27185960567714
0.27067494546571
0.26950379117857
0.26835512826286
0.26731939932571
0.26633943749143
0.26534432871143
0.28047709148143
0.29106814248143
0.29792247634571
0.30570537926143
0.31791767191714
0.33530719261
0.35669172515714
0.37973739007429
0.40109194092286
0.41887291495571
0.43156273096143
0.43822031099714
0.43901317692571
0.43551434306143
0.43063536498714
0.42812518349571
0.43075883999714
0.43904044341571
0.45106748133
0.46407435566429
0.47535347907
0.48272957104143
0.48461707038571
0.47967121151286
0.46850861763857
0.45436178756
0.44351499412429
0.44496669109286
0.46733410123286
0.51345929413714
0.57768927701429
0.65006523198571
0.72559385616857
0.79542736875286
0.85407956075571
0.89979450202857
0.93294335464286
0.95476880352
0.96647116216143
0.97055852835143
0.96872528709143
0.96215254904
0.95148967787286
0.93613777453
0.91517754505286
0.88786759399857
0.85250641955143
0.80739274549286
0.75120770386286
0.68397030361143
0.60716841493
0.51834923747857
0.4234001953
0.33190432454714
0.26173023019
0.26174189123143
0.26175374832286
0.26471003450143
0.26809883127571
0.27168629416
0.27558291064429
0.27968173436429
0.28394165278
0.28824896863143
0.29250352715714
0.29653112375857
0.30007024217429
0.30324679892286
0.30577255698
0.35968892115143
0.43394996405
0.49394304155286
0.51611399075
0.51469583216857
0.51307643075714
0.50395596145571
0.47865179840429
0.45829401624714
0.45639925927857
0.45793293767429
0.45053952784286
0.44495293143857
0.44742873418857
0.43953666522286
0.42515935928143
0.43258123789143
0.43895708766571
0.39913558069571
0.34278444096714
0.32136604019143
0.33463666321571
0.35658434164
0.37315406853143
0.38192807038143
0.37549263713571
0.35865529553857
0.35511150909
0.36851310349143
0.38267285014714
0.38887793902571
0.39381946420286
0.40279980567429
0.41088326959143
0.42170640410429
0.44676966604714
0.47537497509286
0.48625482047
0.48190915943429
0.47862592858
0.48537713292143
0.49484777117714
0.49469573274714
0.48443654365571
0.47052675298714
0.45079284689571
0.42303085168857
0.41421715797143
0.42397258857143
0.40454313322143
0.35915195044714
0.34507536874429
0.35334256455429
0.32590925505143
0.31340316101
0.31292953732714
0.31233641873143
0.31141193896714
0.31038217665286
0.30944743608143
0.30862985466857
0.30765891865286
0.30650201398857
0.30559984955
0.30512057851
0.30479646498143
0.30456570301429
0.30481256368857
0.30520421751143
0.30539910967143
0.30554048728857
0.30562587527571
0.30550567077857
0.30520923608429
0.30500030194143
0.30492730959286
0.32696597561143
0.34012539248571
0.30334357443857
0.30250954668143
0.30242216404143
0.30233313963857
0.30208914881714
0.30168577937286
0.30084299284571
0.29960086894143
0.29830221212429
0.29691943247571
0.29543807508714
0.29384524965143
0.29252297047
0.29177868138571
0.29141180412143
0.29157527899571
0.29220156110571
0.29314578361286
0.29435870715857
0.29536752211429
0.29592033868857
0.29625464575714
0.29656963472286
0.29690577486857
0.29735683832571
0.29809782751714
0.29912876806714
0.30046998789571
0.30222562626
0.30396771696714
0.30486109228143
0.30475238734286
0.30358672045
0.30169777608
0.29953795530571
0.29737041973143
0.29519751143857
0.29286240681143
0.29044558683429
0.28816273189429
0.28582799839143
0.28352678251
0.28142013380714
0.27942254179286
0.27724491381
0.29009724680857
0.29561257550714
0.29602952008143
0.31651340274286
0.35034842194857
0.36294706452143
0.35085459259571
0.34868328950714
0.38119710734
0.42909854951714
0.46305015113429
0.48310302362
0.50510195126429
0.53308841801286
0.56182332968571
0.59045629418286
0.61685437654143
0.63532501592857
0.64880395089571
0.67415552339286
0.72098487766857
0.76708105867
0.77560930057
0.74466739288143
0.70331215737286
0.68184239757143
0.67104576975571
0.65213869639571
0.63154811494571
0.63092838079714
0.65145444439571
0.67286980332286
0.68639597019143
0.69947240388286
0.71573007567143
0.72890840886286
0.72606609373714
0.69694903965286
0.64846287039
0.60428354135143
0.57942452844714
0.56070771027429
0.53709640784429
0.52776389632714
0.55195179948429
0.58826555407
0.59455328238857
0.56762279926714
0.55558933140714
0.58640080331571
0.61106233940571
0.59959267688286
0.60034111136429
0.60406084407286
0.46654567268143
0.28295510142857
0.28806475994857
0.29954576615571
0.34741966177143
0.36476850975143
0.35044837561571
0.29751497141
0.29189547552286
0.28697696139143
0.40111648889143
0.37704903994857
0.34141561582143
0.39998913244286
0.45932952532429
0.46471394212714
0.45449012858571
0.46037419628429
0.45979400354857
0.41023412804143
0.33574169970571
0.32940727895429
0.39769459890857
0.45620970063857
0.39381019666429
0.28910420227286
0.29380758026429
0.29889222848857
0.30446665413571
0.31103778709
0.31593010438143
0.31688633737571
0.31695768754286
0.31680312760143
0.31654404103286
0.31644824945857
0.31647361796857
0.31650803358857
0.31654245157429
0.31657687173143
0.31661107080143
0.31664475985857
0.31667842987
0.31671209692143
0.31674576109714
0.31677942294429
0.3168130819
0.31684673812286
0.31688039194
0.31691404305286
0.31694769181571
0.31698160428571
0.31701604402143
0.31705050316
0.31708496613429
0.31711943293143
0.31715390253857
0.31718837620143
0.31722281920286
0.31725665525714
0.31729027748
0.31732389711286
0.31735751426143
0.31739112862429
0.31742474045571
0.31745834959571
0.31749195588571
0.31752555963143
0.31755916077571
0.31759280512143
0.31762710742429
0.31766164402429
0.31769618596143
0.31773073361429
0.31776528649857
0.31779984569571
0.31783410897857
0.31786770716286
0.31790128250143
0.31793485289286
0.31796895057286
0.31800352613429
0.31803811887571
0.31807272390714
0.31810780408429
0.31814347781571
0.31817859565429
0.31821322323714
0.31824825621571
0.31828396549714
0.31831903546143
0.31835403725286
0.31838978143143
0.31842554428143
0.31846057147
0.31849553555857
0.31853127649429
0.31856627574429
0.31860096742143
0.31863590090286
0.31867163939571
0.31870660646857
0.31874132578714
0.31877623541429
0.31881195527
0.31884689743143
0.31888164691143
0.31891654005
0.31895222355286
0.31898714842286
0.31902193059857
0.31905681614429
0.31909244300857
0.31912735917
0.31916224571286
0.31919809802429
0.31923398876
0.31926890665
0.31930380220286
0.31933927480857
0.31937419999286
0.31940908921857
0.31944400626286
0.31947935465571
0.31951430021429
0.31954923566429
0.31958418674429
0.31961938048571
0.31965436005286
0.31968934634429
0.31972434566714
0.31975935179857
0.31979437860143
0.31982942118571
0.31986447560714
0.31989927894429
0.31993435588857
0.31996946037857
0.32000456472429
0.32003917080429
0.32007429096571
0.32010946447857
0.32014461197
0.32017902744571
0.32021418354714
0.32024943380571
0.32028461697571
0.32031884965143
0.32035403306714
0.32038936900571
0.32042457848714
0.32045863839286
0.32049383891
0.32052927103
0.32056449640286
0.32059839468571
0.32063360020857
0.32066914096286
0.32070436985143
0.32073811912429
0.32077331558571
0.32080897959
0.32084419727
0.32087770201571
0.32091115843286
0.32094631929143
0.32098216271
0.32101734046857
0.32105081724286
0.32108592590714
0.32112193765429
0.32115705857286
0.32119045097429
0.32122548118
0.32126168878571
0.32129672446429
0.32133006309714
0.3213649816
0.32140141988571
0.32143633510286
0.32147566952
0.32147566952
