#LID for VK from AICC2012.
86.6037142857143
86.6037142857143
86.6037142857143
86.6037142857143
86.6037142857143
86.6037142857143
86.6037142857143
86.6037142857143
86.6037142857143
86.6037142857143
86.6037142857143
86.6037142857143
86.6037142857143
86.6037142857143
86.6037142857143
86.6037142857143
86.6037142857143
86.6037142857143
86.6037142857143
86.6037142857143
86.6037142857143
86.6037142857143
86.6037142857143
86.6037142857143
86.6037142857143
86.6037142857143
86.6037142857143
86.6037142857143
86.6037142857143
86.6037142857143
86.6037142857143
86.6037142857143
86.6037142857143
86.6037142857143
86.6037142857143
86.6037142857143
86.6037142857143
86.6037142857143
86.6037142857143
86.6037142857143
86.6037142857143
86.6037142857143
86.6037142857143
86.6037142857143
86.6037142857143
86.6037142857143
86.6037142857143
86.6037142857143
86.6037142857143
86.6037142857143
86.6037142857143
86.6037142857143
86.6037142857143
86.6037142857143
86.6037142857143
86.6037142857143
86.6037142857143
86.6037142857143
86.6037142857143
86.6037142857143
86.6037142857143
86.6037142857143
86.6037142857143
86.6037142857143
86.6037142857143
86.6037142857143
86.6037142857143
86.6037142857143
86.6037142857143
86.6037142857143
86.6037142857143
86.6037142857143
86.6037142857143
86.6037142857143
86.6037142857143
86.6037142857143
86.6037142857143
86.6037142857143
86.6037142857143
86.6037142857143
86.6037142857143
86.6037142857143
86.6037142857143
86.6037142857143
86.6037142857143
86.6037142857143
86.6037142857143
86.6037142857143
86.6037142857143
86.6037142857143
86.6037142857143
86.6037142857143
86.6037142857143
86.6037142857143
86.6037142857143
86.6037142857143
86.6037142857143
86.6037142857143
86.6037142857143
86.6037142857143
86.6037142857143
86.6037142857143
86.6037142857143
86.6037142857143
86.6037142857143
86.6037142857143
86.6037142857143
86.6037142857143
86.6037142857143
86.6037142857143
86.6037142857143
86.6037142857143
86.6037142857143
86.6037142857143
86.6037142857143
86.6037142857143
86.6037142857143
86.6037142857143
86.6037142857143
86.6037142857143
86.6037142857143
86.6037142857143
86.6037142857143
86.6037142857143
86.6037142857143
86.6037142857143
86.6037142857143
86.6037142857143
86.6037142857143
86.6037142857143
86.6037142857143
86.6037142857143
86.6037142857143
86.6037142857143
86.6037142857143
86.6037142857143
86.6037142857143
86.6037142857143
86.6037142857143
86.6037142857143
86.6037142857143
86.6037142857143
86.6037142857143
86.6037142857143
86.6037142857143
86.6037142857143
86.6037142857143
86.6037142857143
86.6037142857143
86.6037142857143
86.6037142857143
87.5177142857143
88.4757142857143
89.5532857142857
90.6091428571429
91.3511428571429
92.0811428571429
93.2181428571429
94.3634285714286
95.1287142857143
96.0157142857143
97.1248571428571
98.1482857142857
98.7708571428572
99.3022857142857
100.445714285714
101.707428571429
102.527285714286
103.460714285714
104.835571428571
105.785857142857
106.422857142857
107.162
107.914285714286
108.919285714286
110.113142857143
111.054857142857
111.791428571429
112.666714285714
113.874714285714
115.125142857143
116.045571428571
116.960714285714
117.822428571429
118.517142857143
119.575
119.878714285714
119.629285714286
119.653142857143
119.184142857143
118.978428571429
118.724285714286
118.17
118.018142857143
117.634571428571
117.396
117.287
117.134571428571
116.862142857143
117.086
117.698
116.773
115.855571428571
115.674
115.558142857143
115.493714285714
114.907142857143
113.435285714286
112.025714285714
110.662857142857
109.291428571429
108.016571428571
107.054428571429
105.609714285714
105.008857142857
105.212714285714
105.293714285714
105.234571428571
105.489714285714
105.604714285714
105.609142857143
105.732714285714
105.980142857143
106.232142857143
106.219428571429
105.464
104.706714285714
104.182428571429
103.832714285714
103.256428571429
102.922857142857
102.799285714286
102.524428571429
102.508285714286
102.611428571429
102.780428571429
103.061428571429
103.181142857143
103.189
103.466571428571
103.511428571429
103.589571428571
104.084714285714
104.296714285714
104.128285714286
103.783285714286
104.045
104.395428571429
104.380571428571
104.5
104.615285714286
104.692571428571
104.790714285714
105.173428571429
105.981428571429
106.525571428571
107.068571428571
107.893428571429
108.528428571429
109.101714285714
109.834285714286
110.487714285714
111.402428571429
112.058428571429
112.231857142857
112.716
113.433571428571
113.841428571429
114.232714285714
114.818428571429
115.304571428571
104.610571428571
105.226714285714
105.756857142857
106.220857142857
106.769857142857
107.182
107.935428571429
108.716857142857
109.049571428571
114.231142857143
114.285714285714
114.285714285714
114.285714285714
114.285714285714
114.285714285714
114.666142857143
110.508857142857
106.209142857143
107.142857142857
107.142857142857
107.142857142857
107.142857142857
107.142857142857
107.142857142857
107.142857142857
107.142857142857
107.142857142857
103.709
99.2821428571429
101.213571428571
103.032428571429
104.637428571429
106.186
108.111
110.126571428571
112.080428571429
114.067571428571
116.233
114.285714285714
114.285714285714
104.411714285714
105.131571428571
105.853857142857
106.569857142857
107.288285714286
108.000285714286
108.710285714286
109.422714285714
110.129
111.167285714286
111.909142857143
112.491142857143
111.752857142857
110.874285714286
109.868285714286
108.792571428571
107.817714285714
107.020285714286
106.020428571429
104.832285714286
103.897714285714
103.167142857143
102.345
101.471571428571
100.400571428571
99.2718571428572
99.3665714285714
99.4817142857143
99.4785714285714
99.6427142857143
99.6682857142857
99.3757142857143
99.507
99.6548571428571
99.5701428571429
99.9567142857143
100.284142857143
100.717857142857
101.209428571429
101.759857142857
102.239
102.645857142857
103.056
103.405142857143
103.532571428571
102.715857142857
102.176571428571
101.621142857143
100.908142857143
100.198857142857
99.1932857142857
98.3794285714286
97.8778571428572
97.9432857142857
98.025
98.139
98.2855714285714
98.3792857142857
98.3062857142857
98.2328571428572
98.5301428571429
98.1317142857143
97.684
97.0832857142857
96.3644285714286
95.8852857142857
95.2604285714286
94.8597142857143
94.6944285714286
94.1661428571429
93.4732857142857
92.9084285714286
93.5155714285714
94.1201428571429
94.7451428571429
95.2034285714286
95.5468571428571
95.9474285714286
96.3627142857143
96.9567142857143
97.4388571428571
98.2085714285714
98.8792857142857
99.3095714285714
99.962
99.9904285714286
100.022714285714
100.187428571429
100.360857142857
100.509
100.694714285714
100.884714285714
101.007857142857
101.084714285714
101.245428571429
101.469571428571
101.630428571429
101.782857142857
101.897142857143
101.520428571429
101.333142857143
101.149
100.684285714286
100.104142857143
99.7285714285714
99.4771428571429
99.1262857142857
98.6815714285714
98.1765714285714
97.8394285714286
97.6515714285714
98.2615714285714
98.7824285714286
99.299
99.819
100.338714285714
101.147714285714
101.719428571429
102.023428571429
102.444142857143
102.081142857143
101.705428571429
101.579857142857
101.583428571429
101.072285714286
100.566857142857
100.242
99.9168571428572
99.6705714285714
99.4194285714286
99.1882857142857
98.9278571428571
98.2717142857143
97.6585714285714
97.7108571428572
97.9531428571429
97.8275714285714
97.6978571428571
97.6647142857143
97.6311428571429
97.2688571428571
96.9074285714286
96.838
96.7644285714286
96.6907142857143
97.2538571428571
97.7472857142857
98.45
99.2724285714286
100.188571428571
100.867142857143
101.399428571429
102.035571428571
102.607571428571
103.251571428571
104.037857142857
103.606714285714
103.077571428571
102.566428571429
102.073428571429
101.661571428571
101.266714285714
101.018142857143
100.697571428571
100.160714285714
98.7015714285714
97.396
96.2458571428571
95.1744285714286
94.1007142857143
93.1317142857143
92.0897142857143
90.77
89.4771428571429
88.3754285714286
89.5505714285714
90.7022857142857
91.8595714285714
93.0265714285714
94.192
95.0192857142857
95.8435714285714
97.0661428571429
98.2924285714286
101.104571428571
100.240857142857
99.374
98.5077142857143
97.494
96.3737142857143
95.2558571428572
94.1407142857143
93.0281428571429
91.9218571428571
90.8032857142857
89.7901428571429
88.7988571428571
87.7037142857143
86.7518571428571
85.7915714285714
86.8021428571429
87.9794285714286
88.9151428571429
89.5898571428571
90.4031428571429
91.3225714285714
92.2541428571429
93.1902857142857
94.1237142857143
95.058
95.82
96.5832857142857
97.4522857142857
98.321
99.2918571428572
100.264428571429
99.4235714285714
98.5265714285714
97.668
96.9864285714286
96.4058571428571
95.7152857142857
95.0657142857143
94.2822857142857
93.4684285714286
93.8898571428571
94.356
95.1477142857143
95.5047142857143
95.8751428571429
96.6078571428572
97.2914285714286
97.7921428571429
98.0218571428572
98.5567142857143
98.942
99.1314285714286
99.439
99.7507142857143
100.17
100.594285714286
100.752571428571
101.022714285714
101.431142857143
101.823285714286
102.114571428571
102.346428571429
102.739428571429
103.325142857143
103.488428571429
103.852857142857
104.385857142857
104.552428571429
105.087285714286
105.431714285714
104.563571428571
103.876428571429
103.140428571429
102.567142857143
101.889714285714
100.982428571429
99.9787142857143
98.9827142857143
98.207
97.4308571428571
99.6474285714286
101.755428571429
103.747
105.714142857143
106.856142857143
106.384857142857
105.715857142857
105.095571428571
104.497428571429
103.728142857143
103.076285714286
102.374714285714
101.662142857143
101.009714285714
100.238142857143
99.8318571428571
99.5172857142857
98.8212857142857
98.3774285714286
98.0561428571429
97.3608571428572
96.6671428571429
96.038
95.4094285714286
94.8361428571429
94.2881428571429
94.1502857142857
94.255
94.5247142857143
94.3174285714286
94.076
94.1341428571429
94.1422857142857
94.1501428571429
94.0508571428572
93.9134285714286
93.8104285714286
93.6997142857143
93.6007142857143
93.5171428571429
93.4678571428571
93.5098571428572
93.5407142857143
93.5065714285714
93.6745714285714
93.8391428571429
94.0035714285714
94.287
94.5442857142857
94.6938571428572
94.7545714285714
94.8732857142857
95.0225714285714
95.2145714285714
95.3642857142857
95.5992857142857
95.367
94.6741428571429
93.9991428571429
93.6212857142857
93.1101428571429
92.7665714285714
92.6555714285714
92.1824285714286
91.6355714285714
91.71
91.7658571428571
91.725
91.8031428571429
92.0714285714286
92.0714285714286
91.8367142857143
91.7547142857143
92.0155714285714
92.1475714285714
92.0485714285714
91.9531428571429
91.7985714285714
91.5257142857143
91.6478571428571
91.6184285714286
91.2871428571429
91.2574285714286
91.1761428571429
90.8314285714286
90.5494285714286
90.6761428571429
90.6711428571429
90.2844285714286
89.9892857142857
89.9481428571429
89.7657142857143
89.6372857142857
89.3937142857143
89.086
89.001
88.8764285714286
88.709
88.6055714285714
88.5518571428571
88.8624285714286
88.9687142857143
89.1202857142857
89.791
90.0727142857143
89.9321428571429
89.3647142857143
88.811
88.0505714285714
87.4761428571429
86.9361428571429
86.2462857142857
85.5544285714286
85.0722857142857
84.4665714285714
83.5708571428572
82.9841428571429
82.5918571428572
81.7444285714286
80.742
80.1562857142857
79.5551428571429
78.8271428571429
78.1208571428571
77.1888571428571
77.3672857142857
77.8542857142857
78.3487142857143
78.6658571428571
79.2524285714286
79.9265714285714
80.2188571428571
80.6055714285714
81.0144285714286
81.3067142857143
81.7215714285714
82.1034285714286
82.5015714285714
83.0667142857143
83.6367142857143
84.0434285714286
84.4868571428571
85.0801428571429
85.449
85.8237142857143
86.3572857142857
86.9372857142857
87.5154285714286
87.876
88.1251428571429
89.2908571428571
90.3084285714286
91.331
92.6672857142857
93.8005714285714
92.8571428571429
92.8571428571429
92.8571428571429
92.8571428571429
92.8571428571429
92.8571428571429
92.8571428571429
92.8571428571429
92.8571428571429
92.8571428571429
92.8571428571429
92.8571428571429
92.8571428571429
95.6087142857143
94.6211428571429
93.4422857142857
92.2227142857143
91.1882857142857
90.0121428571429
88.7001428571429
87.4978571428571
87.5375714285714
87.7142857142857
87.9584285714286
87.9347142857143
88.0024285714286
88.2258571428572
88.3541428571429
88.2804285714286
88.2667142857143
88.4588571428571
88.4732857142857
88.5482857142857
88.3594285714286
88.2378571428572
88.2224285714286
87.8852857142857
87.6121428571429
87.526
87.429
87.5695714285714
87.8174285714286
87.4677142857143
86.9551428571429
86.7287142857143
86.9308571428571
87.2075714285714
87.6807142857143
88.4348571428572
88.8071428571429
89.0678571428572
89.6481428571429
90.0632857142857
90.387
90.7905714285714
91.3121428571429
91.9197142857143
92.1235714285714
91.4028571428571
90.843
90.1448571428571
89.826
89.321
88.5008571428572
87.8907142857143
87.4091428571429
87.1368571428572
86.8611428571429
86.3714285714286
85.6752857142857
85.4007142857143
85.332
85.2972857142857
85.4027142857143
85.2722857142857
85.1111428571429
85.1615714285714
84.936
84.7107142857143
84.6761428571429
84.7972857142857
84.6844285714286
84.5241428571429
85.1678571428571
85.5365714285714
85.9874285714286
86.3932857142857
86.7012857142857
87.2708571428571
87.754
88.3902857142857
88.9075714285714
89.2284285714286
89.7428571428571
90.2511428571429
90.6031428571429
90.9947142857143
91.3267142857143
91.9731428571429
92.566
92.8902857142857
93.3758571428572
93.8997142857143
94.253
94.6131428571429
95.1805714285714
95.486
95.9148571428571
96.5084285714286
96.7822857142857
96.9027142857143
97.3654285714286
97.968
98.2822857142857
98.3851428571429
98.5424285714286
98.7672857142857
99.3588571428571
99.6445714285714
99.6214285714286
98.7885714285714
97.9515714285714
96.7557142857143
96.0318571428571
95.5342857142857
94.5742857142857
93.8668571428572
93.0444285714286
92.1068571428572
91.252
90.6702857142857
89.853
88.7652857142857
88.2152857142857
87.6068571428572
87.0875714285714
86.5691428571429
86.1652857142857
85.7438571428572
85.2301428571429
84.6561428571429
84.242
83.9444285714286
83.4987142857143
82.9902857142857
83.0464285714286
83.1552857142857
83.1552857142857
83.1552857142857
83.0628571428571
82.8384285714286
82.8251428571429
82.9505714285714
82.9638571428572
82.9341428571429
82.8515714285714
82.9011428571429
82.9077142857143
83.927
85.0117142857143
86.1028571428571
86.9584285714286
87.9955714285714
89.2731428571429
90.435
91.6394285714286
92.6092857142857
93.7167142857143
94.7625714285714
95.7597142857143
97.017
95.8918571428572
94.5848571428571
93.1651428571429
91.8624285714286
90.6158571428572
89.2097142857143
87.8474285714286
86.6142857142857
85.198
83.9628571428571
82.8197142857143
81.6007142857143
82.2788571428571
82.9471428571429
83.6154285714286
84.2837142857143
85.0887142857143
85.9928571428571
86.7237142857143
87.1921428571429
87.9264285714286
88.6868571428571
89.207
89.8811428571429
89.3418571428572
88.7377142857143
88.0704285714286
87.3692857142857
86.8741428571429
86.3781428571429
85.6532857142857
85.2707142857143
84.7017142857143
83.9911428571429
83.4607142857143
82.8302857142857
82.3464285714286
82.2821428571429
82.2707142857143
82.3644285714286
82.211
82.0647142857143
81.8461428571429
81.5425714285714
81.829
81.8692857142857
81.5302857142857
81.4238571428571
81.4312857142857
81.2232857142857
80.9221428571429
80.4145714285714
79.7585714285714
79.304
78.928
78.4234285714286
78.068
77.6898571428572
77.1674285714286
76.6734285714286
76.2612857142857
75.7321428571429
75.314
75.8355714285714
76.3142857142857
76.9128571428571
77.5245714285714
78.196
78.6847142857143
79.1028571428571
79.865
80.4955714285714
80.8818571428571
81.4704285714286
81.5905714285714
81.9955714285714
82.6057142857143
82.9937142857143
83.0984285714286
83.4714285714286
83.6355714285714
83.5292857142857
83.6587142857143
83.6565714285714
83.933
84.2602857142857
84.6087142857143
84.9345714285714
85.1362857142857
85.3462857142857
85.7792857142857
86.404
86.7864285714286
87.116
87.7701428571429
88.4661428571429
88.8617142857143
89.2571428571429
89.6562857142857
90.0517142857143
90.4327142857143
90.8097142857143
91.1387142857143
91.5115714285714
92.1111428571429
92.6155714285714
93.2187142857143
93.3518571428571
93.786
94.3311428571429
94.5172857142857
94.6167142857143
94.6154285714286
94.4557142857143
94.1121428571429
93.8418571428572
93.6134285714286
93.2145714285714
92.8961428571429
92.5367142857143
92.5011428571429
92.1834285714286
92.2101428571429
92.239
92.1984285714286
92.2505714285714
92.2727142857143
92.3617142857143
92.2514285714286
92.1215714285714
92.5791428571429
93.0412857142857
92.9862857142857
92.9305714285714
93.1705714285714
93.4602857142857
93.556
93.0801428571429
93.1625714285714
93.0691428571429
92.9332857142857
93.0184285714286
92.2895714285714
91.7131428571429
91.8597142857143
91.6221428571428
91.4401428571429
91.2207142857143
91.7788571428571
92.148
92.7444285714286
93.3421428571429
93.7515714285714
94.2018571428572
94.794
95.4608571428571
95.9978571428571
96.5391428571429
97.0417142857143
97.1094285714286
97.7571428571429
97.4777142857143
96.9727142857143
96.9642857142857
96.7418571428572
96.1011428571429
95.6452857142857
95.2675714285714
94.898
94.6665714285714
94.415
93.9081428571428
93.4062857142857
93.0717142857143
93.4365714285714
93.6002857142857
93.7814285714286
93.9804285714286
94.159
94.7148571428571
95.362
95.727
96.0528571428571
96.1468571428572
96.4635714285714
96.7682857142857
96.8498571428571
97.0361428571428
97.6222857142857
96.5758571428571
95.8525714285714
95.8165714285714
95.4397142857143
95.2418571428572
95.0511428571428
94.7168571428572
94.2755714285714
94.103
94.2265714285714
93.81
93.3181428571429
92.992
92.7357142857143
91.9101428571429
91.4688571428571
91.1528571428572
90.8465714285714
90.3032857142857
89.8405714285714
89.5905714285714
89.6357142857143
88.7865714285714
88.8468571428571
89.5417142857143
90.0377142857143
90.9942857142857
91.9492857142857
92.6264285714286
93.1732857142857
93.6438571428572
94.2457142857143
94.9432857142857
95.4802857142857
95.981
95.8758571428572
96.3275714285714
96.6197142857143
96.3938571428572
96.168
96.386
96.6041428571429
96.425
96.425
96.4171428571429
96.4444285714286
96.4482857142857
96.4094285714286
95.1835714285714
93.7912857142857
92.6332857142857
91.4392857142857
89.6741428571429
87.8914285714286
86.6277142857143
85.3674285714286
83.9374285714286
82.5101428571429
81.3094285714286
80.1058571428571
81.1585714285714
82.2167142857143
82.877
83.8488571428572
84.3977142857143
85.0811428571429
85.911
86.7472857142857
87.6672857142857
88.533
89.4952857142857
89.9311428571429
91.0132857142857
91.0365714285714
90.8958571428572
90.6212857142857
90.1882857142857
89.922
89.9047142857143
89.8832857142857
89.7321428571429
89.5775714285714
89.3944285714286
89.3324285714286
89.6187142857143
90.3578571428572
90.4174285714286
90.7008571428571
90.9755714285714
91.3727142857143
91.8654285714286
92.4215714285714
92.9457142857143
93.4261428571429
93.6821428571429
94.027
94.4051428571429
95.0304285714286
94.6287142857143
94.2721428571429
93.8997142857143
93.3402857142857
92.8121428571429
92.1962857142857
91.8175714285714
91.3581428571429
90.9465714285714
90.5744285714286
90.155
89.7358571428572
89.2275714285714
90.2392857142857
91.3414285714286
92.3481428571429
93.3572857142857
94.2511428571429
95.1021428571429
96.498
97.4128571428571
98.552
99.6161428571429
100.652142857143
101.612714285714
100.972857142857
100.411142857143
100.023714285714
99.5808571428571
98.6987142857143
97.8247142857143
97.4128571428571
97.0255714285714
96.129
95.631
95.0854285714286
94.4514285714286
89.8471428571429
90.8265714285714
91.6731428571429
92.5238571428572
93.504
94.4801428571429
95.4602857142857
96.4405714285714
97.4287142857143
98.4212857142857
99.3818571428572
100.415571428571
101.421857142857
101.338857142857
100.932285714286
100.525714285714
99.9032857142857
99.3965714285714
98.8221428571429
98.2531428571428
98.0658571428572
97.8804285714286
97.3167142857143
96.7861428571429
96.39
97.0605714285714
97.8668571428571
98.683
98.9795714285714
99.209
100.176
101.089285714286
101.656
102.259142857143
102.907571428571
103.825
104.522428571429
105.601285714286
105.905428571429
106.665714285714
107.232571428571
107.913571428571
108.491857142857
107.453428571429
106.2
105.134
104.571142857143
104.048857142857
102.977571428571
101.757857142857
101.171714285714
100.725142857143
99.8578571428571
99.2048571428572
98.7541428571429
98.1022857142857
97.44
97.0391428571429
96.55
96.2077142857143
95.6
94.7282857142857
94.238
93.9038571428571
94.1598571428571
94.5632857142857
94.1231428571429
93.9795714285714
94.0557142857143
93.9498571428571
93.693
93.4174285714286
93.5121428571429
93.52
93.3655714285714
93.251
92.8624285714286
92.3964285714286
92.5358571428571
92.4798571428572
92.5751428571429
92.4321428571429
92.1558571428572
92.0198571428571
91.579
90.9708571428572
90.7627142857143
90.602
90.5622857142857
90.4267142857143
90.1781428571429
89.6461428571429
89.273
88.936
88.7762857142857
88.538
88.2602857142857
87.902
87.4502857142857
87.0168571428571
87.2492857142857
87.9675714285714
88.3344285714286
88.4378571428572
88.6778571428571
88.9565714285714
89.2352857142857
89.5677142857143
89.9004285714286
90.1797142857143
90.4587142857143
90.6291428571429
90.7985714285714
90.322
89.879
89.2737142857143
88.5625714285714
87.9335714285714
87.2042857142857
86.5597142857143
85.9805714285714
85.3538571428572
84.9087142857143
84.1978571428571
84.28
84.4654285714286
84.6507142857143
84.8664285714286
84.7754285714286
85.075
85.4465714285714
85.5572857142857
85.4392857142857
85.7878571428571
86.007
86.4531428571429
86.9005714285714
86.8314285714286
86.9688571428571
86.9532857142857
86.9435714285714
87.306
87.6624285714286
87.8022857142857
87.8718571428572
88.3772857142857
88.715
88.8977142857143
89.0838571428571
89.0532857142857
88.8668571428572
89.0327142857143
89.0097142857143
89.2468571428572
89.356
89.2618571428572
89.1531428571429
89.273
89.3928571428572
89.4482857142857
89.5004285714286
89.5452857142857
89.6044285714286
89.6531428571429
89.6334285714286
89.7392857142857
89.9205714285714
89.9582857142857
89.9961428571429
90.0484285714286
90.0144285714286
89.9874285714286
89.9354285714286
90.1494285714286
91.118
91.914
92.6061428571429
93.2924285714286
94.0862857142857
94.9068571428571
95.7318571428571
96.5691428571429
97.2774285714286
98.119
98.9575714285714
99.8008571428572
100.641
101.436714285714
102.311428571429
103.2
104.039571428571
104.875428571429
105.51
106.371571428571
107.404857142857
108.159857142857
108.905142857143
109.761714285714
109.667857142857
109.573714285714
109.479571428571
109.126428571429
108.778428571429
108.728857142857
108.670142857143
108.588857142857
108.503142857143
108.187428571429
107.872
107.619142857143
106.604571428571
105.911714285714
105.210285714286
104.043428571429
102.873142857143
102.156142857143
101.443428571429
100.296
99.1494285714286
98.2862857142857
97.4262857142857
96.3275714285714
95.237
94.3561428571429
93.8585714285714
93.3418571428571
92.7915714285714
92.2935714285714
91.8324285714286
91.3374285714286
90.8495714285714
90.3502857142857
89.8545714285714
89.2764285714286
88.6952857142857
88.1891428571429
87.69
87.1695714285714
88.0741428571429
89.007
89.9407142857143
90.8458571428572
91.6221428571428
92.403
93.3768571428571
94.3485714285714
95.3294285714286
96.3042857142857
97.1704285714286
98.0395714285714
97.6234285714286
97.2158571428572
97.0368571428571
96.8647142857143
96.5351428571429
96.2095714285714
95.9188571428571
95.6315714285714
95.4935714285714
95.3542857142857
94.7714285714286
94.3591428571429
94.1071428571429
93.8555714285714
93.7742857142857
93.6928571428571
93.4225714285714
93.153
92.8988571428572
92.6487142857143
92.6117142857143
92.5705714285714
92.028
91.4855714285714
90.7678571428572
90.0525714285714
89.311
89.6691428571429
90.2287142857143
90.7884285714286
91.348
91.8367142857143
92.3282857142857
92.868
93.4074285714286
92.8118571428571
92.2612857142857
91.71
91.1138571428571
90.5431428571429
89.9721428571429
89.4261428571429
88.8827142857143
88.2852857142857
89.7192857142857
91.1568571428571
92.591
93.9255714285714
95.2488571428571
96.6792857142857
98.2587142857143
99.8351428571429
101.270428571429
100
100
100
100
100
100
100
100
100
100
100
100
100
100
100
100
100
100
100
100.761857142857
98.9185714285714
99.7208571428571
98.954
97.1067142857143
97.464
97.7665714285714
99.1598571428571
98.5491428571429
97.4848571428572
97.4497142857143
97.3788571428571
96.7652857142857
96.1515714285714
97.1192857142857
99.0841428571429
98.326
97.2601428571429
96.6337142857143
98.0647142857143
101.336571428571
97.9812857142857
100.286142857143
100.246571428571
100.952142857143
100.957142857143
101.426285714286
101.806428571429
101.520142857143
101.807428571429
102.638428571429
102.270571428571
101.733571428571
101.779571428571
101.828857142857
101.657285714286
101.535285714286
100.919857142857
101.537714285714
102.236285714286
102.495857142857
102.629142857143
99.1691428571429
97.1428571428572
95.7142857142857
94.2857142857143
92.8571428571429
91.4285714285714
91.4285714285714
91.4285714285714
91.4285714285714
91.4285714285714
90
90
88.5714285714286
88.5714285714286
85.7142857142857
85.7142857142857
84.5755714285714
84.2778571428572
83.984
83.9188571428571
83.8631428571429
83.758
83.6524285714286
83.5041428571429
83.3788571428572
83.2601428571429
83.1347142857143
83.0058571428572
82.864
82.7221428571429
82.6257142857143
82.5225714285714
82.477
82.4248571428571
82.3498571428571
82.265
82.1222857142857
81.9191428571429
81.713
81.647
81.5772857142857
81.3365714285714
81.0901428571429
81.1052857142857
81.1258571428571
80.8952857142857
81.0968571428571
81.3451428571429
81.5772857142857
81.8567142857143
82.1775714285714
82.5051428571429
82.9072857142857
83.3168571428572
83.6102857142857
83.9002857142857
84.1052857142857
84.3061428571429
84.599
84.998
85.3945714285714
85.7618571428571
86.14
86.1847142857143
86.2275714285714
86.1947142857143
86.1651428571429
86.0305714285714
86.0038571428571
85.9797142857143
85.6974285714286
85.4124285714286
85.278
85.1671428571429
85.0525714285714
84.9844285714286
84.8434285714286
84.636
84.604
84.5748571428571
84.3117142857143
84.046
83.9117142857143
83.8788571428572
83.8421428571429
83.6357142857143
83.433
83.3634285714286
83.3002857142857
83.1687142857143
83.034
82.9734285714286
84.599
86.9697142857143
89.346
90
90
91.4285714285714
92.8571428571429
92.8571428571429
92.8571428571429
92.8571428571429
94.2857142857143
94.2857142857143
94.2857142857143
94.2857142857143
95.7142857142857
95.7142857142857
95.7142857142857
95.7142857142857
95.7142857142857
95.7142857142857
95.7142857142857
95.7142857142857
95.7142857142857
98.9341428571429
98.5895714285714
98.1308571428571
97.4821428571429
96.8355714285714
96.5128571428571
96.1772857142857
95.7492857142857
95.3208571428571
94.791
94.2581428571429
94.1427142857143
94.0792857142857
94.0082857142857
93.8148571428572
93.6144285714286
93.3734285714286
93.1255714285714
93.1762857142857
93.1384285714286
92.9385714285714
92.7904285714286
92.6387142857143
92.6222857142857
92.613
92.6762857142857
92.7352857142857
92.2971428571429
91.8528571428571
91.5752857142857
91.3047142857143
90.9767142857143
90.6491428571429
90.4528571428572
90.2522857142857
89.9595714285714
89.6282857142857
89.2937142857143
88.9594285714286
88.8957142857143
88.6575714285714
88.1371428571429
87.8444285714286
87.5484285714286
87.2182857142857
86.8884285714286
86.6262857142857
86.3571428571429
86.0744285714286
85.7882857142857
85.4821428571429
85.1794285714286
85.2785714285714
85.3941428571429
85.3674285714286
85.3302857142857
85.489
85.6544285714286
85.8301428571429
86.0027142857143
86.1887142857143
86.3784285714286
86.3772857142857
86.3725714285714
86.5421428571429
86.7088571428571
86.825
86.9377142857143
86.919
86.9065714285714
87.0124285714286
87.1385714285714
87.2648571428572
87.3437142857143
87.4154285714286
87.4838571428571
87.5488571428571
87.6102857142857
87.8324285714286
88.103
88.0927142857143
88.0824285714286
88.0687142857143
88.0584285714286
88.1818571428572
88.3018571428572
88.4115714285714
88.607
88.6892857142857
88.4595714285714
88.2332857142857
88.343
88.4595714285714
88.4561428571429
88.4527142857143
88.4492857142857
88.4801428571429
88.511
88.5487142857143
88.5864285714286
88.5864285714286
88.5932857142857
88.5624285714286
88.535
88.5727142857143
88.6138571428571
88.5624285714286
88.511
88.583
88.6344285714286
88.6035714285714
88.4904285714286
88.4561428571429
88.5247142857143
88.6035714285714
88.6824285714286
88.6755714285714
90.288
93.4608571428572
96.8028571428571
100.220428571429
103.438285714286
102.857142857143
102.857142857143
102.857142857143
102.857142857143
102.857142857143
102.857142857143
102.857142857143
102.857142857143
103.287285714286
101.615142857143
99.9384285714286
98.2655714285714
96.6878571428572
95.1067142857143
93.6987142857143
92.277
90.7964285714286
90.9807142857143
91.285
91.2465714285714
91.3992857142857
92.218
93.037
93.6764285714286
94.3251428571429
94.7561428571429
95.1824285714286
95.6415714285714
96.0395714285714
96.4818571428572
97.115
97.7535714285714
98.254
98.5477142857143
98.8347142857143
99.4195714285714
99.9097142857143
100.315857142857
100.813285714286
101.302428571429
101.754857142857
100.832
99.9342857142857
98.9702857142857
98.0437142857143
97.1415714285714
96.2441428571429
95.3817142857143
94.5195714285714
93.5868571428572
92.8688571428572
92.2244285714286
91.1332857142857
90.0474285714286
89.0544285714286
100.804
100.609571428571
100.418571428571
100.150714285714
99.8827142857143
99.4345714285714
98.9915714285714
98.7325714285714
98.3544285714286
97.9571428571429
97.6787142857143
97.4708571428572
97.2628571428572
96.9761428571429
96.6661428571429
96.3681428571429
96.0857142857143
95.807
95.4594285714286
95.0281428571429
94.6741428571429
94.3018571428572
93.9375714285714
93.717
93.4961428571429
93.1674285714286
92.8351428571429
92.708
92.5798571428571
92.3218571428571
91.8501428571429
91.3724285714286
91.0974285714286
90.8371428571429
90.4278571428571
90.0304285714286
89.7314285714286
89.3537142857143
89.0304285714286
88.7182857142857
88.581
88.3331428571429
87.848
87.3891428571429
87.16
86.9134285714286
86.555
86.2737142857143
85.9441428571429
85.7532857142857
85.6617142857143
85.3804285714286
84.8951428571429
84.4174285714286
84.0145714285714
83.662
83.1288571428571
82.6202857142857
82.3337142857143
81.9408571428572
81.4825714285714
81.1544285714286
80.674
80.1274285714286
79.8207142857143
79.4497142857143
78.9401428571429
78.4972857142857
78.0734285714286
77.7451428571429
77.4192857142857
77.4645714285714
77.9545714285714
77.4554285714286
76.8662857142857
76.3552857142857
75.8547142857143
75.55
75.259
74.8248571428572
74.4438571428572
74.0482857142857
73.676
73.3637142857143
73.5412857142857
73.6521428571429
73.8672857142857
74.0447142857143
74.1345714285714
74.2648571428571
74.5007142857143
74.7457142857143
74.8611428571429
74.9347142857143
75.1621428571429
75.4822857142857
75.6298571428571
75.7384285714286
75.9365714285714
77.7774285714286
79.638
81.2584285714286
82.978
84.8764285714286
86.6757142857143
88.3682857142857
90.0827142857143
91.9
93.7
93.6961428571429
93.5881428571429
93.665
93.6494285714286
93.5071428571429
93.4991428571429
93.357
93.2147142857143
93.184
93.1721428571429
93.1871428571429
93.2592857142857
93.1785714285714
93.0748571428572
93.0132857142857
92.9631428571429
92.7948571428572
92.3387142857143
91.4052857142857
90.4295714285714
89.2168571428572
88.1067142857143
87.1267142857143
85.9685714285714
86.2231428571429
86.4705714285714
86.6475714285714
86.8838571428572
87.2045714285714
87.5825714285714
87.8222857142857
88.051
88.2614285714286
88.4245714285714
88.746
89.075
89.3097142857143
89.6355714285714
90.024
90.303
90.6261428571429
90.9572857142857
91.1918571428571
91.4075714285714
91.6678571428572
91.9505714285714
92.2711428571429
92.52
92.7687142857143
93.0438571428571
93.2694285714286
93.5828571428571
93.8887142857143
94.0558571428571
94.3035714285714
94.52
94.3541428571429
94.2897142857143
93.9802857142857
93.5438571428571
93.1995714285714
92.7564285714286
92.3897142857143
92.068
91.7382857142857
91.4008571428571
91.4947142857143
91.6928571428572
91.8577142857143
91.9251428571429
92.0748571428571
92.2282857142857
92.3857142857143
92.615
92.7611428571429
92.824
93.0424285714286
93.341
93.4721428571429
93.4352857142857
93.5854285714286
93.9808571428572
94.1774285714286
94.2241428571429
94.3477142857143
94.4904285714286
94.5132857142857
94.5784285714286
94.7362857142857
94.8708571428571
94.8497142857143
94.9647142857143
95.1065714285714
95.327
95.438
95.4308571428571
95.6001428571429
95.2585714285714
94.6711428571429
94.0554285714286
93.3127142857143
92.6507142857143
91.9245714285714
91.2888571428572
90.7814285714286
89.9677142857143
89.1308571428571
88.4444285714286
87.9005714285714
87.9847142857143
88.1687142857143
88.4172857142857
88.4572857142857
88.7777142857143
89.1744285714286
89.2205714285714
89.022
89.222
89.4085714285714
89.3835714285714
89.757
89.838
89.8788571428571
89.8974285714286
90.1731428571429
90.085
89.9892857142857
90.2947142857143
90.302
90.1758571428572
90.4637142857143
90.6888571428571
90.6475714285714
90.7468571428571
90.8128571428572
90.8898571428572
91.008
90.9554285714286
91.1438571428571
91.1087142857143
90.9362857142857
90.9344285714286
90.814
90.6567142857143
90.9202857142857
90.844
90.8632857142857
90.3991428571429
89.7358571428572
89.5665714285714
89.4395714285714
89.2745714285714
88.9108571428572
88.8798571428571
88.7717142857143
88.3138571428571
87.649
87.7498571428572
87.1015714285714
86.7382857142857
86.3508571428572
86.2301428571429
85.7944285714286
85.2914285714286
84.9942857142857
84.6292857142857
84.1054285714286
83.2992857142857
82.8801428571429
82.2054285714286
81.6944285714286
80.8694285714286
80.3132857142857
79.6551428571429
78.9131428571429
79.2404285714286
79.5895714285714
80.0402857142857
80.3102857142857
80.6727142857143
81.1998571428572
81.5405714285714
82.0054285714286
82.5958571428572
82.8958571428571
82.9042857142857
83.305
83.7397142857143
83.954
84.0487142857143
84.4631428571429
84.7965714285714
85.154
85.5595714285714
85.755
86.0394285714286
86.1547142857143
86.2961428571429
86.5352857142857
86.4734285714286
86.579
86.7161428571429
86.8211428571429
87.2298571428571
87.342
87.4644285714286
87.742
87.9884285714286
88.4142857142857
88.6072857142857
88.7891428571429
88.8944285714286
89.1587142857143
89.6127142857143
89.6912857142857
89.9594285714286
90.3087142857143
90.4778571428571
90.9835714285714
91.1415714285714
91.4218571428571
91.4367142857143
91.7615714285714
92.1097142857143
92.447
92.6218571428572
92.8724285714286
93.0402857142857
93.2311428571429
93.4872857142857
93.782
94.0965714285714
94.2387142857143
94.2615714285714
94.4651428571429
94.5068571428571
94.5947142857143
94.9032857142857
95.1348571428571
95.2657142857143
95.4121428571429
95.4637142857143
95.497
94.9568571428572
94.4608571428572
94.0585714285714
93.9098571428572
93.5085714285714
93.1502857142857
93.1262857142857
93.0592857142857
92.8781428571429
92.3282857142857
91.9301428571429
91.9212857142857
91.5238571428571
90.9195714285714
91.0314285714286
91.093
91.001
90.614
90.8424285714286
90.8017142857143
90.6244285714286
90.5098571428572
90.5057142857143
90.5422857142857
90.8007142857143
90.8225714285714
90.8258571428571
90.9071428571429
90.8624285714286
91.0471428571429
91.2358571428571
91.1872857142857
91.2761428571429
91.2461428571429
91.5872857142857
91.8284285714286
91.7985714285714
91.4788571428572
91.5564285714286
91.7978571428571
91.8905714285714
91.9498571428572
91.931
91.874
92.0042857142857
91.9671428571429
91.9224285714286
91.915
91.6615714285714
91.5088571428572
91.941
91.9595714285714
91.602
91.52
91.5162857142857
90.8588571428571
90.2751428571429
89.5444285714286
88.8472857142857
88.1935714285714
87.6492857142857
86.8747142857143
86.349
86.6047142857143
87.1461428571429
87.6108571428571
87.9188571428571
88.382
89.0397142857143
89.4711428571429
89.8838571428572
90.2185714285714
90.4925714285714
90.9832857142857
90.9637142857143
90.6688571428571
90.7137142857143
90.7121428571429
90.4851428571429
90.0862857142857
89.8774285714286
89.8787142857143
89.8888571428571
89.5475714285714
88.9518571428572
88.6982857142857
88.4231428571429
88.1765714285714
87.8484285714286
87.8344285714286
87.5865714285714
87.3141428571429
87.1532857142857
86.7381428571429
86.6822857142857
86.9775714285714
87.765
88.0181428571429
88.2091428571429
88.6237142857143
88.9305714285714
89.1967142857143
89.3815714285714
88.9848571428572
88.4902857142857
87.7722857142857
86.9564285714286
86.5658571428572
85.755
85.0632857142857
84.1207142857143
83.614
83.1042857142857
82.2614285714286
81.5854285714286
81.6211428571429
81.997
82.1757142857143
82.698
83.0692857142857
82.8107142857143
83.2614285714286
83.6964285714286
83.8594285714286
84.096
84.5397142857143
84.7558571428571
84.7691428571429
85.1281428571429
85.702
85.8928571428572
86.1458571428572
86.4371428571429
86.6512857142857
86.733
86.3554285714286
86.1738571428571
86.1414285714286
85.9378571428572
85.5374285714286
85.169
85.0585714285714
84.9475714285714
84.8525714285714
84.6107142857143
84.0914285714286
83.8674285714286
83.704
83.3725714285714
83.2752857142857
83.0574285714286
82.9424285714286
82.8595714285714
82.7481428571429
82.417
82.3034285714286
82.298
82.3641428571429
82.1484285714286
81.943
81.9688571428571
81.9614285714286
82.0767142857143
81.9582857142857
81.8462857142857
81.779
82.0524285714286
82.2762857142857
82.2178571428572
82.2872857142857
82.4797142857143
82.6751428571429
82.9095714285714
83.2197142857143
83.4342857142857
83.8448571428572
84.1398571428572
84.3312857142857
84.4318571428572
84.5815714285714
84.7917142857143
85.0692857142857
85.5447142857143
85.6417142857143
85.7785714285714
86.0182857142857
86.1088571428571
86.5568571428571
87.0245714285714
87.2207142857143
87.4935714285714
87.8511428571429
88.2764285714286
88.6851428571429
89.0521428571429
89.1694285714286
89.501
89.8127142857143
88.9807142857143
88.3971428571429
87.9798571428572
87.4807142857143
86.9117142857143
86.1882857142857
85.5224285714286
84.9702857142857
85.0395714285714
85.2992857142857
85.5901428571429
85.7884285714286
86.0312857142857
86.3674285714286
86.6382857142857
87.1872857142857
87.5885714285714
87.5464285714286
87.6814285714286
88.1197142857143
88.6345714285714
89.0572857142857
89.5227142857143
90.1652857142857
90.5522857142857
91.154
91.6875714285714
92.1592857142857
92.609
93.3831428571429
94.4724285714286
95.3472857142857
96.3375714285714
97.2944285714286
98.0422857142857
98.7625714285714
99.1048571428572
99.0114285714286
98.7378571428572
98.7398571428572
98.7054285714286
98.4635714285714
98.3885714285714
98.1667142857143
97.87
98.019
97.9188571428571
97.5791428571429
97.3731428571429
97.0578571428571
96.8678571428572
96.709
96.6005714285714
96.6852857142857
96.6608571428571
96.2962857142857
96.1115714285714
96.0681428571429
95.8747142857143
95.8542857142857
95.665
95.6981428571429
95.7958571428572
95.3737142857143
95.2115714285714
95.1527142857143
94.3925714285714
92.7257142857143
91.0085714285714
89.1984285714286
87.7781428571429
87.5751428571429
87.2607142857143
86.7682857142857
86.3521428571429
86.0551428571429
95.0727142857143
92.8677142857143
90.6952857142857
88.539
86.5412857142857
84.3635714285714
87.6928571428572
92.175
94.8387142857143
94.7418571428571
94.417
94.0285714285714
93.6447142857143
93.3518571428571
93.1151428571429
92.8935714285714
89.1137142857143
94.2455714285714
98.5305714285714
94.5964285714286
90.5202857142857
86.6007142857143
86.7032857142857
87.4538571428571
88.0265714285714
88.669
89.4577142857143
90.0758571428571
90.7585714285714
91.4051428571429
91.9925714285714
92.6905714285714
93.3068571428572
93.945
85.4351428571429
84.5861428571429
83.5975714285714
82.9317142857143
82.0155714285714
81.1765714285714
81.289
81.5401428571429
81.8104285714286
82.0164285714286
82.4774285714286
82.7905714285714
82.9512857142857
83.0817142857143
83.2771428571429
83.6135714285714
83.8348571428571
84.2581428571429
84.6992857142857
84.9114285714286
85.1567142857143
85.3314285714286
85.6268571428571
86.0378571428571
86.4287142857143
86.731
86.9097142857143
87.225
87.5887142857143
87.9247142857143
88.3378571428571
88.5482857142857
88.8068571428572
89.4152857142857
89.7311428571429
90.1362857142857
90.334
90.6962857142857
90.9138571428571
91.2544285714286
91.4651428571429
91.5087142857143
91.8651428571429
92.1234285714286
92.1585714285714
92.4352857142857
92.6717142857143
92.3114285714286
91.9188571428571
91.8361428571429
91.5667142857143
91.1781428571429
90.9014285714286
90.6317142857143
90.3225714285714
89.9458571428572
89.651
89.4234285714286
89.1422857142857
87.9864285714286
86.7701428571429
85.7415714285714
84.6738571428572
83.6238571428571
82.5364285714286
81.3155714285714
80.0328571428572
79.0022857142857
80.424
81.7934285714286
83.2794285714286
84.8938571428571
86.4068571428571
87.9437142857143
89.7182857142857
91.3695714285714
92.9295714285714
93.4455714285714
94.1172857142857
94.8084285714286
95.3604285714286
95.9308571428571
96.5158571428571
97.1354285714286
97.3565714285714
98.0207142857143
96.906
95.6705714285714
94.4402857142857
93.2074285714286
91.866
90.4607142857143
89.2895714285714
88.1982857142857
87.0285714285714
85.8177142857143
85.3897142857143
84.9655714285714
84.7721428571429
84.2154285714286
83.5384285714286
83.9601428571429
84.3888571428571
84.724
84.9367142857143
85.3884285714286
85.9567142857143
86.3107142857143
86.526
86.9751428571429
87.2215714285714
87.1987142857143
87.3208571428572
87.6465714285714
87.8981428571429
88.1108571428571
88.0704285714286
88.2564285714286
88.8074285714286
88.2862857142857
87.784
87.4128571428571
86.8521428571429
86.321
85.9157142857143
85.5172857142857
85.1667142857143
84.6551428571429
84.392
84.8698571428572
85.4308571428571
85.617
85.9228571428572
86.3321428571429
86.9404285714286
86.903
86.9817142857143
87.5857142857143
88.2342857142857
88.6232857142857
89.1634285714286
89.6882857142857
90.0987142857143
90.451
90.226
90.1288571428572
89.8994285714286
89.7571428571429
89.6138571428572
89.5351428571429
89.2138571428572
89.374
89.5681428571429
89.9467142857143
90.3837142857143
90.8327142857143
91.26
91.71
91.5491428571429
91.3208571428572
91.1322857142857
90.7155714285714
90.5008571428571
90.1942857142857
90.1468571428572
90.409
90.4891428571429
90.5182857142857
90.551
90.5691428571429
89.9882857142857
89.3225714285714
88.6592857142857
87.9072857142857
87.2285714285714
86.5904285714286
85.9027142857143
85.2987142857143
84.4987142857143
83.7562857142857
83.1777142857143
82.5765714285714
81.9375714285714
81.2904285714286
80.4191428571429
93.2187142857143
97.0364285714286
100.690142857143
97.6335714285714
94.438
91.3555714285714
95.2507142857143
99.2291428571429
103.017285714286
104.419857142857
104.741142857143
105.024428571429
105.393142857143
105.856857142857
106.077285714286
106.359714285714
106.491857142857
106.658285714286
106.788
106.887857142857
107.253571428571
107.408285714286
107.675714285714
107.688571428571
108.024142857143
109.081285714286
110.142714285714
111.311571428571
112.464714285714
113.021142857143
113.381857142857
113.76
113.211714285714
112.284142857143
111.294714285714
111.899285714286
112.779714285714
113.580571428571
113.755142857143
113.709
113.414
113.562142857143
113.823571428571
114.219285714286
114.366714285714
114.688571428571
114.741714285714
114.261142857143
113.562857142857
113.361
112.926428571429
112.753857142857
110.876571428571
112.253571428571
111.317285714286
110.664857142857
110.674142857143
110.374857142857
109.935142857143
109.660571428571
109.641714285714
109.887
110.589571428571
109.793714285714
108.806571428571
108.411142857143
106.994857142857
105.433714285714
106.167571428571
105.519857142857
104.646714285714
103.762428571429
103.529285714286
103.248285714286
103.480714285714
103.674285714286
104.129857142857
105.450571428571
106.317428571429
106.293857142857
106.442857142857
107.104428571429
106.495857142857
106.058285714286
103.897428571429
101.046571428571
102.497285714286
102.242428571429
102.066428571429
103.562571428571
103.116571428571
101.854285714286
101.747428571429
101.711571428571
101.346571428571
101.822857142857
101.652428571429
101.408142857143
102.324
101.555857142857
101.178428571429
101.570571428571
102.017285714286
102.474571428571
102.597857142857
102.622571428571
103.071142857143
103.439285714286
103.372428571429
103.287714285714
103.357142857143
103.285142857143
103.298714285714
103.154
103.188571428571
103.457142857143
103.558857142857
103.350142857143
103.103285714286
101.966142857143
100.314285714286
98.743
97.2158571428572
96.9355714285714
96.6832857142857
96.5422857142857
96.3144285714286
96.0511428571429
95.8397142857143
96.0595714285714
96.2671428571429
96.6731428571429
96.8727142857143
97.0038571428571
97.2825714285714
97.505
97.7877142857143
98.0785714285714
98.2192857142857
97.2167142857143
96.2378571428572
95.1371428571429
94.1742857142857
93.1762857142857
92.2688571428571
91.2808571428571
90.1858571428571
91.1177142857143
92.0392857142857
92.8474285714286
93.8462857142857
94.7542857142857
95.5562857142857
96.3524285714286
97.4804285714286
97.7937142857143
97.8051428571429
97.9574285714286
97.9922857142857
97.9618571428572
98.4307142857143
99.0711428571429
99.2912857142857
99.6295714285714
100.112142857143
100.458142857143
100.858
101.409142857143
101.982571428571
102.494
101.863142857143
100.695857142857
99.7352857142857
98.8127142857143
97.9951428571429
97.1244285714286
96.2767142857143
95.5837142857143
94.6668571428572
94.5442857142857
94.4827142857143
94.3362857142857
94.0027142857143
93.7685714285714
93.603
93.7251428571429
93.6001428571429
93.2864285714286
94.4341428571429
95.573
96.6591428571429
97.7221428571429
98.7775714285714
99.7432857142857
99.4231428571429
99.0244285714286
98.5368571428572
97.9735714285714
97.4701428571429
96.8961428571428
96.5491428571429
96.053
95.6182857142857
95.3732857142857
95.0322857142857
94.6761428571429
94.4761428571429
94.351
93.9984285714286
93.575
93.1674285714286
92.7381428571429
94.2292857142857
95.5691428571429
97.068
98.5825714285714
100.093428571429
101.596142857143
101.199571428571
100.721571428571
100.260857142857
99.6827142857143
99.3798571428571
99.28
99.1382857142857
98.693
98.2124285714286
97.9435714285714
97.8758571428571
97.9361428571429
97.9398571428572
98.0352857142857
98.0422857142857
97.7821428571429
97.5382857142857
97.3924285714286
97.0797142857143
96.5818571428571
96.2591428571429
96.0985714285714
95.8908571428571
96.072
96.2372857142857
96.3042857142857
96.3554285714286
96.4222857142857
96.4027142857143
96.4774285714286
96.6112857142857
96.7451428571429
97.2205714285714
97.3865714285714
97.7382857142857
97.9207142857143
98.2544285714286
98.8305714285714
99.3881428571429
99.8324285714286
100.051428571429
100.948857142857
102.102
103.103571428571
104.218428571429
105.000714285714
105.841571428571
104.833428571429
103.837285714286
102.885714285714
101.699857142857
100.403428571429
98.7552857142857
97.3692857142857
96.1214285714286
94.821
94.6437142857143
94.8362857142857
94.9211428571429
95.002
95.0674285714286
95.0751428571429
95.2177142857143
95.2331428571429
95.0367142857143
95.6841428571429
96.3285714285715
96.8947142857143
97.5754285714286
98.2294285714286
98.8678571428571
99.3827142857143
99.9431428571429
100.252571428571
100.798428571429
101.300428571429
101.811428571429
102.261428571429
102.590714285714
103.049142857143
102.509428571429
101.819714285714
101.316142857143
100.546142857143
100.264142857143
99.5595714285714
98.6008571428572
98.1741428571429
97.9262857142857
98.9348571428572
99.9697142857143
100.641428571429
101.332571428571
102.181
102.910857142857
102.332
101.825428571429
101.344285714286
100.736571428571
100.204428571429
99.6897142857143
99.241
99.0028571428572
98.6225714285714
99.1725714285714
99.6305714285714
99.9874285714286
100.503428571429
101.037
101.497285714286
101.937571428571
102.352857142857
102.814428571429
101.880285714286
100.849
99.8938571428572
98.9442857142857
97.9758571428572
96.9702857142857
98.211
99.4721428571429
100.596714285714
101.854571428571
103.096714285714
104.471
105.746428571429
107.044857142857
108.385142857143
108.367571428571
108.376285714286
108.393857142857
108.490714285714
108.539142857143
108.548
108.693285714286
108.763714285714
108.772571428571
108.443571428571
108.281142857143
107.973714285714
107.601142857143
107.350428571429
106.961
107.357285714286
107.888571428571
108.346714285714
108.778857142857
109.268285714286
109.594714285714
110.009428571429
110.482142857143
110.928428571429
111.503571428571
111.996714285714
112.584142857143
113.240142857143
114.072857142857
115.042857142857
115.717571428571
116.525
117.391285714286
116.057428571429
114.592571428571
113.020857142857
111.628
110.062857142857
108.459285714286
110.019
111.605714285714
113.097857142857
114.588
116.155571428571
117.614142857143
119.021714285714
120.410428571429
121.833714285714
121.294714285714
120.383
119.612142857143
119.004571428571
118.199571428571
117.368571428571
116.745714285714
116.432
116.060857142857
115.713857142857
115.224571428571
114.741
113.856857142857
112.853428571429
111.937
111.027571428571
110.18
109.175285714286
108.595428571429
107.922
107.129857142857
106.296428571429
105.514714285714
104.800571428571
104.209142857143
103.578285714286
102.968714285714
102.456714285714
101.947
101.247
101.153
100.954
100.914
100.707
100.516714285714
100.542285714286
102.265428571429
103.916857142857
105.946142857143
105.798857142857
105.422428571429
104.997857142857
104.482714285714
104.063571428571
103.614428571429
103.182714285714
102.959714285714
102.498285714286
101.574
100.633571428571
99.7065714285714
98.8167142857143
97.8865714285714
96.9412857142857
96.9532857142857
96.8338571428571
96.7185714285714
96.7065714285714
96.7065714285714
96.7344285714286
96.4097142857143
96.0615714285714
95.7885714285714
95.4917142857143
95.2928571428571
95.0151428571429
95.4218571428571
95.7937142857143
95.9735714285714
96.3618571428571
96.83
97.204
98.2975714285714
99.5844285714286
101.031857142857
100.396
99.7318571428571
99.0565714285714
98.6405714285714
97.9974285714286
97.2795714285714
96.8715714285714
96.2252857142857
95.4824285714286
97.1075714285714
98.798
100.408714285714
100.227
99.9181428571429
99.5725714285714
99.4784285714286
99.3508571428571
98.8437142857143
98.266
97.89
97.4625714285714
97.2415714285714
97.4267142857143
97.7478571428572
97.9974285714286
98.2435714285714
98.526
99.0044285714286
99.5278571428571
100.195142857143
100.844
101.627
102.197571428571
102.197142857143
102.261428571429
102.420428571429
102.616571428571
103.001571428571
103.455
103.116428571429
102.801857142857
102.681857142857
102.309571428571
101.944714285714
101.184857142857
101.586285714286
102.157
102.564571428571
103.191714285714
104.022
104.797714285714
103.91
102.837
101.631142857143
100.622571428571
99.5641428571429
98.4174285714286
98.5904285714286
98.5341428571429
98.4978571428571
99.1515714285714
99.974
100.804
101.567857142857
102.181571428571
102.829857142857
103.366571428571
103.962714285714
104.572571428571
105.501142857143
106.421285714286
107.363285714286
108.46
109.413428571429
110.255285714286
109.962857142857
109.755142857143
109.640142857143
110.654714285714
111.616714285714
112.620714285714
113.672285714286
114.656428571429
115.665142857143
116.694428571429
116.606428571429
116.494428571429
116.425
116.345857142857
116.360428571429
116.435714285714
116.186285714286
116.374142857143
116.476857142857
116.593714285714
116.715285714286
116.737
116.143142857143
115.628571428571
115.052285714286
114.640714285714
114.330857142857
113.951428571429
113.585714285714
113.173857142857
112.716714285714
112.169285714286
111.419571428571
110.878
110.225
109.595142857143
109.010285714286
109.846285714286
109.846285714286
109.846285714286
109.846285714286
109.846285714286
109.846285714286
109.846285714286
109.846285714286
109.846285714286
109.846285714286
109.846285714286
109.846285714286
109.846285714286
109.846285714286
109.846285714286
109.846285714286
109.846285714286
109.846285714286
109.846285714286
109.846285714286
109.846285714286
109.846285714286
109.846285714286
109.846285714286
109.846285714286
109.846285714286
109.846285714286
109.846285714286
109.846285714286
109.846285714286
109.846285714286
109.846285714286
109.846285714286
109.846285714286
109.846285714286
109.846285714286
109.846285714286
109.846285714286
109.846285714286
109.846285714286
109.846285714286
109.846285714286
109.846285714286
109.846285714286
109.846285714286
109.846285714286
109.846285714286
109.846285714286
109.846285714286
109.846285714286
109.846285714286
109.846285714286
109.846285714286
109.846285714286
109.846285714286
109.846285714286
109.846285714286
109.846285714286
109.846285714286
109.846285714286
109.846285714286
109.846285714286
109.846285714286
109.846285714286
109.846285714286
109.846285714286
109.846285714286
109.846285714286
109.846285714286
109.846285714286
109.846285714286
109.846285714286
109.846285714286
109.846285714286
109.846285714286
109.846285714286
109.846285714286
109.846285714286
109.846285714286
109.846285714286
109.846285714286
109.846285714286
109.846285714286
109.846285714286
109.846285714286
109.846285714286
109.846285714286
109.846285714286
109.846285714286
109.846285714286
109.846285714286
109.846285714286
109.846285714286
109.846285714286
109.846285714286
109.846285714286
109.846285714286
109.846285714286
109.846285714286
109.846285714286
109.846285714286
109.846285714286
109.846285714286
109.846285714286
109.846285714286
109.846285714286
109.846285714286
109.846285714286
109.846285714286
109.846285714286
109.846285714286
109.846285714286
109.846285714286
109.846285714286
109.846285714286
109.846285714286
109.846285714286
109.846285714286
109.846285714286
109.846285714286
109.846285714286
109.846285714286
109.846285714286
109.846285714286
109.846285714286
109.846285714286
109.846285714286
109.846285714286
109.846285714286
109.846285714286
109.846285714286
109.846285714286
109.846285714286
109.846285714286
109.846285714286
109.846285714286
109.846285714286
109.846285714286
109.846285714286
109.846285714286
109.846285714286
109.846285714286
109.846285714286
109.846285714286
109.846285714286
109.846285714286
109.846285714286
109.846285714286
109.846285714286
109.846285714286
109.846285714286
109.846285714286
109.846285714286
109.846285714286
109.846285714286
109.846285714286
109.846285714286
109.846285714286
109.846285714286
109.846285714286
109.846285714286
109.846285714286
109.846285714286
109.846285714286
109.846285714286
109.846285714286
109.846285714286
109.846285714286
109.846285714286
109.846285714286
109.846285714286
109.846285714286
109.846285714286
109.846285714286
109.846285714286
109.846285714286
109.846285714286
109.846285714286
109.846285714286
109.846285714286
109.846285714286
109.846285714286
109.846285714286
109.846285714286
109.846285714286
109.846285714286
109.846285714286
109.846285714286
109.846285714286
109.846285714286
109.846285714286
109.846285714286
109.846285714286
109.846285714286
