#Sigma on thinning for VK from AICC2012.
0.0231981077354
0.0227093970668
0.0214852244975
0.0194881593682
0.0158058362851
0.0153758829959
0.0179902869907
0.0201624978523
0.0218150565332
0.0233591642553
0.0251808856374
0.0277059549932
0.0308611693561
0.0344274643934
0.0377007739839
0.0403329948338
0.0422261569599
0.0430697005968
0.0425604727795
0.0406252415379
0.0379002114066
0.0346320021489
0.0314295475933
0.0292064033891
0.0270911030531
0.0243881788442
0.019414828072
0.0173430496442
0.0218664470135
0.0240678131926
0.024721201836
0.0225289135618
0.0144279646658
0.0244504498472
0.0280144572994
0.0283709526438
0.0280502049592
0.0285707111694
0.0303700324147
0.0315676052005
0.0310868755989
0.0302582779282
0.0312930697331
0.0349483638387
0.0375842599553
0.0367628513353
0.0333613441182
0.0307563954805
0.0311108498286
0.033100098173
0.0329620147505
0.0307241176121
0.0302492624364
0.0319440051007
0.0319461078214
0.0298703198424
0.0270983155651
0.0219302542919
0.0192078907648
0.0292265202466
0.0327065025942
0.0329738457957
0.0326396451066
0.0334985979407
0.0348975209956
0.0360912997944
0.0361999946848
0.0361262180966
0.0380291754956
0.0398725164774
0.0403798856046
0.0386444763922
0.035291848297
0.033295001432
0.0321372577916
0.0280252676422
0.0170077497964
0.0261916747359
0.0246291351499
0.0253027567032
0.0327369938996
0.0360527727298
0.0389928144748
0.0390883312052
0.0354263369289
0.0288288539769
0.0223624074721
0.0181802607259
0.0223999025682
0.0310620010992
0.0344423399785
0.0375753332525
0.0387874789796
0.0385278190863
0.0413531836928
0.0437502346152
0.0426370820305
0.0406863038175
0.0404382231906
0.0382127212728
0.0330414034711
0.0282957116626
0.0324394913724
0.0389726115796
0.0406623252524
0.039049353702
0.0351290713052
0.0232657323512
0.0187188198029
0.0260762993795
0.0246967020124
0.0225846775261
0.0276743634506
0.0328533056012
0.0372906456004
0.0392881044143
0.0413302957827
0.0379879543094
0.0349644965591
0.0274473892605
0.0305963786854
0.0202016828806
0.0294370514142
0.026239428122
0.0252157802935
0.0284174179679
0.0258144723411
0.0280008113391
0.032297374934
0.0287143826594
0.0211973174563
0.0230251398669
0.0269810567096
0.0246209924425
0.0265930694572
0.0298806056395
0.030367637926
0.033283973826
0.0347534223039
0.029009561117
0.028385125962
0.0358042284421
0.0399436784396
0.042404382078
0.0413524448988
0.0376484780215
0.0335674353341
0.0293157425266
0.0304060871101
0.0300620258814
0.0260946244032
0.0328158153785
0.0377067716219
0.0389094643613
0.0368465317355
0.0327653962769
0.0256877148569
0.0301804212713
0.0290334730417
0.0279045388271
0.0367070954751
0.0416901395224
0.0373465918414
0.0348707873839
0.0337808991281
0.0311348266164
0.0337956760127
0.0355484541814
0.0273210171944
0.024290309016
0.0373245476988
0.0367861792363
0.0275263939848
0.0285107245995
0.0302157499749
0.0294790595823
0.0299050400914
0.0310955185604
0.0359877177479
0.0407504060525
0.0402478881186
0.0395237104352
0.0406051940347
0.0424622483882
0.042753301447
0.0326495750266
0.0387725076805
0.0370706975486
0.0264127058627
0.031620755788
0.0261097506879
0.027656059213
0.0327055115642
0.0360308312021
0.0352336938595
0.0301586970748
0.0341267975945
0.0403995933192
0.0447330705773
0.0473073645409
0.0459510995043
0.0402480311191
0.0300849321386
0.0411464492338
0.0477970376893
0.053425827368
0.0564430209929
0.0560832594685
0.053613418536
0.0520988921527
0.0541282183677
0.0569531118929
0.0561325814823
0.054697548514
0.0539677008443
0.0532417502706
0.0553583903351
0.0580501453149
0.0590210326495
0.0599062392661
0.0611341303043
0.0613667743886
0.0617916597408
0.0630857125829
0.0639518769649
0.0643858268349
0.065080088838
0.0659901554047
0.0665973704532
0.0668842786886
0.06693490194
0.0669627700008
0.0675140712827
0.0682770211135
0.0678299615616
0.0678134397177
0.0703326017802
0.0730732108177
0.0747961497066
0.07660900319
0.0786011210035
0.0790907463744
0.0772683496071
0.0750799610768
0.0738726086445
0.0728430382537
0.0716371664629
0.07226130679
0.0736572317319
0.0739636529084
0.0733976451934
0.0723817320974
0.0720519624444
0.0729415909375
0.073744184794
0.0738714769082
0.0741627806458
0.0752412948521
0.0766240226476
0.0778540063794
0.0791095837439
0.0796815121588
0.0792242022353
0.0790756053534
0.0795748295031
0.0804295810804
0.0818904891598
0.0828063599923
0.08360747864
0.0833080289031
0.0825393317725
0.0818339596696
0.0813870533743
0.0813240439513
0.0811798607276
0.0810620733926
0.0840145332033
0.0866573434545
0.0860812882454
0.0860819862915
0.0869722969094
0.0879266418404
0.0881885421869
0.0881983512312
0.087802230801
0.0877484073211
0.0897321938777
0.0905451787474
0.0908071562668
0.0903832779379
0.0903011825551
0.0905599529002
0.0908023399371
0.0918820363182
0.0935296639775
0.0942028034906
0.0936262482685
0.0931395221021
0.0933418261773
0.0945507181835
0.0952872590919
0.0946958687706
0.0941430134245
0.0945193918063
0.0957041467335
0.096538935882
0.0973331911522
0.0975804405918
0.0987586849251
0.100005885415
0.0996237034753
0.0986606415739
0.0986888283621
0.098731109468
0.0985912398317
0.0979696057524
0.0968289669026
0.0957935456882
0.0952897142127
0.0943722239793
0.0935097312399
0.0928112411278
0.0920343300164
0.0918368182284
0.0931479472105
0.0937421964621
0.0934776533186
0.0928923490833
0.0912968106759
0.0895225869056
0.0878347350642
0.0868433078823
0.086367506584
0.0859335842297
0.085511114469
0.0861827508847
0.0873430399496
0.0872770456813
0.0875114452341
0.0878977794541
0.0874724199206
0.0872009832663
0.0874449218639
0.0875814367538
0.0867016334776
0.0856299879208
0.0853844821107
0.0863430169537
0.0876464969174
0.0887729655922
0.0892758455646
0.0895221891865
0.0895780149461
0.0894080170353
0.0889567218741
0.0871594017186
0.0836309210109
0.0811252635549
0.0798731821209
0.0802747212342
0.0807975814036
0.0811706793788
0.0805422416283
0.0789264797952
0.0768636566171
0.0744920940765
0.071685782979
0.0700442545626
0.0681180607986
0.0670630992137
0.0673133594721
0.0669353771301
0.0654276359062
0.0640059650743
0.0618266181839
0.0601430614569
0.0601352254607
0.0605584643518
0.0596222285335
0.057771812538
0.0576867704806
0.0574436582909
0.0574240205967
0.0562778722997
0.0532080397316
0.0530134248662
0.0534179535446
0.0525015230491
0.0466840506834
0.0535329922398
0.0529962675451
0.0467573403211
0.0536035597557
0.0574070867737
0.0576574248152
0.0514900790693
0.0515175252008
0.0533523301722
0.0513857657602
0.0464493411567
0.0516020897047
0.0487939011219
0.0525951294163
0.0548219072842
0.0515531161394
0.0540198841732
0.0576386988391
0.0576433972882
0.0568890509344
0.0544101054751
0.0509308285293
0.0566593508658
0.0559277007778
0.0497447899203
0.0528071286883
0.0526737246466
0.0499080566119
0.0476768341163
0.049751992217
0.0548941425577
0.0570318690029
0.0540412268615
0.0480078227522
0.0510440546977
0.050820911931
0.0560131667454
0.0575070719482
0.0573042729135
0.0567336599022
0.0556527030982
0.0548827671253
0.0523174460021
0.0508517121441
0.0542568614209
0.0553048294604
0.0517811698589
0.0577382079219
0.0598636713341
0.0607804220294
0.0608059299386
0.0587674416055
0.0553933513768
0.0553984505062
0.057423063519
0.0578300119623
0.0568352757959
0.0552575278628
0.0510239299601
0.0568495281994
0.0600740667458
0.0590905412792
0.0533269759381
0.0616904327575
0.0653954104194
0.0660439425494
0.0652476728403
0.0638609313004
0.0613406761312
0.0575890997608
0.054060417571
0.0588525717534
0.0598924883161
0.0585244029196
0.0539849219633
0.0566637191473
0.0589308964233
0.0604563004152
0.0618756197127
0.06418170298
0.0668154369903
0.0671236497024
0.063160828721
0.0565891479699
0.056000968382
0.0580865983812
0.0562839051189
0.0592616377075
0.0612107692698
0.0587022478375
0.0565735905247
0.0575438514438
0.0596968839454
0.0618316997543
0.0632032351927
0.0639695781227
0.0617610068568
0.054876160117
0.0575366599052
0.056314650084
0.0589820200183
0.0582485821131
0.0588147398637
0.0625418231095
0.065157338014
0.0645867648971
0.0627250454983
0.064816687853
0.0664180821363
0.0647190352862
0.0589480125412
0.0585614292834
0.0591155163288
0.0560985235591
0.0627954534118
0.0662681376678
0.0676754412159
0.0670644281586
0.0644665378789
0.0648716391217
0.0664289260379
0.0658930546534
0.0641751339007
0.0632914216436
0.0631069386908
0.0606011210623
0.0629521889537
0.0675664540427
0.0700274426017
0.0714926985609
0.0703848252686
0.0694198840999
0.0688906203413
0.0683364341467
0.065716918876
0.0638152362823
0.0681502186309
0.0729043803311
0.0753278130013
0.0763177670789
0.0762100850568
0.0765728586998
0.0776355223081
0.0783432052871
0.078958561301
0.079210232978
0.0775226006866
0.0747741776814
0.0721422131627
0.0707542526277
0.0710228352552
0.0730747628462
0.0762162606155
0.078143413587
0.0796415766004
0.0810351345692
0.0805260703372
0.0789851154924
0.0781829202875
0.0778161690728
0.0776902858156
0.0775170787256
0.0780302304906
0.0790751473773
0.0780623126461
0.0751718139137
0.0743185737565
0.0743544407052
0.0748169273368
0.0761467220294
0.0767831904388
0.0761444465406
0.0751045648022
0.0745831234555
0.0748035134656
0.0757105322116
0.077005375469
0.0781865291128
0.0787828811964
0.0786547050931
0.0781652823814
0.0778290579377
0.077671948212
0.0774871607532
0.0770296593179
0.0765779473772
0.0764083235257
0.0763394569413
0.0757383127534
0.0744636058365
0.0729856472858
0.0720525214052
0.0700345627469
0.0666550432172
0.0699820204014
0.0744370828838
0.077089530097
0.0788449945852
0.0789757433357
0.0780827227317
0.0771247353477
0.0756746841061
0.0745083793814
0.0758132366187
0.0780570571428
0.0771941658053
0.0736442847076
0.0734787401702
0.0766962040451
0.0782392188622
0.0771997131712
0.0754588090456
0.0751081344107
0.0773948354759
0.0787776858772
0.0769186999279
0.0769824282265
0.0770725476
0.0769541279418
0.0788304384447
0.0792570187199
0.0773097328887
0.0778790223605
0.0789411572962
0.0788089105876
0.0792937866922
0.0784782624213
0.0803060855791
0.0817395757793
0.0817342481124
0.0819887678861
0.0822762929956
0.0830672889966
0.0840416323214
0.0848744890501
0.0828403634657
0.0767217380662
0.0709711183604
0.0715571059411
0.0732388860008
0.0753251114777
0.077144239851
0.0777610989523
0.0794482700018
0.0817486576797
0.08404430596
0.0855708628064
0.0866355203395
0.0880731503907
0.0872284237016
0.0838297149214
0.081339852159
0.0791493556057
0.0754766952406
0.0723031584188
0.0707399879386
0.0723670254552
0.0762773065225
0.0834312269986
0.086896644753
0.0884719265978
0.0896707006741
0.0897098284889
0.0880918171798
0.0851183245156
0.0818277438444
0.0785001729744
0.0777689792241
0.0803773633561
0.0816803537935
0.0818742549698
0.0830173920223
0.0849199894529
0.0865558074494
0.0874943662071
0.0882583065387
0.0889262600678
0.0889281702289
0.0883898637511
0.0882988544755
0.0883389230286
0.0875831584231
0.0857208260623
0.0832065813083
0.0820823788239
0.0827565333519
0.0830136111046
0.0837972292192
0.0849301839184
0.0849722278301
0.0852032806497
0.0867697701519
0.0882991753603
0.0885112918104
0.0885677314925
0.0887847519453
0.0881119588702
0.0877577271987
0.0884951815144
0.0885629392563
0.0876852715765
0.0872696219903
0.0869097634599
0.0867065320683
0.0877750261025
0.0883997029846
0.0883324169909
0.0873574239178
0.0866340481768
0.0870719350852
0.0882568891178
0.0909551494648
0.0925071364649
0.0910415961129
0.0884773509182
0.0861482311449
0.0858875772511
0.0876792522057
0.0882414207677
0.0872214777736
0.0882951295249
0.0904157103327
0.0904385294546
0.0914643409416
0.0929897454165
0.0930848760569
0.0943879499036
0.0930564656161
0.0854516622248
0.0803345111596
0.0810457427316
0.0857651329019
0.0901851100847
0.0916469284543
0.0906018415113
0.090138850941
0.0905851785688
0.0902839447433
0.0911988525432
0.092671347608
0.0916673390004
0.0883711561587
0.0890273555438
0.0908007299431
0.0903374209997
0.0915384915715
0.0911864346431
0.0899525602703
0.0917098168342
0.0944179162328
0.0960008507195
0.0954422397931
0.0932691093125
0.0900049928624
0.0864634626864
0.0858600535009
0.0890383649162
0.0921599874001
0.091610443689
0.0895734795481
0.0896635374263
0.0901570512564
0.0916823936543
0.0945756245399
0.0959520014122
0.0943183322388
0.0915393273221
0.0899292539735
0.0885522837803
0.0842785299128
0.0814421258842
0.0840858929208
0.0887926544775
0.0922428076829
0.0942842179725
0.0955149873781
0.0946046438525
0.0922965197275
0.0904547699639
0.0876247066217
0.0818931605412
0.0798884574177
0.0833076418824
0.0871568074403
0.0876434443197
0.0866213075687
0.087481662295
0.0873086169701
0.0844992057282
0.0854112406478
0.08979037677
0.0935853714579
0.0971159394034
0.0979212172801
0.097323282629
0.0977206382595
0.0971461750309
0.0942660101638
0.0917214482091
0.0911582547698
0.0910032284851
0.0894907732534
0.0849515093459
0.0843836573377
0.087710635954
0.0925967928835
0.0990500987166
0.102794223545
0.104065186405
0.103754104252
0.102377203812
0.100992978837
0.0993423358332
0.0947439147953
0.0907323977456
0.0895786210126
0.0904777691263
0.0940012864606
0.0968734868254
0.0974277037152
0.0966827389222
0.0963103089678
0.0987409691233
0.100776383158
0.10074035577
0.101402814945
0.103048817833
0.102987832708
0.101077524509
0.099513808099
0.0977095929962
0.0975499923633
0.0986366623552
0.09953475656
0.0998305563951
0.0981288933462
0.0954192357047
0.093374375985
0.0916119789975
0.0947837491016
0.101589409376
0.104528576994
0.104687280809
0.104927300101
0.104657247573
0.103527384913
0.101755396108
0.101679813395
0.101481166275
0.100683876483
0.10082351062
0.101778249758
0.102815644404
0.103862733838
0.104468862716
0.105084893547
0.106203716626
0.106687850752
0.106608360947
0.106242454465
0.105172311949
0.104078588164
0.104660639964
0.105642993306
0.104860461688
0.103532693929
0.10279424204
0.10314609338
0.104736815226
0.107186698663
0.109324507505
0.110363779535
0.110430585442
0.110535083317
0.110957621965
0.111994290452
0.112853441498
0.112306262193
0.111380750506
0.111761003787
0.11117990277
0.109333479697
0.108233248836
0.108570030691
0.108461043466
0.107878514456
0.108737102149
0.110042294194
0.111471291424
0.112061952928
0.111497336345
0.111565128744
0.111480446625
0.111593983205
0.112911222591
0.114080042401
0.115047307878
0.116481771855
0.117109821613
0.116938819548
0.115975034856
0.115308059281
0.11466117697
0.113869419741
0.114014888357
0.114812332216
0.115707567141
0.115234018329
0.113140787632
0.113084792227
0.114424872955
0.114517819902
0.115002512224
0.115830694325
0.115199769848
0.113980209649
0.113988877286
0.115453030106
0.115115723673
0.114308973407
0.111899216542
0.106981057456
0.10500660651
0.103809048652
0.103953017133
0.104253611837
0.104246623157
0.107765519452
0.110560162414
0.111077577445
0.109919962492
0.107428712651
0.104847699881
0.1043127865
0.104006301115
0.101362687666
0.0976916532013
0.0993705392762
0.103360107301
0.10704357901
0.109150815274
0.109147798345
0.107598956737
0.106250512351
0.0997675789152
0.0990478504547
0.0996026581984
0.0955609302574
0.10161341229
0.102326327269
0.101048197058
0.0998695907042
0.101818339927
0.105592610848
0.106428063159
0.104056642136
0.103883253004
0.106173462705
0.10603970522
0.102362835621
0.0977272952271
0.0990409781416
0.0999268134662
0.0986044360235
0.105722510329
0.110299187584
0.113055035121
0.11425269989
0.113286745462
0.113248184933
0.112236037635
0.110771742681
0.111816896638
0.11202687459
0.111717487943
0.111936173011
0.11170622724
0.112016498417
0.113088590733
0.115560694797
0.118108250527
0.119812370086
0.11811250109
0.116048097871
0.114693350803
0.113782280879
0.113936493197
0.116173432913
0.11837126566
0.117352341505
0.115554704582
0.115663944833
0.116114521909
0.116744004379
0.117192752239
0.117641727205
0.118919145148
0.118661308958
0.116927859538
0.114075360877
0.110069392571
0.112635030413
0.116852780988
0.118592958034
0.119379757319
0.118870376267
0.116800343275
0.117437631531
0.118679771381
0.118634001129
0.11829851028
0.118089759345
0.117564234549
0.117436368268
0.118122064185
0.118645570487
0.120218888602
0.12123831689
0.12165314351
0.122797410199
0.122211978267
0.120587224802
0.120848894901
0.122078064173
0.1230386962
0.123654554286
0.123411975424
0.122035452902
0.12132422625
0.121290931166
0.120480729228
0.118996277625
0.118908886685
0.12041302235
0.123268662946
0.125655762489
0.125402078003
0.123529753963
0.12184914617
0.120220159253
0.118583863631
0.116715446193
0.114237999915
0.114178035326
0.111113387299
0.106106357717
0.108023595924
0.116740265075
0.121191184326
0.122655767103
0.122474441068
0.121057738717
0.121703607885
0.123454792057
0.124037750868
0.123525643293
0.122435304439
0.119143616409
0.112883519461
0.111476149523
0.113144850533
0.112464348684
0.108656873808
0.109926027813
0.114655622238
0.115405887367
0.10995868164
0.11231523202
0.118563901291
0.122220888392
0.125150780353
0.125505565275
0.122807199618
0.117920080992
0.11435124795
0.114711871672
0.117356913623
0.117343785043
0.118854192024
0.122644956569
0.125568105798
0.12495415721
0.122994420652
0.123452072741
0.125532884163
0.126106361372
0.125558485052
0.125468188788
0.124896842864
0.123425273767
0.122760436727
0.122300747452
0.122573015631
0.123915390527
0.122492635218
0.125526600875
0.130185323033
0.133009154042
0.134376586942
0.135034702041
0.135804154076
0.136415775004
0.134684911493
0.131200868675
0.126656214
0.126412154994
0.127978626905
0.128064698151
0.127198245227
0.127329883216
0.128797553221
0.132819878759
0.133978725305
0.131300408677
0.128467134529
0.12996302855
0.132378121598
0.134122423279
0.135010338066
0.136094139173
0.136824049342
0.137984602299
0.137480652242
0.132961680133
0.130008167837
0.129652523367
0.132585049192
0.135928456561
0.138229269981
0.13841540229
0.137198824784
0.137810430722
0.138997696069
0.139116414426
0.140154652133
0.140841223587
0.139845757594
0.139240057455
0.139753940368
0.140684547212
0.142073633256
0.143767041348
0.14446612407
0.144260258415
0.14395797771
0.144104201857
0.144121262474
0.143213533747
0.141718329419
0.139827511236
0.138061033365
0.137930952053
0.138114859334
0.138839570045
0.13999007046
0.140794508803
0.140711427706
0.140176425448
0.139963529073
0.139322174132
0.136970310636
0.135078047199
0.137477793189
0.14070010982
0.141502926487
0.140270481799
0.1385335672
0.137223926989
0.135866689462
0.134021089362
0.131986322733
0.129505059618
0.125372472914
0.120420767602
0.121278392199
0.12640420017
0.129526184045
0.131606626609
0.134098700423
0.13706622709
0.137183454953
0.136629202494
0.136686394678
0.137553568283
0.137734181717
0.136912881948
0.134681094223
0.134349795983
0.135957394003
0.13540842167
0.132148260638
0.128525464107
0.125514602836
0.124131988281
0.125274462983
0.127564767986
0.129708865527
0.132368120462
0.134386519997
0.135319520245
0.135927989725
0.13625266499
0.134855323284
0.130988907903
0.12607276273
0.126734677426
0.133494413214
0.13772193225
0.137716856595
0.136507719434
0.13758343389
0.139805827936
0.140874346502
0.140825273737
0.140246404809
0.138522462261
0.135685068158
0.135027905093
0.135292296735
0.137395245564
0.141663603967
0.144343027649
0.143479579995
0.143285728923
0.144564674732
0.144544627819
0.140653921558
0.13381187583
0.128238260744
0.128176463239
0.132449500872
0.135053176597
0.139620518589
0.140987203372
0.140631057075
0.140906807818
0.142173358032
0.143239272499
0.14448235732
0.142363215755
0.140566392987
0.143246254861
0.14626336994
0.148570985272
0.147129428456
0.141723188793
0.138465992849
0.136596817992
0.13223303492
0.12466597232
0.122951594928
0.135279011208
0.14205804948
0.143261183325
0.142688107017
0.140680802319
0.14047442068
0.144157878893
0.14663614066
0.146181394248
0.141845779293
0.134984607809
0.128523413167
0.124385244466
0.128583721391
0.13532953557
0.137843148467
0.138014637034
0.13458784899
0.129381978427
0.129418257956
0.133171417605
0.135509563874
0.135800924138
0.135386708954
0.134361152701
0.132573924556
0.131069540238
0.136099220974
0.138255013754
0.135882808928
0.133255405614
0.13247194451
0.130781266034
0.129803320269
0.131867001448
0.13564103537
0.136638950233
0.133510075814
0.132774425074
0.137775372746
0.139555840214
0.139352311697
0.13917486287
0.13990810611
0.140604345402
0.14219449834
0.14286026802
0.142273796535
0.141434124021
0.138589839231
0.135412955872
0.133882325154
0.132549535575
0.130281550838
0.12807186595
0.127801734536
0.133086308552
0.137806217443
0.14066043632
0.144543339735
0.14754762371
0.148153922992
0.146604614322
0.140654556214
0.130357939937
0.12742744425
0.13016113361
0.129677827155
0.136955805646
0.140281249933
0.142578426459
0.146020129449
0.148766573011
0.146585171598
0.140401149708
0.13348645661
0.133245900575
0.137850341207
0.138033049064
0.136887463065
0.133179956505
0.131854102285
0.13789484416
0.138530405927
0.140521806668
0.143162355437
0.144021322695
0.142741833887
0.14040516582
0.133691077689
0.139014371838
0.143756673704
0.142351976938
0.133413636956
0.140482115522
0.142469682307
0.14400564132
0.144776624084
0.142510337479
0.140550320441
0.140569865327
0.140717769426
0.139253206843
0.134978178987
0.13481706342
0.131341223123
0.134955941114
0.130824866808
0.13632832709
0.141711786867
0.140317615508
0.139022485214
0.143029313328
0.14571233417
0.148887409804
0.150229411559
0.149089971267
0.147590476271
0.146866725225
0.145416085733
0.146162686663
0.145666335205
0.136177599123
0.139407864474
0.138517133191
0.139750197618
0.147211263309
0.151036505753
0.154948327266
0.156602889116
0.155074177634
0.152040607582
0.149390631024
0.149545663987
0.153050556606
0.156236836985
0.158232870851
0.158583355858
0.15694101942
0.15708844847
0.159589874334
0.160017640224
0.156667290186
0.15231655443
0.148993020306
0.149980793386
0.151929395612
0.153254905669
0.155106962726
0.156302103629
0.157010928988
0.157985251909
0.159331771819
0.160438771647
0.160705936503
0.159478369726
0.157734016436
0.157289808256
0.158078215682
0.158380452866
0.158643651484
0.158844771011
0.158401415387
0.157890191808
0.157570716056
0.158131394819
0.159425669738
0.159308273155
0.158324458583
0.157642297738
0.158452894457
0.159835259701
0.159129919947
0.158959663671
0.159823395519
0.159634034041
0.156555604236
0.153659209532
0.152140956416
0.153354831999
0.158551902801
0.164010327678
0.166266072053
0.166915141733
0.166060517037
0.163786776735
0.161491212757
0.160094135016
0.158878825782
0.154492321338
0.139656451634
0.146873924729
0.143325496045
0.1525986654
0.158669815909
0.162172412383
0.162078747603
0.160445319648
0.159821774367
0.160140596896
0.162688820347
0.165837249236
0.167270779982
0.16640778417
0.164603036083
0.162535752971
0.159864440909
0.157537207601
0.156428280064
0.157124192035
0.15919740637
0.161419859819
0.163939352541
0.166693272521
0.168590136804
0.170152975601
0.171234543426
0.171611813873
0.17132130597
0.17232086366
0.174831833
0.177109680686
0.178175597235
0.178501446108
0.178832759645
0.179418037245
0.180164998433
0.18040479763
0.180528857971
0.180614491699
0.180619404193
0.180555507194
0.180523399915
0.180834014537
0.181210118129
0.18137648305
0.180956513665
0.181741550283
0.18302548566
0.183426380244
0.183415162434
0.183245274554
0.183385211424
0.182820288045
0.181203876792
0.180332587215
0.180472677808
0.180991172176
0.181004994281
0.179421215492
0.177134475795
0.174673932023
0.174208527177
0.175235034957
0.174245091067
0.173566611335
0.175335026566
0.175756692546
0.174882174129
0.174819382297
0.175569157193
0.175890506735
0.176029779405
0.176181940108
0.175972483378
0.1750023957
0.174093205232
0.1737011063
0.173658435944
0.173846593018
0.17363875218
0.172372768363
0.172097187429
0.173351614225
0.174803572279
0.17595658323
0.176711856077
0.176512721887
0.17486909272
0.173648593827
0.173372986119
0.174044929408
0.174370675759
0.173505167063
0.170974059808
0.168580435631
0.169453293127
0.170495726272
0.170882391412
0.170387507241
0.170775758894
0.173358193897
0.17213531276
0.168697362445
0.164491270995
0.16276885604
0.16560131737
0.1682241213
0.167605253094
0.163836099358
0.161494891597
0.162778792595
0.165476372815
0.168591753519
0.169627783781
0.168173904959
0.165912777713
0.166364904935
0.168255891648
0.170413987442
0.171986154177
0.172589961631
0.172277294091
0.172724918439
0.176724921834
0.180076168275
0.179848080843
0.178886490372
0.178305041288
0.178027405227
0.177969462075
0.178641880808
0.180827287235
0.184833948801
0.187918323524
0.189571060745
0.190318515174
0.190128618911
0.189290846872
0.188452092396
0.188649340861
0.1900746825
0.191955881725
0.193659223195
0.194719897511
0.194832355365
0.195008172887
0.195616800077
0.196601279983
0.19839770534
0.19997682047
0.200967575532
0.203093378956
0.204638348342
0.204521348076
0.205047793475
0.206428374492
0.207860999935
0.208827627765
0.20940115286
0.209808956561
0.209442259127
0.208970990362
0.209188311922
0.210541080518
0.212396042952
0.213511736835
0.213661287888
0.213025000139
0.213093850396
0.215216115837
0.21636202865
0.216388335269
0.216074304806
0.215045234235
0.2139920916
0.214284980293
0.215033861678
0.215550110483
0.215766139817
0.215429504809
0.214901820411
0.214601599762
0.213505348055
0.212351474169
0.212589395831
0.213255478094
0.213039354052
0.211754010642
0.210994049452
0.211088909636
0.211159997531
0.211500410175
0.212614584661
0.213609274542
0.214034211491
0.213774401908
0.21264686086
0.211354900813
0.210212352152
0.209001329985
0.207687538221
0.206099687756
0.205190246631
0.205626344494
0.207014876465
0.207814643259
0.207228421869
0.20606361616
0.20607825028
0.206883361192
0.207807052707
0.209030196958
0.210487593878
0.210917248933
0.209859408475
0.208325259775
0.206294270036
0.203383304949
0.200724508382
0.200700152968
0.202675622
0.203726835258
0.203921533604
0.202601537236
0.199627705796
0.196470910127
0.19577096223
0.197030241249
0.197452101567
0.197975593005
0.19926639571
0.201662712584
0.204936818137
0.206502179601
0.206943747261
0.207471527628
0.207232878765
0.206352249049
0.205160216594
0.203323674998
0.199576721242
0.195629105193
0.194756012836
0.195247768971
0.195951646873
0.197566655912
0.19960461822
0.200238954089
0.199386727699
0.198402669562
0.19818086927
0.19870473193
0.197270604334
0.194443055947
0.195273142006
0.197234759738
0.199243969405
0.201058353878
0.202020497825
0.201541683517
0.201073710472
0.201075621846
0.199861608985
0.197028616642
0.195609793991
0.197142665743
0.200100452318
0.203717656726
0.206374203676
0.207408015964
0.2068910936
0.205243009948
0.202264655832
0.198770190826
0.198982798746
0.2013515674
0.202138665837
0.201423863195
0.198816223677
0.195311123274
0.193545952928
0.194276925694
0.196254732545
0.198779217998
0.202301569096
0.204098388167
0.202918362124
0.201422538766
0.20237078439
0.203643944844
0.203268136846
0.203977746471
0.206733307681
0.208640723078
0.20953825178
0.209327395689
0.207977028759
0.204726709423
0.198740567628
0.196764826603
0.200816748962
0.204355203438
0.207570508833
0.210304661656
0.211644374409
0.211822112408
0.211746276361
0.212082321164
0.212611587029
0.212170587872
0.210830277966
0.2103071628
0.210273502392
0.209733182767
0.209653243122
0.210561547861
0.211243423016
0.212340299448
0.215814231517
0.221203577366
0.225516916836
0.228140096529
0.229247766014
0.229623196304
0.230042578828
0.230254482421
0.228158797582
0.224848806134
0.221206972291
0.218622539662
0.21973762084
0.223266550565
0.226100287948
0.22617489576
0.224669646745
0.22384281907
0.223800633086
0.224529294484
0.225955881041
0.227809735213
0.228104896913
0.226502219593
0.223913816785
0.220574429506
0.219836600496
0.223901066203
0.22912662538
0.231945862
0.232433551223
0.231442658935
0.229605192582
0.228072191531
0.226955398655
0.227393929029
0.229220712987
0.229717776206
0.227865719161
0.225047363699
0.22310937198
0.221982579604
0.221428948483
0.221576132215
0.221539044629
0.220625003851
0.218967125467
0.217297382952
0.21654269535
0.217009411911
0.219660755683
0.22432278038
0.227976253307
0.229709787186
0.230595144056
0.231276955953
0.231576467428
0.231328532414
0.230843729296
0.229758050628
0.227592970084
0.225200781735
0.224483730141
0.224998311724
0.226044965503
0.227880516337
0.23175322034
0.235494395207
0.237079875566
0.237472632572
0.237650545618
0.237550086114
0.237690544397
0.238410273953
0.239896316919
0.241501865689
0.243288976055
0.245447071543
0.247860651927
0.250159719218
0.252245420341
0.254004190762
0.255475548811
0.25623175537
0.255995602785
0.255066676063
0.254422825228
0.254160791876
0.25430789872
0.254815899497
0.255763923712
0.257380425523
0.259352576207
0.260923254484
0.262384583239
0.264400604323
0.266880458561
0.269543739734
0.272235364756
0.274342251848
0.275747289681
0.276853192289
0.278174744737
0.279718441512
0.281194597005
0.282167428592
0.282612813366
0.282491047498
0.281953129054
0.281434584602
0.281919396125
0.28343770662
0.285004573538
0.286234102484
0.28711447582
0.287706562551
0.288759064681
0.290450425201
0.29277682132
0.295869961367
0.298805959156
0.30013681912
0.300783959713
0.301914558608
0.303118933075
0.303960805481
0.304360265298
0.304676882594
0.305183215327
0.306181033726
0.307455375541
0.308724644962
0.309578493449
0.310418136395
0.311263390791
0.311730108472
0.312370277074
0.313126337234
0.313231400017
0.312937272009
0.31282518786
0.312940437053
0.312708247351
0.312078161838
0.312057029715
0.312736516978
0.313318024884
0.313276775064
0.312366986279
0.310950754375
0.310329384195
0.310045629433
0.309424201346
0.30830126302
0.306882047264
0.305941974815
0.306346639317
0.307648634947
0.306628931556
0.302503000339
0.299870216835
0.299238140111
0.299217394476
0.298375082916
0.296890140961
0.295074642205
0.29414102677
0.293700540506
0.291838947006
0.289808128926
0.287452786754
0.284922755484
0.282439581871
0.27985538934
0.277138539687
0.274777661779
0.273076136333
0.271972024944
0.271571217877
0.272690448369
0.27123362736
0.26834943786
0.266137675324
0.265210079825
0.264587285018
0.262826221481
0.260806599468
0.258106405703
0.255970953284
0.254822465612
0.253858655672
0.253117950063
0.252998201251
0.252625159215
0.250646030318
0.247470478577
0.244005502175
0.242063555631
0.239918675803
0.236762088902
0.236012061142
0.236634810647
0.235134428356
0.232951614326
0.230553853054
0.22698993957
0.225006336385
0.222949867079
0.219464269882
0.217359535486
0.221372907165
0.223679716993
0.222581303099
0.222389347044
0.222064946197
0.221120173016
0.216736220928
0.211253227087
0.214894540697
0.216873774306
0.218455868539
0.219979679699
0.221856968238
0.222314416103
0.218572999709
0.212642670866
0.210914600718
0.212181740322
0.2135421258
0.215477656678
0.218143863494
0.221488569664
0.220574087082
0.216330500477
0.213545988382
0.218797470292
0.219438277469
0.216272050273
0.217021673459
0.222225519256
0.223826267997
0.222381525238
0.214147763653
0.219090548344
0.219210734634
0.217865388075
0.213497619736
0.215958556868
0.215550884174
0.219336801375
0.221609100308
0.22017577024
0.219283097526
0.218560910206
0.214611513153
0.218718261741
0.216995964816
0.219706466776
0.22252460659
0.220966445635
0.217376438137
0.217749240137
0.220890698222
0.219271457715
0.219730619948
0.221200047823
0.21656919515
0.223450369569
0.225438669532
0.223845942098
0.220958382178
0.219888463164
0.216424765006
0.219137124381
0.216424907675
0.219551837965
0.220653462691
0.217900469438
0.222208471247
0.224518936633
0.224465146773
0.22650183195
0.226651788489
0.224556502136
0.219562512062
0.223612985567
0.223511073848
0.221847343374
0.224549119025
0.224447576877
0.228715764613
0.232903460357
0.232276754957
0.227443858457
0.221987054733
0.222036237164
0.22484662347
0.226379433135
0.227981582621
0.229630968477
0.231488078279
0.232899583333
0.232416396638
0.228633467258
0.221566594924
0.224796503698
0.230472516713
0.233087998824
0.233624589721
0.232139273248
0.22981003013
0.228566190076
0.229414296117
0.228616934726
0.225078265982
0.227325891203
0.226022379944
0.232005343955
0.234505260485
0.234971907683
0.234164730276
0.231844500171
0.231190491187
0.231026653929
0.225020971097
0.232486340445
0.231847372605
0.227775212688
0.232714639883
0.235113759168
0.238636591577
0.238588592092
0.235913936008
0.23232173705
0.226378294056
0.23133519715
0.230303175957
0.232188901386
0.236319161191
0.23630955431
0.236560240885
0.238449468688
0.237538252748
0.234873877095
0.234064908261
0.233027042534
0.23425992436
0.236254031718
0.237227510346
0.239105414715
0.239287343305
0.237591677606
0.238358626107
0.238892689765
0.238546754324
0.241340960958
0.242544221876
0.237776756889
0.236850620872
0.240411958618
0.230709270051
0.241056469088
0.244074499763
0.245631843871
0.245942477233
0.24150827362
0.238615506382
0.24259047259
0.24035017736
0.243754532002
0.248067178945
0.249139868579
0.248644177927
0.249101233054
0.249372635126
0.250098988568
0.252568018571
0.252362760888
0.251336039821
0.248957798261
0.249695043978
0.251026267712
0.25174360096
0.250782200728
0.249778322313
0.249707256737
0.250980570951
0.253464457603
0.25413309496
0.254613991445
0.255854046182
0.255568350191
0.254081098155
0.253174945609
0.251586645215
0.250249746058
0.250739174173
0.253639284988
0.255897439899
0.25706218226
0.256904416901
0.255379957476
0.25581660335
0.256000087251
0.254885231809
0.253149792025
0.25211205798
0.25131686579
0.250158787179
0.250156759441
0.252665299592
0.255747274733
0.255606392448
0.255401651078
0.255638238121
0.255499116452
0.254989470586
0.252999080299
0.250351950034
0.250880036114
0.252088589758
0.253817572332
0.254966935991
0.253088445196
0.253051960744
0.256680473185
0.259578473289
0.26255600682
0.263120763593
0.259346145004
0.255004276151
0.25151719741
0.252053231848
0.253000748659
0.254056211979
0.257586752641
0.259536631076
0.25787580475
0.259848018081
0.259875278301
0.258952775232
0.257947205078
0.258109591887
0.254590549471
0.25010657273
0.24942596823
0.250603940456
0.253061313587
0.257540091265
0.26038226113
0.26287640118
0.263841570305
0.261417147025
0.255153439644
0.255013033854
0.258512025246
0.260950665256
0.26271694159
0.263611363813
0.262101957312
0.257000343108
0.258199062891
0.263579826331
0.26185519263
0.262306247218
0.267258617025
0.266446044355
0.260268940211
0.256270186044
0.25719489601
0.257387625681
0.258272559424
0.260912687334
0.263333893934
0.265686966617
0.267183200753
0.265504975722
0.263497416635
0.26163086453
0.259310435736
0.260151757971
0.261444302365
0.260488703702
0.260308074793
0.261185255034
0.263109519567
0.264894310641
0.264230727188
0.261630254221
0.261039653531
0.263142957806
0.26401715155
0.264627677511
0.263394475519
0.261774668473
0.262076333194
0.261668382562
0.260249646771
0.26210594793
0.262773024124
0.26566431423
0.26790205308
0.265219905918
0.26041818544
0.260518510465
0.261974296049
0.261723758152
0.261228432772
0.258377643135
0.255655869051
0.257589157532
0.262755531038
0.265624188648
0.267250728456
0.267345877455
0.265096428774
0.259898889056
0.256828119223
0.25959770434
0.261186500249
0.259799151094
0.263683836867
0.266485988781
0.265323498715
0.262980788195
0.262611492714
0.261763233892
0.260011501943
0.262431786885
0.2662615374
0.269245757365
0.269551772713
0.26802861369
0.269272144764
0.271546455911
0.267442256439
0.262244904843
0.265482014085
0.259479878972
0.268038925492
0.27037359007
0.274824657214
0.27747471708
0.275438784752
0.271783357006
0.265220717808
0.258177449488
0.267591560918
0.273895473444
0.272884737798
0.271274507899
0.270239404136
0.269342140647
0.269595136446
0.268953612274
0.270052204438
0.270934788022
0.273640916726
0.277012265653
0.277472241828
0.273069332999
0.269175825812
0.269044204662
0.27232832481
0.274515840838
0.274761256999
0.274506643777
0.275924455597
0.277507395541
0.276143329401
0.272562845968
0.274107771996
0.278784708339
0.277616425521
0.273203956355
0.274904148795
0.277512150438
0.278453990923
0.278217219873
0.278307839152
0.278649946956
0.278453579154
0.277375962704
0.276114097601
0.278960254738
0.28148570491
0.28219296586
0.280739651478
0.278312358704
0.276927938902
0.27928981037
0.282607364698
0.283806900075
0.28462920354
0.284574393396
0.282317434435
0.277271121374
0.275190102979
0.281010591848
0.285285922695
0.284386816204
0.279980822429
0.278553490747
0.283720584932
0.284041344636
0.281735439758
0.28026364178
0.278035600288
0.276887419537
0.278597743981
0.278362591236
0.277807854784
0.273795807925
0.267383118549
0.270922347705
0.267100049545
0.272832158943
0.280951509874
0.285276089798
0.28547395964
0.285601653448
0.289360897756
0.289983945112
0.286048358443
0.290321683559
0.295292560769
0.298507326771
0.299832856297
0.301635087239
0.303212175835
0.301556096595
0.298992838235
0.297965021692
0.299276152456
0.301335510702
0.304770824756
0.303772971196
0.300578152985
0.300311385574
0.301212282515
0.302398959804
0.302266026653
0.301876168362
0.301847227801
0.300710542816
0.30007332806
0.300872506237
0.300873711714
0.300545302845
0.30171910021
0.3015935215
0.300209718592
0.302235752181
0.303334723878
0.302524016229
0.301043104682
0.30017088347
0.300644516751
0.301168052735
0.300279409355
0.298248306832
0.296641554347
0.296305213154
0.297726884542
0.30035411795
0.301307575379
0.300871818171
0.300897368018
0.297515148785
0.288272911245
0.284390696981
0.285650624772
0.287824163985
0.291220516108
0.295579630049
0.295478139149
0.292919738476
0.293508196136
0.295481797539
0.295615987813
0.294134136464
0.293754125204
0.291944509822
0.292482256907
0.292178818916
0.288992002928
0.291019726611
0.302533870856
0.30911412681
0.310083750307
0.310234506288
0.308308043171
0.305703963958
0.304854207731
0.305639923085
0.31030946218
0.311928732102
0.312919564853
0.313694351159
0.315253373259
0.317412769426
0.320360006081
0.323376122541
0.322439173062
0.321095136298
0.321297804753
0.320197852271
0.321115203438
0.323371505632
0.32438401535
0.321593382623
0.320755713032
0.322152964741
0.324039424761
0.326355108983
0.327264902999
0.326934877949
0.328204140571
0.329559221206
0.327217569063
0.324080866774
0.323923375637
0.325345825299
0.326215895948
0.326535293455
0.32614324697
0.325566169697
0.325088046341
0.323506865963
0.322065786093
0.322365816473
0.322319069051
0.320868268946
0.31746382308
0.312426964902
0.308069009671
0.310254385326
0.316493392673
0.319107433824
0.318180824694
0.315731395423
0.313257123366
0.3119252417
0.310505589216
0.308280201538
0.30755369897
0.307860726131
0.309851792904
0.313346271058
0.315721360085
0.315574831394
0.313555733259
0.313363821499
0.316354310048
0.318282942256
0.320172251748
0.322849229716
0.32302246836
0.320897795603
0.319637998687
0.319968804755
0.318683179252
0.319461957144
0.322619559203
0.324036835716
0.324496217858
0.32369948006
0.324108994356
0.326805586945
0.328714392788
0.329050410717
0.327446972504
0.324797243293
0.322213754005
0.321423398972
0.326057742139
0.327234899759
0.323608156017
0.321330505351
0.320638153977
0.321582655593
0.323656295012
0.329340910321
0.326283977901
0.320264853259
0.316497880826
0.318052278254
0.3204815979
0.320154668304
0.321245408238
0.321921554322
0.32292356555
0.325300880015
0.325194089658
0.323179618025
0.320994921874
0.326049804565
0.327999671029
0.324696725144
0.322213521266
0.32650126205
0.332089684547
0.334654782831
0.333014032955
0.331693524484
0.33370258646
0.334403306884
0.335056782195
0.336840956882
0.337801484955
0.339202530754
0.340498542273
0.339093768847
0.337484931619
0.338619624003
0.339061604677
0.337734765907
0.336951957378
0.33835500317
0.339252096805
0.339243770959
0.338738874062
0.33879591622
0.341313153041
0.342170715816
0.341128480556
0.339167549371
0.336881444899
0.335048781869
0.334375487322
0.332917758146
0.332026102398
0.333971979376
0.33563860906
0.334868269745
0.334483280466
0.334171579275
0.334328348376
0.334844112819
0.33455724768
0.334447441166
0.332894195986
0.329125523256
0.324969381008
0.320645278367
0.322762387013
0.326333122352
0.332692754156
0.337312686057
0.335059688279
0.329831204167
0.327698416066
0.32735981603
0.325707410474
0.322161541265
0.32623689828
0.331608927251
0.334384696621
0.336540987992
0.334962973951
0.330365670323
0.333407752681
0.338536605629
0.34072748365
0.336015223275
0.334250523634
0.339575884769
0.34560279738
0.348027935573
0.347482137038
0.350863147186
0.355346005491
0.357668689568
0.359668212664
0.359687831172
0.35831068991
0.358283231121
0.36207916962
0.364437066733
0.365097960464
0.366614056808
0.370189240654
0.373207813933
0.375241259656
0.376863140522
0.378050910567
0.377764104168
0.376689789037
0.378703843848
0.382509759061
0.38635736501
0.387162967609
0.387729455644
0.389655453369
0.390253031055
0.38996263944
0.390632155847
0.390996709032
0.392400682826
0.394337797447
0.394090205029
0.392088644986
0.390317322281
0.388795652657
0.387695971896
0.38484437726
0.380495286809
0.37738764073
0.377305075754
0.378302135522
0.375283228217
0.367533039952
0.365526088666
0.367195873761
0.363195345552
0.361327758861
0.360444949138
0.355221451544
0.353842982736
0.353562886684
0.35156531333
0.352916202426
0.351491815595
0.349521228648
0.352776059535
0.350346821667
0.341661306186
0.339626219262
0.3479418744
0.353810667265
0.351993940313
0.346774139637
0.348442890973
0.349208729624
0.349487187937
0.35261784197
0.353202287338
0.351012387686
0.347652222034
0.350221606853
0.35231401486
0.352670743645
0.35225491792
0.349903599163
0.354715664151
0.355693426529
0.355894963339
0.358313643171
0.365884709159
0.36400430546
0.365008083323
0.37037393744
0.372068690954
0.373201277428
0.378618687863
0.382187660026
0.382646423961
0.38272171442
0.386687035983
0.390832589015
0.391167709444
0.391071226535
0.394028314781
0.398882913843
0.400504062969
0.398462296065
0.397608211341
0.398370724509
0.400185171054
0.401442463641
0.401288636526
0.40051133095
0.400052262886
0.401298259115
0.403286472156
0.404458224005
0.406161684991
0.40894584347
0.41474152122
0.418500982698
0.421480451147
0.423641128384
0.426396280319
0.430597120682
0.434463392169
0.437027049638
0.438723108494
0.439135201888
0.439108189328
0.438499165826
0.436403267162
0.434923119542
0.433114621486
0.432409174976
0.432227358591
0.431843339046
0.430405677959
0.430107324571
0.42971262056
0.429114997273
0.429054779962
0.42963557883
0.430947174933
0.432684806982
0.435046152606
0.4367431422
0.437761544588
0.439217560885
0.441941304254
0.445249879554
0.448684835416
0.452074141558
0.454373979088
0.455865060096
0.457027005551
0.458685070875
0.461410329786
0.464575937442
0.467329163149
0.469309630997
0.471250224193
0.472509649191
0.473258466928
0.47465756881
0.476411659545
0.478680919209
0.480434870773
0.481761602855
0.48311273243
0.485430875097
0.487026359187
0.486161275389
0.484091713273
0.481930192223
0.478405870106
0.472390738141
0.463681982415
0.454032809374
0.444336822812
0.436133391478
0.430422752528
0.42380382673
0.415965123986
0.408355188239
0.404820980579
0.403343199654
0.399675649718
0.394606003517
0.390534956133
0.390619397196
0.391616610562
0.389730827435
0.386465031331
0.388790488489
0.393250984997
0.39428674874
0.389698366467
0.387357634124
0.386842340042
0.379263638281
0.382557182785
0.389278419097
0.388009870295
0.378759109358
0.382525028988
0.391402008101
0.393537030919
0.391038811462
0.383208254091
0.390857359805
0.396281277699
0.392644017795
0.382057088457
0.38820350117
0.396817664164
0.396344502687
0.390678370619
0.385174914515
0.392812243031
0.398238298688
0.397984210495
0.39392848363
0.394237925278
0.396321431785
0.397752361259
0.397570296708
0.39702118927
0.393360713049
0.39308911601
0.401662216269
0.402526656187
0.39611930233
0.390550338904
0.401312904937
0.405936000461
0.405658741127
0.402459452642
0.399399695895
0.40331444783
0.410710741482
0.410315855883
0.405709973929
0.408365279285
0.413956974679
0.413576726132
0.411943393486
0.413768425623
0.416029986215
0.418811647327
0.416984932131
0.41507073782
0.416996370699
0.415509298492
0.412011932548
0.409284839969
0.406357314586
0.408157373615
0.409961947662
0.404270463274
0.398313941441
0.399032504437
0.406833842274
0.405698572371
0.402758286155
0.401693057631
0.402289447692
0.399677182517
0.409044254731
0.403953693321
0.407474285891
0.409596736488
0.410366870109
0.40458517057
0.408037996823
0.409464729211
0.412187105024
0.415680512998
0.41315264567
0.417855993758
0.420283483138
0.421123330116
0.421315586937
0.420771292638
0.420936714821
0.424202333125
0.429353152047
0.428464963733
0.424755497332
0.428868988709
0.433835157749
0.434913760393
0.433523148023
0.435817190579
0.436602451727
0.437786324556
0.440900503855
0.441338384822
0.442230138522
0.443819572996
0.444026801338
0.443461001305
0.443538903612
0.444642683132
0.445894526656
0.445041373894
0.447247868303
0.447340912857
0.446898376392
0.449221418744
0.449785306455
0.447798534712
0.446802357314
0.446339715916
0.44693464773
0.445829996776
0.442582931906
0.440584073524
0.441132679612
0.443914914723
0.443986428726
0.440679481679
0.434866514025
0.430944270307
0.437509257548
0.44510609263
0.447153746999
0.44817557157
0.448387990484
0.447769932005
0.449587768784
0.452740165463
0.454443239557
0.455532245728
0.458144845537
0.460373852178
0.461999408435
0.461978332286
0.458995227306
0.458542333235
0.461137505833
0.462874821656
0.462508774046
0.460101720258
0.458328928986
0.46044934433
0.460804321299
0.459875594752
0.457635071314
0.457470406262
0.456652664119
0.455999437252
0.45331137227
0.450796835802
0.450854901564
0.452568833947
0.455481832914
0.453985907107
0.449358472937
0.449051986994
0.453926734872
0.458350807979
0.457836667359
0.453124936766
0.449396826233
0.454327603512
0.458364048881
0.460154961667
0.4593432032
0.449242302978
0.452783136771
0.462522044546
0.4664920385
0.467287493494
0.466572337057
0.465131510408
0.468446776848
0.470152426667
0.467467769147
0.464934619696
0.467361080666
0.467851822137
0.466927651755
0.465844953826
0.465963161755
0.468410624208
0.469316340555
0.467063492163
0.470511021717
0.471634430472
0.468576920965
0.46501352057
0.464306717502
0.467196157201
0.472206562034
0.47079383429
0.460232834564
0.464643826337
0.469433877761
0.47632474758
0.477093290678
0.475304689673
0.47601105904
0.475805871025
0.481882217877
0.486938089073
0.490846466186
0.480825351185
0.480102004877
0.491008944014
0.493190415269
0.489585406558
0.486442914019
0.488240089506
0.492027274543
0.491643418332
0.489394794647
0.489376811343
0.491195499127
0.490284179644
0.488019933477
0.488742005946
0.490766993135
0.492312289858
0.494792681569
0.495525982074
0.495881644765
0.496758032026
0.49808297853
0.499442540723
0.49956643967
0.50060506983
0.5009996238
0.501618487633
0.50247834746
0.501686257716
0.502709349051
0.503239205418
0.501289940589
0.498956505607
0.506139124266
0.509154413084
0.503197667911
0.503570766339
0.506314944393
0.510870667504
0.509764955399
0.509792428139
0.51308192955
0.516195852636
0.518829889578
0.522919215037
0.525566697284
0.526543494791
0.527193688946
0.527930204681
0.527726819637
0.528977305608
0.530995881822
0.531841208813
0.532135469107
0.531982215338
0.530280984807
0.531295345688
0.532155509914
0.531449556866
0.530669417486
0.528785141101
0.529227045247
0.530808233411
0.530769123746
0.527494178706
0.524277192216
0.523903198498
0.525220979818
0.526955821332
0.525826348095
0.524366112277
0.529447079074
0.533499682355
0.536475213541
0.540133492283
0.547024185167
0.551479355009
0.556189069969
0.560769967659
0.56407718783
0.566634621247
0.567714915904
0.567412108187
0.568367704879
0.569532319355
0.568143867842
0.565572918687
0.567270655556
0.568235837876
0.565946951965
0.566259350074
0.569443754984
0.573396580443
0.577596784089
0.581076448005
0.583299485628
0.585263874933
0.587871077423
0.591263056087
0.595238252174
0.599377895705
0.603871516698
0.607228622333
0.609977723278
0.613469605969
0.618058256772
0.623290063479
0.62848842957
0.632863565296
0.636646373896
0.640215095615
0.644969441556
0.65099218772
0.654517618351
0.656616633963
0.658129369434
0.657176499468
0.655460614584
0.651623436502
0.64667732658
0.639608106461
0.631491111668
0.620673667954
0.609435027384
0.59905653361
0.589801640366
0.584445269125
0.577967161701
0.573384472675
0.568540206794
0.561503102708
0.554735583126
0.547789433854
0.543612155262
0.541015417993
0.532174096291
0.531642168087
0.532127775573
0.530337113075
0.533767336316
0.535853525404
0.537510443679
0.537004748578
0.535229404592
0.537318806416
0.535720838334
0.537177813518
0.537605047184
0.537286640973
0.536004960036
0.539498685363
0.537452748269
0.532242195569
0.54004385378
0.540197551993
0.536319369637
0.541478597652
0.544191572626
0.544269265396
0.544553225852
0.544823362365
0.548531156153
0.546766070322
0.548679465509
0.548563077319
0.546226532551
0.548635445272
0.546071150581
0.547109780575
0.548509878753
0.548942292433
0.551687167238
0.553636150199
0.557739065086
0.558634576251
0.561523137248
0.562673632504
0.565704616108
0.563303060496
0.563073466906
0.566006795909
0.563473066007
0.561028892847
0.56351064271
0.563795227247
0.56096013642
0.56554106352
0.565209442493
0.56739057683
0.572190472562
0.572231520189
0.574509920067
0.578342474068
0.578968425263
0.572905141321
0.578880328877
0.58323149201
0.580767576156
0.581861880269
0.585207234933
0.585263135011
0.583118612086
0.585445989921
0.587140619357
0.58450111761
0.591989588089
0.596584789712
0.598447721917
0.604674263652
0.603690253724
0.602838226682
0.605463021827
0.605623886227
0.601829407307
0.602007149201
0.602105718784
0.604131707042
0.604857055128
0.60429856115
0.606226406303
0.602090858039
0.604748939154
0.609773769718
0.609741475734
0.612674367762
0.615602710236
0.614246463738
0.615294009666
0.618288365635
0.619667703681
0.620232653485
0.622146228404
0.623874145005
0.621649115959
0.614115240565
0.608721091907
0.595729790125
0.603142714435
0.612477039949
0.621136590327
0.631263658724
0.637710718871
0.645448909912
0.651579029965
0.654338137499
0.658294618259
0.660405037704
0.660120630934
0.659867396764
0.659547745929
0.657473680036
0.653558291212
0.650462471318
0.648074494537
0.645061835567
0.644683566325
0.648018717242
0.649692628885
0.652640078528
0.654445834649
0.657158194056
0.664221232998
0.663566815066
0.66750505395
0.669247096765
0.66674271676
0.666667773227
0.664650349865
0.662914879579
0.660770964889
0.655419214189
0.651960704235
0.652932350954
0.650920319075
0.645642603425
0.644224848983
0.6470329752
0.645431941476
0.637408556918
0.638060616865
0.649234930077
0.649645381856
0.651643987606
0.64574377474
0.659634879917
0.66063336457
0.655842970751
0.659617884307
0.659002688404
0.663885680297
0.665202491469
0.666012393606
0.667053921286
0.66495971547
0.668603523176
0.672974262452
0.6591552236
0.677278639593
0.701347986926
0.723928537852
0.739888220795
0.755206682074
0.766555003176
0.775790049898
0.783185104756
0.787620147298
0.789663928538
0.788041568753
0.779448268684
0.76537602661
0.75061944918
0.74739528529
0.756649775726
0.765793587029
0.767527297965
0.765654580357
0.761121757515
0.750942329422
0.73805180428
0.722202575773
0.706468966646
0.700074961581
0.682853865118
0.704944516379
0.719310788169
0.740598841443
0.75654222268
0.767493933659
0.774471828838
0.77901995945
0.780346725886
0.779082566074
0.775845993578
0.767797836689
0.739988228355
0.705825605977
0.697332754898
0.698181415003
0.703138964863
0.701169864078
0.703234443639
0.703644260173
0.70476349412
0.70610237536
0.707417133825
0.708755628012
0.710293446319
0.711700363543
0.713219988952
0.714714040192
0.716225081058
0.71774548383
0.719279777047
0.720819454483
0.722356128187
0.724004857106
0.725434906081
0.727034360696
0.728709325616
0.730306136773
0.731931209624
0.733551479506
0.735251818272
0.736924498201
0.738533744438
0.740236430294
0.741950740942
0.743656965779
0.745385076832
0.747126551431
0.748881183061
0.750652807835
0.752442874351
0.75418535728
0.756011590906
0.75792145942
0.75973126538
0.761574552722
0.763459012797
0.76533612841
0.767272270726
0.769237237181
0.77117040258
0.77310230069
0.77505930872
0.777106963007
0.779094043741
0.781125548379
0.783206614518
0.785198408781
0.787305951438
0.789349252485
0.791538449173
0.793586022207
0.795782839262
0.797876166673
0.800049625891
0.802229613652
0.804478258809
0.806627892676
0.808872541283
0.811133936907
0.813371965363
0.815684747419
0.818018419908
0.820260993766
0.822613881855
0.82498256444
0.827431697954
0.829783401364
0.832194333738
0.834592567724
0.837143499134
0.839583995795
0.84208512305
0.84455183087
0.847171779413
0.849693751832
0.85229761087
0.854912196937
0.857555801983
0.860194885441
0.862902675666
0.865634519157
0.868403693762
0.871114817714
0.873898663683
0.876783327412
0.879648737716
0.882428222029
0.88533894164
0.888338727622
0.89131207431
0.894211406241
0.897242617575
0.900277391418
0.903366287232
0.906511546428
0.909653403687
0.91294136299
0.916150873444
0.919356157276
0.922617698921
0.926061844492
0.9294102932
0.932787565121
0.936197148702
0.939763991407
0.943247064357
0.946863716138
0.950457863882
0.954155869925
0.957917081952
0.961655758266
0.965458907095
0.969361639031
0.973309511749
0.977244667529
0.981281551887
0.985346502402
0.98954163203
0.993714835687
0.998019427275
1.00235168205
1.00675089009
1.01120903153
1.01577852788
1.02034815769
1.02505552468
1.02984745782
1.03466099801
1.03961211879
1.04459991987
1.04971855277
1.05489516556
1.06017139573
1.06557686455
1.07106327526
1.07667699693
1.08237155087
1.08820317621
1.09412125238
1.10017577914
1.10634843
1.11287042065
1.11956178782
