#Thinning for VK from AICC2012.
0.99473
0.99427
0.99381
0.99336
0.9929
0.99244
0.99198
0.99152
0.99106
0.9906
0.99014
0.98968
0.98922
0.98876
0.9883
0.98784
0.98738
0.98692
0.98646
0.986
0.98554
0.98509
0.98463
0.98417
0.98371
0.98325
0.98279
0.98233
0.98187
0.98141
0.98095
0.98049
0.98003
0.97957
0.97911
0.97865
0.97819
0.97773
0.97727
0.97682
0.97636
0.9759
0.97544
0.97498
0.97452
0.97406
0.9736
0.97314
0.97268
0.97222
0.97176
0.9713
0.97084
0.97038
0.96992
0.96946
0.969
0.96855
0.96809
0.96763
0.96717
0.96671
0.96625
0.96579
0.96533
0.96487
0.96441
0.96395
0.96349
0.96303
0.96257
0.96211
0.96165
0.96119
0.96073
0.96028
0.95982
0.95936
0.9589
0.95844
0.95798
0.95752
0.95706
0.9566
0.95614
0.95568
0.95522
0.95476
0.9543
0.95384
0.95338
0.95292
0.95246
0.95201
0.95155
0.95109
0.95063
0.95017
0.94971
0.94925
0.94879
0.94828
0.94778
0.94727
0.94677
0.94626
0.94576
0.94525
0.94475
0.94424
0.94374
0.94323
0.94273
0.94222
0.94172
0.94121
0.94071
0.9402
0.9397
0.93919
0.93869
0.93818
0.93768
0.93717
0.93667
0.93616
0.93566
0.93515
0.93465
0.93414
0.93364
0.93313
0.93263
0.93212
0.93162
0.93111
0.93061
0.9301
0.9296
0.92909
0.92859
0.92808
0.92758
0.92707
0.92657
0.92606
0.92556
0.92505
0.92455
0.92404
0.92354
0.92303
0.92253
0.92202
0.92152
0.92101
0.92051
0.92
0.9195
0.91899
0.91849
0.91798
0.91748
0.91697
0.91647
0.91596
0.91546
0.91495
0.91445
0.91394
0.91344
0.91293
0.91243
0.91192
0.91142
0.91091
0.91041
0.9099
0.9094
0.90889
0.90839
0.90788
0.90737
0.90687
0.90636
0.90586
0.90535
0.90485
0.90434
0.90384
0.90333
0.90283
0.90232
0.90182
0.90131
0.90081
0.9003
0.8998
0.89929
0.89879
0.89828
0.8979
0.89752
0.89713
0.89675
0.89637
0.89598
0.8956
0.89522
0.89484
0.89445
0.89407
0.89369
0.8933
0.89292
0.89254
0.89215
0.89177
0.89139
0.891
0.89062
0.89024
0.88985
0.88947
0.88909
0.8887
0.88832
0.88794
0.88755
0.88717
0.88679
0.8864
0.88602
0.88564
0.88525
0.88487
0.88449
0.88411
0.88372
0.88334
0.88296
0.88257
0.88219
0.88181
0.88142
0.88104
0.88066
0.88027
0.87989
0.87951
0.87912
0.87874
0.87836
0.87797
0.87759
0.87721
0.87682
0.87644
0.87606
0.87567
0.87529
0.87491
0.87452
0.87414
0.87376
0.87338
0.87299
0.87261
0.87223
0.87184
0.87146
0.87108
0.87069
0.87031
0.86993
0.86954
0.86916
0.86878
0.86839
0.86801
0.86763
0.86724
0.86686
0.86648
0.86609
0.86571
0.86533
0.86494
0.86456
0.86418
0.8638
0.86341
0.86303
0.86265
0.86226
0.86188
0.8615
0.86111
0.86073
0.86035
0.85996
0.86
0.86003
0.86006
0.8601
0.86013
0.86016
0.8602
0.86023
0.86026
0.8603
0.86033
0.86036
0.8604
0.86043
0.86046
0.8605
0.86053
0.86056
0.8606
0.86063
0.86066
0.8607
0.86073
0.86076
0.8608
0.86083
0.86086
0.8609
0.86093
0.86096
0.861
0.86103
0.86107
0.8611
0.86113
0.86117
0.8612
0.86123
0.86127
0.8613
0.86133
0.86137
0.8614
0.86143
0.86147
0.8615
0.86153
0.86157
0.8616
0.86163
0.86167
0.8617
0.86173
0.86177
0.8618
0.86183
0.86187
0.8619
0.86193
0.86197
0.862
0.86203
0.86207
0.8621
0.86213
0.86217
0.8622
0.86223
0.86227
0.8623
0.86233
0.86237
0.8624
0.86243
0.86247
0.8625
0.86253
0.86257
0.8626
0.86263
0.86267
0.8627
0.86273
0.86277
0.8628
0.86284
0.86287
0.8629
0.86294
0.86297
0.863
0.86304
0.86307
0.8631
0.86314
0.86317
0.8632
0.86324
0.86327
0.8633
0.86369
0.86407
0.86446
0.86484
0.86523
0.86561
0.866
0.86638
0.86676
0.86715
0.86753
0.86792
0.8683
0.86869
0.86907
0.86946
0.86984
0.87023
0.87061
0.871
0.87138
0.87177
0.87215
0.87254
0.87292
0.8733
0.87369
0.87407
0.87446
0.87484
0.87523
0.87561
0.876
0.87638
0.87677
0.87715
0.87754
0.87792
0.87831
0.87869
0.87908
0.87946
0.87984
0.88023
0.88061
0.881
0.88138
0.88177
0.88215
0.88254
0.88292
0.88331
0.88369
0.88408
0.88446
0.88485
0.88523
0.88562
0.886
0.88638
0.88677
0.88715
0.88754
0.88792
0.88831
0.88869
0.88908
0.88946
0.88985
0.89023
0.89062
0.891
0.89139
0.89177
0.89216
0.89254
0.89292
0.89331
0.89369
0.89408
0.89446
0.89485
0.89523
0.89562
0.896
0.89639
0.89677
0.89716
0.89754
0.89793
0.89831
0.8987
0.89908
0.89946
0.89985
0.90023
0.90062
0.901
0.90139
0.90177
0.90224
0.90271
0.90318
0.90364
0.90411
0.90458
0.90505
0.90552
0.90598
0.90645
0.90692
0.90739
0.90786
0.90832
0.90879
0.90926
0.90973
0.9102
0.91066
0.91113
0.9116
0.91207
0.91253
0.913
0.91347
0.91394
0.91441
0.91487
0.91534
0.91581
0.91628
0.91675
0.91721
0.91768
0.91815
0.91862
0.91908
0.91955
0.92002
0.92049
0.92096
0.92142
0.92189
0.92236
0.92283
0.9233
0.92376
0.92423
0.9247
0.92517
0.92564
0.9261
0.92657
0.92704
0.92751
0.92797
0.92844
0.92891
0.92938
0.92985
0.93031
0.93078
0.93125
0.93172
0.93219
0.93265
0.93312
0.93359
0.93406
0.93452
0.93499
0.93546
0.93593
0.9364
0.93686
0.93733
0.9378
0.93827
0.93874
0.9392
0.93967
0.94014
0.94061
0.94108
0.94154
0.94201
0.94248
0.94295
0.94341
0.94388
0.94435
0.94482
0.94529
0.94575
0.94622
0.94669
0.94716
0.94763
0.94809
0.94856
0.9489
0.94924
0.94958
0.94992
0.95026
0.9506
0.95095
0.95129
0.95163
0.95197
0.95231
0.95265
0.95299
0.95333
0.95367
0.95401
0.95435
0.95469
0.95503
0.95537
0.95571
0.95605
0.95639
0.95673
0.95707
0.95742
0.95776
0.9581
0.95844
0.95878
0.95912
0.95946
0.9598
0.96014
0.96048
0.96082
0.96116
0.9615
0.96184
0.96218
0.96252
0.96286
0.9632
0.96354
0.96388
0.96423
0.96457
0.96491
0.96525
0.96559
0.96593
0.96627
0.96661
0.96695
0.96729
0.96763
0.96797
0.96831
0.96865
0.96899
0.96933
0.96967
0.97001
0.97035
0.9707
0.97104
0.97138
0.97172
0.97206
0.9724
0.97274
0.97308
0.97342
0.97376
0.9741
0.97444
0.97478
0.97512
0.97546
0.9758
0.97614
0.97648
0.97682
0.97717
0.97751
0.97785
0.97819
0.97853
0.97887
0.97921
0.97955
0.97989
0.98023
0.98057
0.98091
0.98125
0.98159
0.98193
0.98227
0.98261
0.98277
0.98292
0.98307
0.98322
0.98337
0.98353
0.98368
0.98383
0.98398
0.98413
0.98429
0.98444
0.98459
0.98474
0.98489
0.98505
0.9852
0.98535
0.9855
0.98565
0.98581
0.98596
0.98611
0.98626
0.98641
0.98657
0.98672
0.98687
0.98702
0.98717
0.98733
0.98748
0.98763
0.98778
0.98793
0.98809
0.98824
0.98839
0.98854
0.98869
0.98885
0.989
0.98915
0.9893
0.98945
0.98961
0.98976
0.98991
0.99006
0.99021
0.99037
0.99052
0.99067
0.99082
0.99097
0.99113
0.99128
0.99143
0.99158
0.99173
0.99189
0.99204
0.99219
0.99234
0.99249
0.99265
0.9928
0.99295
0.9931
0.99325
0.99341
0.99356
0.99371
0.99386
0.99401
0.99417
0.99432
0.99447
0.99462
0.99477
0.99493
0.99508
0.99523
0.99538
0.99553
0.99569
0.99584
0.99599
0.99614
0.99629
0.99645
0.9966
0.99675
0.9969
0.99705
0.99721
0.99736
0.99751
0.99766
0.99781
0.99773
0.99764
0.99756
0.99747
0.99739
0.9973
0.99721
0.99713
0.99704
0.99696
0.99687
0.99679
0.9967
0.99662
0.99653
0.99644
0.99636
0.99627
0.99619
0.9961
0.99602
0.99593
0.99585
0.99576
0.99567
0.99559
0.9955
0.99542
0.99533
0.99525
0.99516
0.99507
0.99499
0.9949
0.99482
0.99473
0.99465
0.99456
0.99448
0.99439
0.9943
0.99422
0.99413
0.99405
0.99396
0.99388
0.99379
0.99371
0.99362
0.99353
0.99345
0.99336
0.99328
0.99319
0.99311
0.99302
0.99294
0.99285
0.99276
0.99268
0.99259
0.99251
0.99242
0.99234
0.99225
0.99217
0.99208
0.99199
0.99191
0.99182
0.99174
0.99165
0.99157
0.99148
0.99139
0.99131
0.99122
0.99114
0.99105
0.99097
0.99088
0.9908
0.99071
0.99062
0.99054
0.99045
0.99037
0.99028
0.9902
0.99011
0.99003
0.98994
0.98985
0.98977
0.98968
0.9896
0.98951
0.98943
0.98934
0.98926
0.98904
0.98882
0.9886
0.98838
0.98816
0.98794
0.98772
0.9875
0.98728
0.98706
0.98684
0.98662
0.9864
0.98618
0.98596
0.98574
0.98553
0.98531
0.98509
0.98487
0.98465
0.98443
0.98421
0.98399
0.98377
0.98355
0.98333
0.98311
0.98289
0.98267
0.98245
0.98223
0.98202
0.9818
0.98158
0.98136
0.98114
0.98092
0.9807
0.98048
0.98026
0.98004
0.97982
0.9796
0.97938
0.97916
0.97894
0.97872
0.9785
0.97829
0.97807
0.97785
0.97763
0.97741
0.97719
0.97697
0.97675
0.97653
0.97631
0.97609
0.97587
0.97565
0.97543
0.97521
0.97499
0.97478
0.97456
0.97434
0.97412
0.9739
0.97368
0.97346
0.97324
0.97302
0.9728
0.97258
0.97236
0.97214
0.97192
0.9717
0.97148
0.97127
0.97105
0.97083
0.97061
0.97039
0.97017
0.96995
0.96973
0.96951
0.96929
0.96907
0.96885
0.96863
0.96841
0.96819
0.96797
0.96775
0.96754
0.96732
0.96705
0.96678
0.96652
0.96625
0.96598
0.96572
0.96545
0.96519
0.96492
0.96465
0.96439
0.96412
0.96385
0.96359
0.96332
0.96306
0.96279
0.96252
0.96226
0.96199
0.96172
0.96146
0.96119
0.96093
0.96066
0.96039
0.96013
0.95986
0.95959
0.95933
0.95906
0.9588
0.95853
0.95826
0.958
0.95773
0.95746
0.9572
0.95693
0.95667
0.9564
0.95613
0.95587
0.9556
0.95533
0.95507
0.9548
0.95454
0.95427
0.954
0.95374
0.95347
0.9532
0.95294
0.95267
0.95241
0.95214
0.95187
0.95161
0.95134
0.95107
0.95081
0.95054
0.95028
0.95001
0.94974
0.94948
0.94921
0.94894
0.94868
0.94841
0.94815
0.94788
0.94761
0.94735
0.94708
0.94681
0.94655
0.94628
0.94602
0.94575
0.94548
0.94522
0.94495
0.94468
0.94442
0.94415
0.94389
0.94362
0.94335
0.94309
0.94282
0.94255
0.94229
0.94202
0.94175
0.94149
0.94122
0.94096
0.94069
0.94044
0.94019
0.93995
0.9397
0.93945
0.9392
0.93895
0.93871
0.93846
0.93821
0.93796
0.93771
0.93747
0.93722
0.93697
0.93672
0.93647
0.93623
0.93598
0.93573
0.93548
0.93523
0.93498
0.93474
0.93449
0.93424
0.93399
0.93374
0.9335
0.93325
0.933
0.93275
0.9325
0.93226
0.93201
0.93176
0.93151
0.93126
0.93102
0.93077
0.93052
0.93027
0.93002
0.92978
0.92953
0.92928
0.92903
0.92878
0.92854
0.92829
0.92804
0.92779
0.92754
0.9273
0.92705
0.9268
0.92655
0.9263
0.92606
0.92581
0.92556
0.92531
0.92506
0.92482
0.92457
0.92432
0.92407
0.92382
0.92357
0.92333
0.92308
0.92283
0.92258
0.92233
0.92209
0.92184
0.92159
0.92134
0.92109
0.92085
0.9206
0.92035
0.9201
0.91985
0.91961
0.91936
0.91911
0.91886
0.91861
0.91837
0.91812
0.91787
0.91762
0.91737
0.91713
0.91688
0.91663
0.91638
0.91613
0.91589
0.91537
0.91485
0.91434
0.91382
0.9133
0.91279
0.91227
0.91175
0.91124
0.91072
0.9102
0.90969
0.90917
0.90865
0.90814
0.90762
0.9071
0.90659
0.90607
0.90556
0.90504
0.90452
0.90401
0.90349
0.90297
0.90246
0.90194
0.90142
0.90091
0.90039
0.89987
0.89936
0.89884
0.89832
0.89781
0.89729
0.89677
0.89626
0.89574
0.89523
0.89471
0.89419
0.89368
0.89316
0.89264
0.89213
0.89161
0.89109
0.89058
0.89006
0.88954
0.88903
0.88851
0.88799
0.88748
0.88696
0.88644
0.88593
0.88541
0.8849
0.88438
0.88386
0.88335
0.88283
0.88231
0.8818
0.88128
0.88076
0.88025
0.87973
0.87921
0.8787
0.87818
0.87766
0.87715
0.87663
0.87611
0.8756
0.87508
0.87457
0.87405
0.87353
0.87302
0.8725
0.87198
0.87147
0.87095
0.87043
0.86992
0.8694
0.86888
0.86837
0.86785
0.86733
0.86682
0.8663
0.86578
0.86527
0.86475
0.86424
0.8636
0.86296
0.86232
0.86168
0.86105
0.86041
0.85977
0.85913
0.85849
0.85786
0.85722
0.85658
0.85594
0.8553
0.85467
0.85403
0.85339
0.85275
0.85211
0.85148
0.85084
0.8502
0.84956
0.84892
0.84829
0.84765
0.84701
0.84637
0.84573
0.8451
0.84446
0.84382
0.84318
0.84254
0.84191
0.84127
0.84063
0.83999
0.83935
0.83871
0.83808
0.83744
0.8368
0.83616
0.83552
0.83489
0.83425
0.83361
0.83297
0.83233
0.8317
0.83106
0.83042
0.82978
0.82914
0.82851
0.82787
0.82723
0.82659
0.82595
0.82532
0.82468
0.82404
0.8234
0.82276
0.82213
0.82149
0.82085
0.82021
0.81957
0.81894
0.8183
0.81766
0.81702
0.81638
0.81575
0.81511
0.81447
0.81383
0.81319
0.81256
0.81192
0.81128
0.81064
0.81
0.80937
0.80873
0.80809
0.80745
0.80681
0.80618
0.80554
0.8049
0.80426
0.80362
0.80299
0.80235
0.80171
0.80107
0.80043
0.79984
0.79925
0.79866
0.79807
0.79748
0.79689
0.7963
0.79571
0.79512
0.79453
0.79394
0.79336
0.79277
0.79218
0.79159
0.791
0.79041
0.78982
0.78923
0.78864
0.78805
0.78746
0.78687
0.78628
0.78569
0.7851
0.78451
0.78392
0.78333
0.78274
0.78215
0.78156
0.78097
0.78038
0.77979
0.7792
0.77861
0.77802
0.77743
0.77684
0.77625
0.77566
0.77507
0.77448
0.77389
0.7733
0.77271
0.77212
0.77153
0.77094
0.77035
0.76976
0.76917
0.76858
0.76799
0.7674
0.76681
0.76622
0.76563
0.76504
0.76445
0.76386
0.76327
0.76268
0.76209
0.7615
0.76091
0.76032
0.75973
0.75914
0.75855
0.75796
0.75737
0.75678
0.75619
0.7556
0.75501
0.75442
0.75383
0.75324
0.75265
0.75206
0.75147
0.75088
0.75029
0.7497
0.74911
0.74852
0.74793
0.74734
0.74675
0.74616
0.74557
0.74498
0.74439
0.7438
0.74321
0.74262
0.74203
0.74144
0.74073
0.74002
0.73932
0.73861
0.7379
0.73719
0.73649
0.73578
0.73507
0.73436
0.73365
0.73295
0.73224
0.73153
0.73082
0.73011
0.72941
0.7287
0.72799
0.72728
0.72657
0.72587
0.72516
0.72445
0.72374
0.72303
0.72233
0.72162
0.72091
0.7202
0.71949
0.71879
0.71808
0.71737
0.71666
0.71595
0.71525
0.71454
0.71383
0.71312
0.71241
0.71171
0.711
0.71029
0.70958
0.70887
0.70817
0.70746
0.70675
0.70604
0.70533
0.70463
0.70392
0.70321
0.7025
0.70179
0.70109
0.70038
0.69967
0.69896
0.69825
0.69755
0.69684
0.69613
0.69542
0.69472
0.69401
0.6933
0.69259
0.69188
0.69118
0.69047
0.68976
0.68905
0.68834
0.68764
0.68693
0.68622
0.68551
0.6848
0.6841
0.68339
0.68268
0.68197
0.68126
0.68056
0.67985
0.67914
0.67843
0.67772
0.67702
0.67631
0.6756
0.67489
0.67418
0.67348
0.67277
0.67206
0.67135
0.67064
0.67017
0.66969
0.66921
0.66873
0.66825
0.66777
0.66729
0.66681
0.66633
0.66585
0.66537
0.66489
0.66442
0.66394
0.66346
0.66298
0.6625
0.66202
0.66154
0.66106
0.66058
0.6601
0.65962
0.65915
0.65867
0.65819
0.65771
0.65723
0.65675
0.65627
0.65579
0.65531
0.65483
0.65435
0.65387
0.6534
0.65292
0.65244
0.65196
0.65148
0.651
0.65052
0.65004
0.64956
0.64908
0.6486
0.64813
0.64765
0.64717
0.64669
0.64621
0.64573
0.64525
0.64477
0.64429
0.64381
0.64333
0.64286
0.64238
0.6419
0.64142
0.64094
0.64046
0.63998
0.6395
0.63902
0.63854
0.63806
0.63758
0.63711
0.63663
0.63615
0.63567
0.63519
0.63471
0.63423
0.63375
0.63327
0.63279
0.63231
0.63184
0.63136
0.63088
0.6304
0.62992
0.62944
0.62896
0.62848
0.628
0.62752
0.62704
0.62657
0.62609
0.62561
0.62513
0.62465
0.62417
0.62369
0.62321
0.62273
0.62255
0.62236
0.62218
0.62199
0.62181
0.62163
0.62144
0.62126
0.62107
0.62089
0.6207
0.62052
0.62033
0.62015
0.61997
0.61978
0.6196
0.61941
0.61923
0.61904
0.61886
0.61867
0.61849
0.61831
0.61812
0.61794
0.61775
0.61757
0.61738
0.6172
0.61701
0.61683
0.61665
0.61646
0.61628
0.61609
0.61591
0.61572
0.61554
0.61535
0.61517
0.61499
0.6148
0.61462
0.61443
0.61425
0.61406
0.61388
0.61369
0.61351
0.61333
0.61314
0.61296
0.61277
0.61259
0.6124
0.61222
0.61203
0.61185
0.61167
0.61148
0.6113
0.61111
0.61093
0.61074
0.61056
0.61037
0.61019
0.61001
0.60982
0.60964
0.60945
0.60927
0.60908
0.6089
0.60872
0.60853
0.60835
0.60816
0.60798
0.60779
0.60761
0.60742
0.60724
0.60706
0.60687
0.60669
0.6065
0.60632
0.60613
0.60595
0.60576
0.60558
0.6054
0.60521
0.60503
0.60484
0.60466
0.60447
0.60429
0.6043
0.60431
0.60431
0.60432
0.60433
0.60434
0.60435
0.60436
0.60437
0.60438
0.60438
0.60439
0.6044
0.60441
0.60442
0.60443
0.60444
0.60444
0.60445
0.60446
0.60447
0.60448
0.60449
0.6045
0.6045
0.60451
0.60452
0.60453
0.60454
0.60455
0.60456
0.60457
0.60457
0.60458
0.60459
0.6046
0.60461
0.60462
0.60463
0.60463
0.60464
0.60465
0.60466
0.60467
0.60468
0.60469
0.6047
0.6047
0.60471
0.60472
0.60473
0.60474
0.60475
0.60476
0.60476
0.60477
0.60478
0.60479
0.6048
0.60481
0.60482
0.60482
0.60483
0.60484
0.60485
0.60486
0.60487
0.60488
0.60489
0.60489
0.6049
0.60491
0.60492
0.60493
0.60494
0.60495
0.60495
0.60496
0.60497
0.60498
0.60499
0.605
0.60501
0.60502
0.60502
0.60503
0.60504
0.60505
0.60506
0.60507
0.60508
0.60508
0.60509
0.6051
0.60511
0.60512
0.60513
0.60514
0.60515
0.60515
0.60516
0.60516
0.60516
0.60517
0.60517
0.60517
0.60517
0.60518
0.60518
0.60518
0.60519
0.60519
0.60519
0.6052
0.6052
0.6052
0.60521
0.60521
0.60521
0.60521
0.60522
0.60522
0.60522
0.60523
0.60523
0.60523
0.60524
0.60524
0.60524
0.60524
0.60525
0.60525
0.60525
0.60526
0.60526
0.60526
0.60527
0.60527
0.60527
0.60527
0.60528
0.60528
0.60528
0.60529
0.60529
0.60529
0.6053
0.6053
0.6053
0.6053
0.60531
0.60531
0.60531
0.60532
0.60532
0.60532
0.60533
0.60533
0.60533
0.60533
0.60534
0.60534
0.60534
0.60535
0.60535
0.60535
0.60536
0.60536
0.60536
0.60537
0.60537
0.60537
0.60537
0.60538
0.60538
0.60538
0.60539
0.60539
0.60539
0.6054
0.6054
0.6054
0.6054
0.60541
0.60541
0.60541
0.60542
0.60542
0.60542
0.60543
0.60543
0.60543
0.60543
0.60544
0.60544
0.60544
0.60545
0.60545
0.60545
0.60546
0.6055
0.60555
0.6056
0.60564
0.60569
0.60574
0.60579
0.60583
0.60588
0.60593
0.60597
0.60602
0.60607
0.60611
0.60616
0.60621
0.60626
0.6063
0.60635
0.6064
0.60644
0.60649
0.60654
0.60658
0.60663
0.60668
0.60673
0.60677
0.60682
0.60687
0.60691
0.60696
0.60701
0.60706
0.6071
0.60715
0.6072
0.60724
0.60729
0.60734
0.60738
0.60743
0.60748
0.60753
0.60757
0.60762
0.60767
0.60771
0.60776
0.60781
0.60785
0.6079
0.60795
0.608
0.60804
0.60809
0.60814
0.60818
0.60823
0.60828
0.60833
0.60837
0.60842
0.60847
0.60851
0.60856
0.60861
0.60865
0.6087
0.60875
0.6088
0.60884
0.60889
0.60894
0.60898
0.60903
0.60908
0.60912
0.60917
0.60922
0.60927
0.60931
0.60936
0.60941
0.60945
0.6095
0.60955
0.6096
0.60964
0.60969
0.60974
0.60978
0.60983
0.60988
0.60992
0.60997
0.61002
0.61007
0.61011
0.61016
0.61013
0.6101
0.61007
0.61004
0.61001
0.60998
0.60995
0.60992
0.60989
0.60985
0.60982
0.60979
0.60976
0.60973
0.6097
0.60967
0.60964
0.60961
0.60958
0.60955
0.60952
0.60949
0.60946
0.60943
0.6094
0.60937
0.60934
0.60931
0.60928
0.60925
0.60922
0.60918
0.60915
0.60912
0.60909
0.60906
0.60903
0.609
0.60897
0.60894
0.60891
0.60888
0.60885
0.60882
0.60879
0.60876
0.60873
0.6087
0.60867
0.60864
0.60861
0.60858
0.60854
0.60851
0.60848
0.60845
0.60842
0.60839
0.60836
0.60833
0.6083
0.60827
0.60824
0.60821
0.60818
0.60815
0.60812
0.60809
0.60806
0.60803
0.608
0.60797
0.60794
0.60791
0.60787
0.60784
0.60781
0.60778
0.60775
0.60772
0.60769
0.60766
0.60763
0.6076
0.60757
0.60754
0.60751
0.60748
0.60745
0.60742
0.60739
0.60736
0.60733
0.6073
0.60727
0.60723
0.6072
0.60717
0.60714
0.60711
0.60681
0.6065
0.6062
0.6059
0.60559
0.60529
0.60498
0.60468
0.60437
0.60407
0.60376
0.60346
0.60316
0.60285
0.60255
0.60224
0.60194
0.60163
0.60133
0.60102
0.60072
0.60042
0.60011
0.59981
0.5995
0.5992
0.59889
0.59859
0.59828
0.59798
0.59768
0.59737
0.59707
0.59676
0.59646
0.59615
0.59585
0.59554
0.59524
0.59494
0.59463
0.59433
0.59402
0.59372
0.59341
0.59311
0.5928
0.5925
0.5922
0.59189
0.59159
0.59128
0.59098
0.59067
0.59037
0.59006
0.58976
0.58946
0.58915
0.58885
0.58854
0.58824
0.58793
0.58763
0.58732
0.58702
0.58672
0.58641
0.58611
0.5858
0.5855
0.58519
0.58489
0.58458
0.58428
0.58398
0.58367
0.58337
0.58306
0.58276
0.58245
0.58215
0.58184
0.58154
0.58124
0.58093
0.58063
0.58032
0.58002
0.57971
0.57941
0.5791
0.5788
0.5785
0.57819
0.57789
0.57758
0.57728
0.57697
0.57667
0.57589
0.5751
0.57432
0.57354
0.57275
0.57197
0.57118
0.5704
0.56962
0.56883
0.56805
0.56727
0.56648
0.5657
0.56492
0.56413
0.56335
0.56257
0.56178
0.561
0.56022
0.55943
0.55865
0.55787
0.55708
0.5563
0.55552
0.55473
0.55395
0.55317
0.55238
0.5516
0.55082
0.55003
0.54925
0.54847
0.54768
0.5469
0.54612
0.54533
0.54455
0.54377
0.54298
0.5422
0.54142
0.54063
0.53985
0.53907
0.53828
0.5375
0.53672
0.53593
0.53515
0.53437
0.53358
0.5328
0.53202
0.53123
0.53045
0.52967
0.52888
0.5281
0.52732
0.52653
0.52575
0.52497
0.52418
0.5234
0.52262
0.52183
0.52105
0.52027
0.51948
0.5187
0.51792
0.51713
0.51635
0.51557
0.51478
0.514
0.51322
0.51243
0.51165
0.51086
0.51008
0.5093
0.50851
0.50773
0.50695
0.50616
0.50538
0.5046
0.50381
0.50303
0.50225
0.50146
0.50068
0.4999
0.49911
0.49833
0.49746
0.49659
0.49572
0.49485
0.49398
0.49311
0.49224
0.49138
0.49051
0.48964
0.48877
0.4879
0.48703
0.48616
0.48529
0.48442
0.48355
0.48268
0.48181
0.48094
0.48007
0.4792
0.47833
0.47746
0.47659
0.47573
0.47486
0.47399
0.47312
0.47225
0.47138
0.47051
0.46964
0.46877
0.4679
0.46703
0.46616
0.46529
0.46442
0.46355
0.46268
0.46181
0.46094
0.46008
0.45921
0.45834
0.45747
0.4566
0.45573
0.45486
0.45399
0.45312
0.45225
0.45138
0.45051
0.44964
0.44877
0.4479
0.44703
0.44616
0.44529
0.44443
0.44356
0.44269
0.44182
0.44095
0.44008
0.43921
0.43834
0.43747
0.4366
0.43573
0.43486
0.43399
0.43312
0.43225
0.43138
0.43051
0.42964
0.42878
0.42791
0.42704
0.42617
0.4253
0.42443
0.42356
0.42269
0.42182
0.42095
0.42008
0.41921
0.41834
0.41747
0.4166
0.41573
0.41486
0.41399
0.41313
0.41226
0.41139
0.4106
0.40982
0.40903
0.40824
0.40746
0.40667
0.40589
0.4051
0.40432
0.40353
0.40275
0.40196
0.40118
0.40039
0.3996
0.39882
0.39803
0.39725
0.39646
0.39568
0.39489
0.39411
0.39332
0.39254
0.39175
0.39096
0.39018
0.38939
0.38861
0.38782
0.38704
0.38625
0.38547
0.38468
0.3839
0.38311
0.38232
0.38154
0.38075
0.37997
0.37918
0.3784
0.37761
0.37683
0.37604
0.37526
0.37447
0.37369
0.3729
0.37211
0.37133
0.37054
0.36976
0.36897
0.36819
0.3674
0.36662
0.36583
0.36505
0.36426
0.36347
0.36269
0.3619
0.36112
0.36033
0.35955
0.35876
0.35798
0.35719
0.35641
0.35562
0.35483
0.35405
0.35326
0.35248
0.35169
0.35091
0.35012
0.34934
0.34855
0.34777
0.34698
0.34619
0.34541
0.34462
0.34384
0.34305
0.34227
0.34148
0.3407
0.33991
0.33913
0.33834
0.33755
0.33677
0.33598
0.3352
0.33441
0.33363
0.33284
0.3323
0.33175
0.33121
0.33066
0.33011
0.32957
0.32902
0.32848
0.32793
0.32739
0.32684
0.3263
0.32575
0.32521
0.32466
0.32411
0.32357
0.32302
0.32248
0.32193
0.32139
0.32084
0.3203
0.31975
0.3192
0.31866
0.31811
0.31757
0.31702
0.31648
0.31593
0.31539
0.31484
0.3143
0.31375
0.3132
0.31266
0.31211
0.31157
0.31102
0.31048
0.30993
0.30939
0.30884
0.3083
0.30775
0.3072
0.30666
0.30611
0.30557
0.30502
0.30448
0.30393
0.30339
0.30284
0.30229
0.30175
0.3012
0.30066
0.30011
0.29957
0.29902
0.29848
0.29793
0.29739
0.29684
0.29629
0.29575
0.2952
0.29466
0.29411
0.29357
0.29302
0.29248
0.29193
0.29139
0.29084
0.29029
0.28975
0.2892
0.28866
0.28811
0.28757
0.28702
0.28648
0.28593
0.28538
0.28484
0.28429
0.28375
0.2832
0.28266
0.28211
0.28157
0.28102
0.28048
0.27993
0.27938
0.27884
0.27829
0.27791
0.27752
0.27714
0.27675
0.27637
0.27599
0.2756
0.27522
0.27483
0.27445
0.27406
0.27368
0.27329
0.27291
0.27252
0.27214
0.27175
0.27137
0.27098
0.2706
0.27022
0.26983
0.26945
0.26906
0.26868
0.26829
0.26791
0.26752
0.26714
0.26675
0.26637
0.26598
0.2656
0.26521
0.26483
0.26445
0.26406
0.26368
0.26329
0.26291
0.26252
0.26214
0.26175
0.26137
0.26098
0.2606
0.26021
0.25983
0.25944
0.25906
0.25868
0.25829
0.25791
0.25752
0.25714
0.25675
0.25637
0.25598
0.2556
0.25521
0.25483
0.25444
0.25406
0.25367
0.25329
0.25291
0.25252
0.25214
0.25175
0.25137
0.25098
0.2506
0.25021
0.24983
0.24944
0.24906
0.24867
0.24829
0.2479
0.24752
0.24714
0.24675
0.24637
0.24598
0.2456
0.24521
0.24483
0.24444
0.24406
0.24367
0.24329
0.2429
0.24252
0.24213
0.24175
0.24136
0.24098
0.2406
0.24021
0.23983
0.23962
0.23942
0.23921
0.23901
0.2388
0.2386
0.2384
0.23819
0.23799
0.23778
0.23758
0.23737
0.23717
0.23697
0.23676
0.23656
0.23635
0.23615
0.23594
0.23574
0.23554
0.23533
0.23513
0.23492
0.23472
0.23451
0.23431
0.2341
0.2339
0.2337
0.23349
0.23329
0.23308
0.23288
0.23267
0.23247
0.23227
0.23206
0.23186
0.23165
0.23145
0.23124
0.23104
0.23084
0.23063
0.23043
0.23022
0.23002
0.22981
0.22961
0.22941
0.2292
0.229
0.22879
0.22859
0.22838
0.22818
0.22797
0.22777
0.22757
0.22736
0.22716
0.22695
0.22675
0.22654
0.22634
0.22614
0.22593
0.22573
0.22552
0.22532
0.22511
0.22491
0.22471
0.2245
0.2243
0.22409
0.22389
0.22368
0.22348
0.22328
0.22307
0.22287
0.22266
0.22246
0.22225
0.22205
0.22184
0.22164
0.22144
0.22123
0.22103
0.22082
0.22062
0.22041
0.22021
0.22001
0.2198
0.2196
0.21939
0.21923
0.21907
0.2189
0.21874
0.21858
0.21841
0.21825
0.21809
0.21792
0.21776
0.2176
0.21743
0.21727
0.21711
0.21694
0.21678
0.21662
0.21645
0.21629
0.21613
0.21596
0.2158
0.21564
0.21547
0.21531
0.21515
0.21498
0.21482
0.21466
0.2145
0.21433
0.21417
0.21401
0.21384
0.21368
0.21352
0.21335
0.21319
0.21303
0.21286
0.2127
0.21254
0.21237
0.21221
0.21205
0.21188
0.21172
0.21156
0.21139
0.21123
0.21107
0.2109
0.21074
0.21058
0.21041
0.21025
0.21009
0.20992
0.20976
0.2096
0.20943
0.20927
0.20911
0.20894
0.20878
0.20862
0.20845
0.20829
0.20813
0.20796
0.2078
0.20764
0.20748
0.20731
0.20715
0.20699
0.20682
0.20666
0.2065
0.20633
0.20617
0.20601
0.20584
0.20568
0.20552
0.20535
0.20519
0.20503
0.20486
0.2047
0.20454
0.20437
0.20421
0.20405
0.20388
0.20372
0.20356
0.20339
0.20323
0.20307
0.20273
0.20238
0.20204
0.2017
0.20136
0.20102
0.20068
0.20034
0.2
0.19966
0.19931
0.19897
0.19863
0.19829
0.19795
0.19761
0.19727
0.19693
0.19658
0.19624
0.1959
0.19556
0.19522
0.19488
0.19454
0.1942
0.19385
0.19351
0.19317
0.19283
0.19249
0.19215
0.19181
0.19147
0.19112
0.19078
0.19044
0.1901
0.18976
0.18942
0.18908
0.18874
0.18839
0.18805
0.18771
0.18737
0.18703
0.18669
0.18635
0.18601
0.18567
0.18532
0.18498
0.18464
0.1843
0.18396
0.18362
0.18328
0.18294
0.18259
0.18225
0.18191
0.18157
0.18123
0.18089
0.18055
0.18021
0.17986
0.17952
0.17918
0.17884
0.1785
0.17816
0.17782
0.17748
0.17713
0.17679
0.17645
0.17611
0.17577
0.17543
0.17509
0.17475
0.17441
0.17406
0.17372
0.17338
0.17304
0.1727
0.17236
0.17202
0.17168
0.17133
0.17099
0.17065
0.17031
0.16997
0.16963
0.16929
0.16895
0.16848
0.16801
0.16754
0.16707
0.1666
0.16614
0.16567
0.1652
0.16473
0.16426
0.16379
0.16332
0.16286
0.16239
0.16192
0.16145
0.16098
0.16051
0.16005
0.15958
0.15911
0.15864
0.15817
0.1577
0.15723
0.15677
0.1563
0.15583
0.15536
0.15489
0.15442
0.15396
0.15349
0.15302
0.15255
0.15208
0.15161
0.15115
0.15068
0.15021
0.14974
0.14927
0.1488
0.14833
0.14787
0.1474
0.14693
0.14646
0.14599
0.14552
0.14506
0.14459
0.14412
0.14365
0.14318
0.14271
0.14224
0.14178
0.14131
0.14084
0.14037
0.1399
0.13943
0.13897
0.1385
0.13803
0.13756
0.13709
0.13662
0.13616
0.13569
0.13522
0.13475
0.13428
0.13381
0.13334
0.13288
0.13241
0.13194
0.13147
0.131
0.13053
0.13007
0.1296
0.12913
0.12866
0.12819
0.12772
0.12725
0.12679
0.12632
0.12585
0.12538
0.12491
0.12444
0.12398
0.12351
0.12304
0.12257
0.1221
0.12169
0.12128
0.12087
0.12045
0.12004
0.11963
0.11922
0.11881
0.11839
0.11798
0.11757
0.11716
0.11675
0.11633
0.11592
0.11551
0.1151
0.11469
0.11427
0.11386
0.11345
0.11304
0.11263
0.11221
0.1118
0.11139
0.11098
0.11057
0.11015
0.10974
0.10933
0.10892
0.10851
0.10809
0.10768
0.10727
0.10686
0.10645
0.10603
0.10562
0.10521
0.1048
0.10439
0.10397
0.10356
0.10315
0.10274
0.10233
0.10191
0.1015
0.10109
0.10068
0.10027
0.099854
0.099442
0.09903
0.098618
0.098206
0.097794
0.097382
0.09697
0.096558
0.096146
0.095734
0.095322
0.09491
0.094498
0.094086
0.093674
0.093262
0.09285
0.092438
0.092026
0.091614
0.091202
0.09079
0.090378
0.089966
0.089554
0.089142
0.08873
0.088318
0.087906
0.087494
0.087082
0.08667
0.086258
0.085846
0.085434
0.085022
0.08461
0.084198
0.083786
0.083374
0.082962
0.08255
0.082138
0.081726
0.081314
0.080902
0.080513
0.080124
0.079735
0.079346
0.078956
0.078567
0.078178
0.077789
0.0774
0.077011
0.076621
0.076232
0.075843
0.075454
0.075065
0.074676
0.074287
0.073897
0.073508
0.073119
0.07273
0.072341
0.071952
0.071563
0.071173
0.070784
0.070395
0.070006
0.069617
0.069228
0.068838
0.068449
0.06806
0.067671
0.067282
0.066893
0.066504
0.066114
0.065725
0.065336
0.064947
0.064558
0.064169
0.063779
0.06339
0.063001
0.062612
0.062223
0.061834
0.061445
0.061055
0.060666
0.060277
0.059888
0.059499
0.05911
0.058721
0.058331
0.057942
0.057553
0.057164
0.056775
0.056386
0.055996
0.055607
0.055218
0.054829
0.05444
0.054051
0.053662
0.053272
0.052883
0.052494
0.052105
0.051716
0.051327
0.050937
0.050548
0.050159
0.04977
0.049381
0.048992
0.048603
0.048213
0.047824
0.047435
0.047046
0.046657
0.046268
0.045879
0.045489
0.0451
0.044711
0.044322
0.043933
0.043544
0.043154
0.042765
0.042376
0.041987
0.041697
0.041407
0.041117
0.040827
0.040537
0.040247
0.039957
0.039667
0.039377
0.039087
0.038797
0.038507
0.038217
0.037927
0.037638
0.037348
0.037058
0.036768
0.036478
0.036188
0.035898
0.035608
0.035318
0.035028
0.034738
0.034448
0.034158
0.033868
0.033578
0.033288
0.032998
0.032708
0.032418
0.032128
0.031838
0.031548
0.031258
0.030968
0.030678
0.030388
0.030098
0.029808
0.029518
0.029228
0.028939
0.028649
0.028359
0.028069
0.027779
0.027489
0.027199
0.026909
0.026619
0.026329
0.026039
0.025749
0.025459
0.025169
0.024879
0.024589
0.024299
0.024009
0.023719
0.023429
0.023139
0.022849
0.022559
0.022269
0.021979
0.021689
0.021399
0.021109
0.020819
0.02053
0.02024
0.01995
0.01966
0.01937
0.01908
0.01879
0.0185
0.01821
0.01792
0.01763
0.01734
0.01705
0.01676
0.01647
0.01618
0.01589
0.0156
0.01531
0.01502
0.01473
0.01444
0.01415
0.01386
0.01357
0.01328
0.01299
