-1.051189394029095947e+00
-7.429752843394778206e-02
1.385614468743613825e+00
-1.005031012468436735e+00
2.028919146017619524e-01
-4.529654843936967712e-01
2.000685597169419849e-01
-5.976413126226330919e-01
-4.909684230934344695e-01
1.766038501288975437e+00
-7.975042739367690370e-01
9.411714731877446078e-04
-3.451215331196036407e-01
3.957183900237175589e-01
3.473171426625115688e-01
1.782078465040111137e-01
-6.573052904185752547e-03
5.047776195528275861e-02
-1.322516374230559566e-01
7.976204057824654026e-02
4.846380466450826707e-02
-5.421650629232589447e-01
2.287676911515779954e-01
4.090748610020989995e-01
8.574873749172405579e-02
-5.332998909731730824e-02
-7.068936646488528652e-02
1.110856946700876785e-01
-2.026866531628282800e-02
-8.409800500970077142e-02
2.524433286613610439e-01
4.643639146354690550e-01
1.016871752491562003e-01
-1.542669948292688942e-01
-7.932821572584110026e-01
2.155279037708378864e-01
-8.354607824830376228e-02
7.782834497631492543e-02
-3.296283814008277996e-02
-1.342572909546723980e-01
4.171268642271950822e-01
-4.981528381934469119e-02
-3.536042203421534968e-01
-6.260239018393527755e-02
3.088176107539187809e-01
2.947192555860713714e-01
1.175493986208236419e-01
-3.389855951507503296e-01
-5.939519845264494835e-01
-4.687820252223431350e-01
-4.435859691376982661e-01
-2.350128376645420902e-01
-3.893648714005688016e-01
1.354829916888784958e+00
1.056622872169941330e+00
7.564451155416902495e-01
-1.331019197110485441e+00
-1.691012603316260021e+00
-1.426372896183229599e+00
2.908889474056710611e-01
5.609858687508573194e-01
3.390792820124325924e-01
1.987419451241866364e-01
4.853059849078718013e-01
4.535013661341937286e-01
-2.981380307700279286e-01
-1.299139107427665918e-01
-1.937915860939663651e-03
-6.634782198130612749e-16
1.256296522084363149e-15
3.441040204914078022e-15
1.814879848455208051e-16
5.923904051416704196e-16
-3.316973740739205321e-15
-1.333316080341721385e-15
3.792919659223413941e-15
-5.918766930687638507e-15
-1.244460294845790432e-01
3.305406954526791119e-01
3.687216251982303739e-01
1.275863144969159868e-01
4.398824358338830898e-01
2.893144277291064270e-01
-2.950124315635324623e-02
1.496718900811036534e-02
3.544300493852702294e-01
-5.980001380021583192e-03
1.280562197741191566e-01
-1.175733647133683640e-01
6.849763933957918327e-02
-4.322124054013817274e-01
4.343776355741916229e-01
4.106673183269864830e-02
-2.397749387322015840e-02
-7.873885381434451991e-02
-9.006552918788143791e-02
7.106003422134594266e-03
1.331039292848820201e-02
2.966610200013759802e-02
3.781292316875500131e-02
1.621493452261749124e-01
1.249611232623367395e-02
5.496192867399409682e-02
4.248995862073333060e-03
-2.997988911093078454e-02
1.277879961876974418e-02
7.502356280261579524e-02
2.809657086080009636e-01
-1.846654448457870079e-01
-7.599596762538095573e-01
-8.568593911738491345e-04
3.961071643821699462e-02
9.200215197331966521e-02
8.933031183271263748e-03
-7.636419089110273173e-02
1.053195614395059099e-01
1.565490136880847982e-01
6.307032677769414120e-02
-1.947632207879831327e-03
4.236514765221901659e-17
-1.882355638087586279e-15
-4.995028750123204358e-16
-1.237384451720254767e-15
3.600578776057063406e-16
5.713580506764364282e-16
-4.911057033887513951e-16
7.847434883746289895e-16
-2.096409672959893424e-15
