#Sigma on thinning for EDC from AICC2012.
0.0367244558971
0.0367353643226
0.036658270683
0.0365806322625
0.0365051768698
0.0362840620073
0.0360204861529
0.0357585484601
0.0353958965683
0.0350177682427
0.0346442854628
0.0342749744574
0.033915243116
0.0337432230933
0.0335706584951
0.0335017697406
0.0335040255511
0.0335143477468
0.0335439768204
0.0335741536519
0.0334636173663
0.0333453792091
0.0331535577893
0.0329503586956
0.0328212605028
0.032718675747
0.0325229293792
0.0322884102764
0.0320181786627
0.0317331802696
0.0318432365012
0.0321669852091
0.0325031901363
0.0328469089748
0.0331413519529
0.0334172863194
0.0339429586492
0.0345298102226
0.0356126211703
0.0366852673436
0.0377356569089
0.0385526321054
0.0391849329798
0.0393574196824
0.0394046944771
0.0392341031484
0.0391844040148
0.039232182565
0.03954488583
0.039774514726
0.0397316167467
0.0394811707251
0.0390953368597
0.0389062093917
0.0389216144496
0.0393341142403
0.0395275953535
0.0396042697371
0.0394872657768
0.0392305547647
0.0388696425251
0.0383211488372
0.0377628458783
0.0372006380018
0.036882342214
0.0366753687896
0.0365271925254
0.0363520208002
0.0361277727866
0.0357790322297
0.035352388455
0.034838493868
0.0341458615477
0.0335180667761
0.0329698247916
0.0324595722442
0.0318593993355
0.0312542162449
0.0309623762403
0.0312146944112
0.0318724210472
0.0320932589896
0.0322049677811
0.0321312746106
0.0319941554943
0.0317402292195
0.0313113310689
0.0305975629715
0.0301457517948
0.0298535890553
0.0294722110273
0.0287890553085
0.028039022793
0.0273502858321
0.0276305866957
0.0280467431859
0.0285256640891
0.0289617602309
0.0288547902572
0.0286923861508
0.0286963742013
0.029849174777
0.0309250837483
0.0318101876277
0.0323713622514
0.0334589466304
0.0347129459227
0.0360956027129
0.0370114495969
0.0376777881239
0.0380155933469
0.0378043120481
0.0372463376775
0.0366771545284
0.0362992003532
0.0366777105208
0.0371395036149
0.0374331821482
0.0375120021779
0.0383782723619
0.0396760587256
0.0412726220669
0.0429739912351
0.0442272390452
0.0450237132085
0.0457061911805
0.0464335067409
0.0473042119479
0.0476197819302
0.0467750998498
0.0454308088819
0.0440925411499
0.0430214395801
0.0421317720769
0.040957677624
0.0395906135443
0.0386198286293
0.0387322732698
0.0392526912381
0.0397127081384
0.040296396915
0.0405303402151
0.0400339443324
0.0389669182438
0.0376079768708
0.0365887205522
0.0357814565703
0.0348772685323
0.0339560056316
0.0333868495459
0.0336485197091
0.0344674102305
0.0349492033264
0.0353458884618
0.0359271621147
0.0367393739281
0.0370304914092
0.0364737357862
0.0361391708944
0.0363173020055
0.0369759424127
0.037835124058
0.0385609408442
0.0388361767695
0.0383279828476
0.0373899432353
0.0366795589416
0.0361987751401
0.0358019261777
0.0352807174581
0.034708648265
0.0346277378335
0.034996961384
0.0350552069004
0.0347211414918
0.0340717072831
0.0338122212187
0.0342506196799
0.0348642148058
0.0354458225453
0.0357609029156
0.0352999645106
0.0339709365034
0.0327057071432
0.0326120698787
0.0332791024451
0.0330760270314
0.0317336176656
0.0316069511854
0.0328698227535
0.0349607917287
0.0369943860206
0.0385364474063
0.0396222283351
0.0402954174845
0.0402854629359
0.0400048448991
0.0398545164107
0.0398463790375
0.0402867737333
0.0411853095453
0.0423500994335
0.0434844387831
0.0438925945408
0.0437847970213
0.0431681723007
0.0419858250222
0.0402683618436
0.03843903929
0.037275901035
0.0372121136716
0.0369698333905
0.0363923674982
0.0352047855038
0.0336186607282
0.0329109227267
0.0330200394448
0.0332622082105
0.034118652305
0.0360234178626
0.038507917331
0.0404908333837
0.0417396918942
0.0434755953551
0.0447937833944
0.0451573501724
0.0450515618641
0.0452090549296
0.0455462522028
0.0465250384346
0.0474700439667
0.047551983222
0.047148433779
0.0475669859012
0.0483830990412
0.0489636749279
0.0496746453931
0.0505102005642
0.0509117389227
0.0510713938201
0.0510510534128
0.0508706299166
0.0500468906672
0.0486739231889
0.0470792419806
0.0454850569245
0.0438660858409
0.042229957619
0.0407875503906
0.0399512723503
0.0400749465853
0.0400086612477
0.0385032984955
0.0365796161084
0.0346791596388
0.0326127153433
0.0299761994065
0.0267723667987
0.0254099373934
0.0258815403322
0.0276975880844
0.0289789449632
0.0287085312567
0.0271435088775
0.0249466022902
0.0227526712571
0.0215462537141
0.0226598313065
0.0252834710929
0.0275209258944
0.0294345252222
0.0307841991682
0.0308473098842
0.0309435030821
0.0308218801819
0.0299185318106
0.028281789512
0.0277919681194
0.0299664938511
0.0317993721579
0.0323345712646
0.0326168463518
0.0324408112766
0.0311582281219
0.0295647976583
0.0269684313189
0.0235141775
0.0226683816723
0.0229375276372
0.0239358476385
0.0256102444558
0.0276160435798
0.0288445150472
0.0286067791858
0.0281964972569
0.0284914307722
0.0288691216758
0.0301234494329
0.0320932775454
0.0331087842145
0.0321298582234
0.0296698603426
0.0249431325104
0.0246795894717
0.0279165040869
0.0289128429916
0.0284428341065
0.0235277645393
0.0260781585967
0.0298246129831
0.0304660148846
0.0296866087527
0.028023802371
0.0273479354401
0.0283245479757
0.0285422316885
0.0268802176157
0.0252312372484
0.0246453063644
0.0238438211609
0.0223112326838
0.0236796587485
0.0261057169049
0.026546140009
0.025498398949
0.0234540437467
0.0235745344272
0.0264351288197
0.0273026407144
0.0280564273742
0.0295171280967
0.0324635552498
0.0354297335157
0.037852361748
0.0396361336088
0.0409767425407
0.0414880562129
0.0406796439042
0.0395878599586
0.0394560803683
0.0395577269764
0.0394576163967
0.0393998374975
0.0393671034749
0.0392623457113
0.0386279428511
0.0377217735045
0.0360054509748
0.0332417136656
0.0302850226778
0.031024060607
0.0332854436848
0.0342653291514
0.0342589441173
0.0344915353845
0.0341412627608
0.0332499654585
0.0319864332118
0.0314512868364
0.0325023219025
0.0336341581266
0.0339360009257
0.0334423427501
0.0327706674462
0.0318751048325
0.0293092397535
0.0230830125649
0.0263596818795
0.0232230222738
0.0277287298285
0.0321233818889
0.0348504422367
0.036109284396
0.0364335715977
0.0358263085047
0.0358250435496
0.0372233732804
0.0394612597872
0.0412948254684
0.0424291314741
0.0428247599815
0.0418182340549
0.0391957288885
0.0370087471932
0.0346974709456
0.0300623319967
0.0272220014292
0.0301481845682
0.0326291187847
0.0338044224199
0.0342703385658
0.0332994549818
0.0306691818339
0.0279680220152
0.0271174906807
0.026788670383
0.0239014523088
0.0300688217751
0.0315274765379
0.0328204179303
0.0349931368335
0.0377750705152
0.0403432700701
0.042134814251
0.0424348139324
0.0422148546028
0.0417719924593
0.0398752311063
0.0386658624555
0.0390452223485
0.0398558290394
0.0407543091202
0.0408321999104
0.0400664580046
0.0389987199879
0.0383445199515
0.0377368071856
0.0382925647517
0.0400851860055
0.0422893839569
0.0437991715582
0.0437931759566
0.0420376303346
0.039266832428
0.0363416146141
0.0357993782237
0.0358139536118
0.0343681121611
0.0330361157446
0.0336747150143
0.0347648352845
0.0335598489126
0.0300670930275
0.0252869311994
0.025295562711
0.0246871406769
0.0268917773222
0.0317900391983
0.0363556526769
0.0392845612978
0.0398672821573
0.038904810211
0.0388593714856
0.04021680943
0.0418706611236
0.0435634098291
0.0454782881985
0.0471533424358
0.0470782299746
0.0458015653523
0.0454499189973
0.0458829515731
0.0461936490022
0.0469455575447
0.0475731202771
0.0466427379396
0.0446372116631
0.0416769540795
0.0381504985783
0.0361562869968
0.0365622124961
0.0380905523615
0.0396549377919
0.040860550639
0.0406139297438
0.0392231535319
0.0370682199238
0.0341778313344
0.0312616552496
0.0297523968936
0.0286088572913
0.0253880207896
0.0264274704743
0.0296406272989
0.0313108777546
0.0308630782998
0.0322555734677
0.033555258941
0.0342887196476
0.0356935311263
0.0385878262732
0.040881784345
0.0410332868589
0.0395526403903
0.0389621875372
0.0392374114799
0.0399902191428
0.0411026901448
0.0428409286244
0.0445917035661
0.0457420237274
0.046421651055
0.04662486166
0.0455764789766
0.0440561795773
0.0425773573068
0.041391122208
0.0411573288249
0.0425870163077
0.0446820332812
0.0466486358833
0.0483551376532
0.0496201594581
0.0500539550911
0.0497313705254
0.0495160807392
0.04966478228
0.0500789254111
0.0507059308824
0.0519767688496
0.0538010623541
0.0557026357893
0.0576127290555
0.0594266830754
0.0604393483042
0.0606942067966
0.060798882273
0.0611225769145
0.0615721242008
0.0623124533773
0.0635400605452
0.0648244510183
0.0657751635459
0.065873957336
0.0651130316094
0.0641025494858
0.0632599520226
0.0627037313286
0.0620598330509
0.0611275034052
0.0605987019427
0.0618178378522
0.0627200889179
0.0631505543072
0.063130845441
0.0631250220026
0.0632552735727
0.0635841296025
0.0642138459481
0.0647442142876
0.0652953934008
0.0661664912151
0.0667089106078
0.067051950874
0.06742315654
0.0680092633751
0.0686153596449
0.0689010385069
0.0686744395452
0.0682527619795
0.0678803741243
0.0676141472642
0.0678208615865
0.0684741663182
0.0694598736642
0.0702905209998
0.0707267156324
0.0710229986511
0.0712194272237
0.0711549950483
0.0709784862776
0.0711115707314
0.0714515401679
0.0719511431779
0.0725914743464
0.073200122058
0.0737169527766
0.0743342821355
0.0750321830163
0.0756476701188
0.0760152631976
0.0762003994281
0.0763865368866
0.0765311685849
0.0766225418605
0.0769082167295
0.0775498240279
0.0781519060649
0.0783129840869
0.078329196038
0.0787688264038
0.079474798746
0.0798853939669
0.0797307339199
0.0790182947839
0.0781832316822
0.0776608566325
0.0776293711992
0.0780283087533
0.0786920223357
0.0793050765922
0.079694643458
0.0797284790657
0.0794452621144
0.0791253281932
0.0790444134916
0.0792774901422
0.0798187805225
0.0804947987893
0.0806904819506
0.0800920277566
0.0792003267722
0.0785902087203
0.0782373361388
0.0779851696311
0.077661102235
0.0775711738783
0.0778557841262
0.0780751107227
0.0779688133267
0.0777234577072
0.0777498956749
0.0775959859283
0.0770445329648
0.0764661070781
0.0763484951921
0.0764268573872
0.0766216387324
0.0770715595865
0.0780003767107
0.0793924782952
0.0804792452366
0.0808766825196
0.0808856282553
0.080811766642
0.0805054496964
0.0800757574277
0.0798087180014
0.0796806175131
0.0796724825379
0.0797530226254
0.0800539913093
0.080744773876
0.0816226310976
0.0824554503354
0.0827870443012
0.0826221212021
0.0822801552431
0.0825134207197
0.0831754743056
0.0837631493124
0.0841140329469
0.0843194912016
0.0845006740432
0.0847140873413
0.0849570418008
0.0849587351472
0.0849397694548
0.085202858078
0.0858002115867
0.0865765189186
0.087358869548
0.088096971536
0.0886871125577
0.0890093669722
0.0892631167127
0.0894024427853
0.0894594892583
0.0893658086762
0.0891219725267
0.0889207077143
0.0889830095664
0.0892310713284
0.0891932240768
0.0888821745176
0.0886251184278
0.0885277663321
0.0886423777545
0.0889311733358
0.0890667796935
0.0890915142281
0.0891105138386
0.0890724184058
0.0889287224731
0.0887079953517
0.0885666179162
0.0887389353386
0.0891378745968
0.0897107125239
0.090224865561
0.090631600677
0.0911109923175
0.0917848185771
0.092489733377
0.0932630830342
0.0940367260637
0.0947048606855
0.095228890927
0.0954356239945
0.0955973811511
0.0958611484613
0.0957634864982
0.0956138220214
0.0961361023272
0.0967402729945
0.0971590312857
0.0974596894988
0.0979627370481
0.0983717658316
0.0986632583865
0.0989748239354
0.0993626418698
0.0998335482
0.0996991028483
0.0994571160916
0.0994187921694
0.09973099518
0.100384753897
0.10063666459
0.10085127672
0.101235941381
0.101607526318
0.101978439311
0.102544204506
0.10319869132
0.1041362221
0.104566683295
0.104238505122
0.104076058493
0.10408941806
0.104295286234
0.104314415487
0.104215193614
0.104437602123
0.104785132616
0.105156066127
0.105693407408
0.106493720202
0.106654881945
0.106136507681
0.105850718164
0.105697069766
0.10579910669
0.105858438754
0.105758896979
0.105807805013
0.105987879816
0.106381975649
0.106683150042
0.106851457163
0.107206168336
0.107494044613
0.107552299454
0.107624058502
0.107744645459
0.107681412182
0.107460315243
0.107475722999
0.107536315557
0.107460098103
0.107327287723
0.107161566534
0.106953647446
0.106727952807
0.10685200544
0.107497247874
0.108166370287
0.108830742118
0.108918791288
0.108676218442
0.108452831612
0.108271011899
0.108200089488
0.108224311377
0.108251467434
0.108239843146
0.108003893398
0.10760831036
0.107399497175
0.107297583471
0.107449484906
0.10754438072
0.107025072019
0.106607804819
0.106365531455
0.105707972203
0.105080045715
0.10501650025
0.10485342776
0.104529935408
0.104032001217
0.103385984301
0.102537423131
0.101960608922
0.101907491359
0.101664957292
0.101166367628
0.100612148887
0.100150459086
0.100303278504
0.100094648675
0.099358642868
0.0985032408107
0.097913432636
0.0979774789008
0.0981895783795
0.0984090789709
0.0977235164177
0.0969236640025
0.0961432608404
0.0956386063755
0.0950988490885
0.0949560292054
0.0947726362041
0.0945959232582
0.0946780495633
0.0943298063323
0.093574537936
0.0930084147314
0.0925997548313
0.0922572386139
0.0917077415956
0.0914777168157
0.0915571672869
0.0914830866576
0.091316523473
0.0909891740628
0.0902638935498
0.0895513145515
0.0891189226456
0.0892737787627
0.0895656298439
0.0897875972246
0.0896970637792
0.0896692064752
0.0896775327987
0.0897629354031
0.0900686375782
0.0901859944136
0.0899754808542
0.0895142907334
0.0891244136831
0.0888368248894
0.0887876500922
0.0890219501533
0.0893935202363
0.0894200000646
0.0894191910752
0.0895430940929
0.0897163390817
0.0897577889857
0.0896999147518
0.0898108116992
0.0902286676282
0.0905712167511
0.0903902802623
0.0903224668345
0.0906785554885
0.091101156288
0.0914301168961
0.0919646325052
0.0922643847076
0.0919287893018
0.0914797879754
0.0911225551721
0.0910691043247
0.0913113565376
0.0911585338275
0.0904924366133
0.0894624038319
0.0883303309994
0.0872857004159
0.0869457922371
0.0865780953043
0.0856238984428
0.0850035314462
0.0852669761877
0.0852558634527
0.0842339713992
0.0829986935737
0.0822025589009
0.0816368276197
0.0814417089503
0.0824298829687
0.0827642624293
0.0826439506599
0.0817975554626
0.0814025310658
0.0800544208071
0.0789377189696
0.077772189614
0.0756432706772
0.0736517248639
0.0720421871419
0.0710443042957
0.0702773303774
0.0698195104716
0.0689111181945
0.0688321258625
0.06872048699
0.0680940619279
0.0680628732493
0.0681475427571
0.0679710428683
0.0670649128342
0.0656672316487
0.0640036784179
0.0622839479531
0.0610628443611
0.0605343556255
0.0597596601616
0.0592066113999
0.0588670020871
0.0588354259577
0.0586230548503
0.0582853920685
0.0573069934079
0.0560391030444
0.054799270667
0.053339778357
0.0521878802388
0.0507674869354
0.0495927556381
0.0502463346271
0.051130741448
0.0509861375451
0.0507995718799
0.0517393961652
0.0521204085767
0.0516940141334
0.0506930171175
0.0488016362176
0.0474139631498
0.0469574904994
0.0478282670538
0.0475812033564
0.0427706581456
0.0429458982618
0.0446757406606
0.0453733358593
0.0455166851721
0.0441585960961
0.0418685118938
0.0408687264254
0.0417209243537
0.0432817735949
0.0421498162014
0.0428783825562
0.0437270086011
0.0439041827545
0.0424440617268
0.041126965033
0.0420529149602
0.0412697907516
0.0412787274471
0.042498788026
0.0442941081578
0.044213550986
0.0446546740406
0.0447294613829
0.0432143091974
0.0411552855949
0.0411167202016
0.0424895848821
0.0440504238333
0.0457318440398
0.0452975991741
0.0446141298905
0.0447592072799
0.0431216898407
0.0416318575817
0.0419043899461
0.0450216299178
0.040638507786
0.0436777725043
0.0422201867154
0.0416573555447
0.0433721517036
0.0448925536988
0.0448741178801
0.0431762365619
0.040701734282
0.0410367744022
0.0430376911724
0.0424857097503
0.0429220950685
0.0429487674921
0.0428680268053
0.0453500955805
0.0472698574947
0.0506388423818
0.0520717347934
0.0522277877783
0.051338490361
0.04979300158
0.0464111630714
0.0421257920228
0.043624054321
0.045067351027
0.0432527529874
0.0411598734004
0.0430157308988
0.0457950767099
0.0464140287635
0.0459837666175
0.0466955002918
0.0486783407868
0.0494657302841
0.0474201648169
0.0430099986676
0.0469878099834
0.0484740477934
0.0503858478698
0.0514804619623
0.0509907637277
0.0496418082102
0.0467135725013
0.0431907091312
0.0426536917573
0.0420052673482
0.0440562221819
0.0443393836695
0.0432261928257
0.0475338094866
0.0492379870643
0.0502106920877
0.0505387570319
0.050038056164
0.0496980145264
0.0498539704667
0.0501493794627
0.0499755605933
0.0466556549257
0.0437413170455
0.0462439865778
0.0445554184973
0.0490219223648
0.049154554948
0.0482864330824
0.0469899147886
0.0440961880295
0.0491146409195
0.0501612995902
0.0474666884507
0.0475657051326
0.0503538213675
0.0521057565048
0.0526321929389
0.0526669674914
0.0528308364633
0.052271012733
0.051738422649
0.052067593269
0.0510927686924
0.0506612122589
0.0523539950351
0.0530214432239
0.0538391399472
0.0542370190599
0.0535986709061
0.0527101649236
0.0513276553772
0.0490906074533
0.045390368545
0.0502238639786
0.0525339066616
0.054131431214
0.0530157560773
0.0500757001189
0.0460054951724
0.0482117553131
0.0510864128143
0.0522571205008
0.0515974427947
0.0503609656746
0.0504475789433
0.0517468132267
0.0535771484894
0.0559644642811
0.0578622223171
0.0585643724485
0.0585147392111
0.0584032278139
0.0582368573251
0.056753889277
0.0535844352261
0.0494277971188
0.0462392838134
0.0487737687899
0.0513828418654
0.0517076097785
0.0514259347322
0.0509657822045
0.0510061048725
0.051438596432
0.0523243845016
0.0534633127505
0.052415618296
0.0464156218135
0.0529020670423
0.054871136976
0.0561766119735
0.0572087361696
0.0577607032965
0.0583139085601
0.0590982230626
0.05925609353
0.0590708196244
0.0584217163753
0.0571806729202
0.0558701738491
0.0547926057533
0.0536667761003
0.0528787792295
0.0512329034825
0.0481467785718
0.0476536687613
0.0509640583233
0.0528176895647
0.0535834284141
0.0538329639194
0.053900585887
0.0528932512155
0.0507606948792
0.048379155444
0.0467312627636
0.0500064613181
0.0515684907118
0.0530856187394
0.0532243266907
0.0534961371167
0.0549372388968
0.0567409475012
0.0574204207165
0.0575883067166
0.0563755467878
0.0554818743105
0.0545597366841
0.0546140487691
0.054049330646
0.0541615692268
0.0535909875874
0.0514930714556
0.0497771208318
0.0505501590032
0.0515263215152
0.0500305681317
0.046414417832
0.0475065762001
0.047635263136
0.0517834651773
0.0538013877828
0.0541103692834
0.0537247120853
0.0532679032056
0.0502864206525
0.0525985090676
0.0554646466677
0.0549132084026
0.054447767814
0.0536222968443
0.0526013254023
0.0559143972146
0.0579198179198
0.0585381035172
0.0582161733639
0.0578814753431
0.0590356315627
0.0599632412756
0.0596915646923
0.0580090718485
0.0552751355982
0.0526870590959
0.0481626552387
0.0530128455865
0.0551476871465
0.0554911702048
0.0551264695606
0.0531455340725
0.0492791058981
0.0529967395031
0.0563839951446
0.0583403321497
0.0582157816655
0.0552569858833
0.0510505448664
0.0511980060814
0.0519064495677
0.0517105060964
0.0514580232362
0.0525129639311
0.0541710985038
0.0562817362798
0.0589785197809
0.0610149353725
0.062550678139
0.0628768241407
0.0628292919377
0.0611758784132
0.0587895745853
0.0559331068158
0.0510400804023
0.0512959195353
0.0571817554342
0.0615686835314
0.0635054102951
0.0633728082242
0.0635229712978
0.0648000468463
0.0648399255404
0.0647381494211
0.0651077957709
0.0649780165848
0.0650706356421
0.0650357108101
0.0648404809582
0.064400470668
0.0648563933741
0.0657988119745
0.0654973259375
0.0645133868332
0.0635561801618
0.0629462655421
0.0629184839328
0.0622939110128
0.0606057782997
0.0617118173535
0.0635127811981
0.0655296349825
0.066566151937
0.0673358930026
0.0679109213447
0.0673943655561
0.0666975247394
0.0669001172871
0.067499777672
0.0677963080153
0.067721998472
0.0677751708029
0.0682608332086
0.0679047724794
0.0673026496384
0.0659387145124
0.0640148565386
0.060868128175
0.0583667506964
0.0576410384574
0.0579186865383
0.058388889432
0.05962814289
0.0613780114411
0.0619627768821
0.0627456567959
0.0623667666733
0.0629315696351
0.0641629943023
0.0653058894014
0.0667265029853
0.0682067764534
0.0692762899191
0.0702139776075
0.0715030675791
0.072353262693
0.0719447846731
0.0706684070582
0.0692179626099
0.0678518769485
0.0657887541876
0.0628075802811
0.0597861129694
0.0565793879362
0.05213924917
0.052493343796
0.0523122293791
0.0528214221716
0.055873537777
0.057993004503
0.0603168482475
0.0617125788347
0.0630351774734
0.0641740499862
0.0651225111564
0.0655586752074
0.0664545789151
0.0674866184279
0.0685786019029
0.069471448623
0.0701041107767
0.0708117633715
0.0712828522535
0.0710917118415
0.0703858860695
0.0692716065292
0.0682086022232
0.0672217801337
0.0659318285255
0.064301219839
0.0633588964078
0.06369053732
0.0638798243405
0.063129839011
0.0630558069907
0.0625684199128
0.0625472127033
0.0634291304473
0.0639859672881
0.063313462162
0.0634219873027
0.0641333527475
0.0640147598033
0.063950090579
0.0638171362879
0.0639339823507
0.0644992953647
0.0659186006836
0.0667907624551
0.0661525868762
0.0652168227202
0.0658832659013
0.0664544292132
0.0663087764937
0.0666321472896
0.0671574857091
0.0669040136371
0.0659187454641
0.0660124537059
0.0671129898049
0.0667930093413
0.0655656437757
0.0658607222437
0.0670356671725
0.0676416906372
0.0675481994635
0.0678932984897
0.0671753932815
0.0672105939513
0.066731374633
0.0658770194256
0.0656802791287
0.0651224936468
0.0647525377109
0.0645810814298
0.0644213237491
0.0649499616984
0.0660722423679
0.066946274839
0.0676013758423
0.0684152884136
0.0691628207541
0.0694740271636
0.0692858014725
0.0683965859444
0.0670359328844
0.0657630517664
0.0649746844504
0.0651987711665
0.0671381132049
0.0683766255302
0.0684711504162
0.0680895033845
0.0681900779611
0.0690442404065
0.0696266935859
0.0691625130538
0.0679014144778
0.0661333894794
0.0639736295726
0.061380049452
0.064531151422
0.0682918885348
0.0710297283207
0.0737190338117
0.0771430052737
0.07862096009
0.0781451943905
0.0771993020649
0.0759080792937
0.0741917177214
0.0724491578639
0.0702369864727
0.0689580809911
0.0682341410897
0.0689788350421
0.0705268912691
0.0715141123039
0.0724701653895
0.0736276478622
0.0746580321602
0.0753827130039
0.0758127050646
0.0757548254557
0.0761159309415
0.0759921332764
0.0760589078569
0.0764942453779
0.0771349440472
0.0780540711125
0.0790929516999
0.078678175766
0.0783573713712
0.0777843575537
0.0767554534487
0.0755774039485
0.0750708647433
0.0749078607325
0.0740601268542
0.0732379349598
0.0733912136749
0.0735621626942
0.074184548941
0.0746536951047
0.0755127773478
0.0758838489099
0.0764048647813
0.0764353967246
0.0761696451031
0.0758978109116
0.0759215830226
0.0764259031589
0.0768214748563
0.0763701969349
0.0770062477614
0.0790076128056
0.079950005986
0.0792372886232
0.0775472133772
0.075999164838
0.0750222652307
0.0742384384767
0.073861906285
0.0734181586527
0.0726898872435
0.0721039008356
0.0723311128791
0.0731141890981
0.0737153780796
0.0741173128622
0.0738639784696
0.07406916763
0.0754858596015
0.0762795013067
0.0764175454709
0.0765667691317
0.0763549970564
0.0769080292826
0.0775802970695
0.0776872543182
0.0784122592913
0.078844600139
0.0791907588407
0.0791162138805
0.0785756397083
0.0776731802565
0.0769382586255
0.0765502901361
0.0766147217419
0.0767047450795
0.0763507102436
0.0753155705724
0.0735719282922
0.0718260470439
0.0714506901913
0.072010707074
0.0728508622717
0.0730656745817
0.072858869517
0.0726563987971
0.0730141294062
0.073486127099
0.073976130303
0.0740762612598
0.0736139633203
0.0732544539297
0.0723542406676
0.0729009364056
0.0730424031391
0.0734191853794
0.0744171332942
0.0753479028051
0.0759468216261
0.076392410019
0.0770981671586
0.0777844164074
0.0777876891015
0.0773768983192
0.0771177834972
0.0765999910289
0.0768740084458
0.0782327644183
0.0788143780123
0.0783402089841
0.0772288277093
0.0769622818143
0.0764211739393
0.0750211787077
0.073647577334
0.0720600123685
0.0712178034773
0.0722990399697
0.0734467367138
0.074724419809
0.0751249537164
0.0749174165018
0.0744434983974
0.0745209812338
0.0742146838857
0.0740070322342
0.0736913706355
0.0750967060973
0.076034243713
0.0755078306911
0.075473515806
0.0767258931663
0.0787054042679
0.0796301726467
0.0792598699152
0.0788579249226
0.0788132857081
0.0780857927705
0.0769634464617
0.0751692883378
0.0730253969723
0.0708948552175
0.0702892564218
0.0713371211932
0.072714921272
0.0745078961137
0.077107788424
0.0788423024788
0.0792177330237
0.0781971679663
0.0778387016973
0.0775128710112
0.0771633411771
0.0767465491679
0.0772731581358
0.0782626896957
0.0773493227432
0.0769554484995
0.0768591342492
0.0752756599649
0.0735797246695
0.0730030994469
0.0737295929584
0.0731889358934
0.0725922259642
0.0721320244418
0.0729449447687
0.0747268915688
0.0779935240326
0.0810546355012
0.081866246793
0.0818521231465
0.0820742442582
0.0816450948376
0.080258672221
0.0786230783352
0.0767252628385
0.0750270531483
0.0738987820615
0.0723944960259
0.0704852388991
0.0687449690654
0.0678292345641
0.0679820699395
0.0690400863565
0.0702934480991
0.0705904028136
0.0707206771921
0.0724466412011
0.0740912543354
0.0747250268967
0.0749900943679
0.0761162084741
0.0781355539948
0.0798366511839
0.0807966667032
0.0814989796175
0.0820706595853
0.0820338042546
0.0807055752782
0.0783982923595
0.0767911843994
0.0754857116161
0.0732386632041
0.0711470727798
0.0705363904623
0.0706973756562
0.0709355424987
0.0723297440463
0.07565756782
0.077693466519
0.0792932922507
0.080265908418
0.0789762269275
0.0783768424211
0.078621582755
0.0781046563546
0.0770092603496
0.0768150790354
0.0776348698587
0.0777807783677
0.0776276688153
0.0769927623408
0.0748958951609
0.0730185634057
0.0728796270536
0.0743450959753
0.0757303948009
0.075619985745
0.0743535180059
0.0729790803855
0.0725042607571
0.0723051660302
0.0698298946698
0.069574589149
0.073643608102
0.0767800276157
0.0787562353345
0.0801538605902
0.080901410255
0.0810703555339
0.0811256089116
0.0807697785561
0.0809177648535
0.0795891659733
0.0774233623004
0.0764065978925
0.0762920857837
0.0758195280316
0.0764657607007
0.0778607218338
0.0781440632591
0.0768694589164
0.074202665989
0.0742356673807
0.0763693131274
0.077007463805
0.0764199993735
0.0767940119572
0.0786636536955
0.0799006975078
0.0806422358852
0.0811328337422
0.0808200298379
0.080031115963
0.081030056545
0.08200140936
0.0799216729078
0.0796804401121
0.0805131364121
0.0807220715961
0.0796524742721
0.0785791489884
0.0788565164154
0.0785284698296
0.0778475327027
0.0799624850313
0.081158812299
0.07900080772
0.0750941710719
0.0708742229248
0.0702562334444
0.073107570619
0.0743120453471
0.0750846539181
0.0791981773452
0.082759784469
0.0848741443579
0.0857893137446
0.085778191448
0.0851911336599
0.0838654275785
0.0835231592309
0.0825310046142
0.0807928740088
0.0791928792605
0.0780568836281
0.0782357018784
0.0791972501389
0.0800533734285
0.0796405155492
0.0800028614846
0.0808627810151
0.0808341678806
0.0789702846276
0.0751733978545
0.072574646079
0.0736333967377
0.0750159694061
0.0751884176879
0.0762185005921
0.0777415769922
0.0801448402056
0.0825640879515
0.0843037968412
0.0855983877779
0.0864073136429
0.086437573364
0.0856088648262
0.0842538428622
0.0820261192698
0.0793874124812
0.0777824986005
0.0793623742542
0.0811806719655
0.0832210485981
0.0841362297555
0.0840750435196
0.0836880939722
0.0832195466591
0.0829995791199
0.0842146299647
0.0860757073209
0.0880261568585
0.0894352941307
0.0893235473848
0.0885566760448
0.0885496280522
0.0884243477885
0.0879732231997
0.0873534921618
0.0865316328605
0.0850665999815
0.083429372273
0.0823025806186
0.0817190312155
0.0814843577656
0.0820566805146
0.0830758064169
0.0850941562867
0.0874566501126
0.089446740275
0.090581826467
0.0915131900666
0.0927054577537
0.0935665618408
0.0944635259637
0.0956014070971
0.0966705615539
0.0971539317286
0.0972047100563
0.0970050285622
0.0963473180151
0.0957045550742
0.0952979330552
0.0942722160984
0.0937381923824
0.0931905045127
0.0927172439555
0.0922768021248
0.0910318849138
0.0895927664703
0.0893273382016
0.0899985176581
0.0903323398029
0.0907811007971
0.0920795842477
0.0939399514048
0.0949601479435
0.0951102571051
0.0954238895613
0.0960054631537
0.0964628685745
0.0964677291224
0.0968373196338
0.0973472217425
0.0969383789627
0.09700820937
0.0968325464265
0.0970594704477
0.0973492632006
0.0973519316007
0.0968487855677
0.0961179492368
0.0960490323877
0.0963478962143
0.0971651097782
0.0980120928208
0.0990060494494
0.0999293897178
0.0999157796502
0.0991089558358
0.0988177656391
0.0993168454489
0.0990637836436
0.09856267978
0.0991240968621
0.0996413785912
0.0990212163175
0.0978642858734
0.0972651452218
0.0973564284332
0.0975760023796
0.0980378786001
0.0983328574482
0.0987344899263
0.0993216043699
0.0996269536269
0.0999502293708
0.0999510057231
0.0985023229081
0.0978866494437
0.0983239829172
0.0983176652384
0.0980349501107
0.0979949731865
0.0972757696849
0.0959630725844
0.0952598665151
0.0947596149404
0.0943256689965
0.0947790314586
0.0941039232807
0.0948469935059
0.0941627500167
0.0926992894391
0.0925297019336
0.0924719169017
0.0911328577084
0.0908605440083
0.0912869009987
0.0905888803849
0.0894527484551
0.0895027594363
0.0905775506056
0.0909351548296
0.0905324887998
0.0909281993559
0.0921128272405
0.092803684228
0.0929214887366
0.0920458431799
0.0902931406976
0.0878151795487
0.0863984021167
0.0838825659153
0.0823368408544
0.0837831568496
0.083552504796
0.0833226060954
0.0826477400937
0.0824409177438
0.0843422651801
0.0849911805553
0.0853326666892
0.086359014959
0.0868749588259
0.0874919428058
0.0876859445575
0.0870990154425
0.0841923427738
0.0825072279173
0.0831512700526
0.0822914877787
0.0768361754578
0.0779247776738
0.0775784812799
0.0771689022609
0.0774978904516
0.0770624923999
0.0755509915806
0.0805007139442
0.082221797714
0.0849180446304
0.0862601594366
0.0869562701137
0.0887335179568
0.0907305534043
0.0903799356
0.090023553401
0.089589559115
0.0892511481081
0.0895033093876
0.0892812693647
0.0913053970575
0.0945694287981
0.0944644706964
0.094676962864
0.0948831470757
0.0941324537117
0.0935316177014
0.0939835341343
0.0944038547429
0.0944127821558
0.0939059249443
0.0952206732439
0.0969859268149
0.0978593622533
0.098247394524
0.0976961668406
0.0976789220865
0.0985270591651
0.0991725958155
0.098990797319
0.0976820198057
0.0968097455576
0.0959853590882
0.0961571541733
0.0969699659634
0.0974867306048
0.0977897735455
0.0982022442303
0.0987454833803
0.0985370134497
0.0984705151185
0.0980275713281
0.0974810317741
0.0973421636724
0.0976894160027
0.0981612765154
0.0973496306241
0.0972081679798
0.0973263197957
0.0975443320131
0.0975455800885
0.0980675889962
0.0977559842208
0.098276300819
0.0990143523064
0.0998212098024
0.100706139617
0.101466795736
0.101849329137
0.101309477694
0.101187231181
0.101503070303
0.101601997359
0.101902240523
0.101690516322
0.101981160398
0.103083064076
0.103973276071
0.104670699333
0.104863800935
0.104686277323
0.104507511021
0.103619954096
0.103568410486
0.104404150558
0.105100044152
0.105501058514
0.105939211315
0.106609981904
0.107174480714
0.107445681622
0.107831700468
0.108289863813
0.108133877283
0.107603378949
0.106963133292
0.106311086258
0.105934007238
0.10571813106
0.105206823411
0.104676999808
0.104880564864
0.105167868894
0.105318850912
0.104905375071
0.104844276559
0.106285341409
0.107581466844
0.107703994147
0.107499141107
0.106971309941
0.105342418457
0.103561281655
0.10243600995
0.100845045942
0.100061346325
0.100367383134
0.10201615367
0.10317696016
0.104186684562
0.104506165926
0.104819109489
0.105973154069
0.10617417723
0.106160661855
0.105997493007
0.105030227571
0.1036503593
0.102533210293
0.10146191034
0.1002830569
0.098682556014
0.0967536256774
0.0944396031509
0.0939281054777
0.0962926350775
0.0967291519065
0.0962792492403
0.0968265036421
0.0991412803394
0.101059953619
0.102186173933
0.102589960093
0.102311309977
0.101841450569
0.10154717104
0.100537491441
0.0996158303361
0.0988815879645
0.0979137847843
0.0972175635702
0.0973530568885
0.0977624093435
0.0982721826219
0.0975806883447
0.0963097452394
0.095888690235
0.0967477913821
0.0978220355505
0.0980688196839
0.0984693046018
0.0988576679931
0.099543721706
0.100064803344
0.100999279425
0.101767758707
0.101605462995
0.100318706277
0.100116823784
0.101434284884
0.101201555378
0.101099065091
0.101663156076
0.102158767702
0.101279437345
0.0993314121282
0.0975652538004
0.0972424101739
0.0980791175304
0.100090411674
0.100619965788
0.0996423258885
0.099021334657
0.0998869114209
0.101805838885
0.103885596746
0.105098288412
0.105546820141
0.10518609584
0.104468373872
0.10509358928
0.105690472106
0.105716488771
0.103979923607
0.102837332985
0.102601678437
0.101970383261
0.10068615564
0.0987160652444
0.0973526086006
0.0967102770482
0.0957052201526
0.0958588115522
0.0968616169896
0.0979606887431
0.0993420965587
0.100905516831
0.103078147679
0.105265809159
0.106095321356
0.105688511751
0.104973853957
0.104687678215
0.105615305303
0.105744734287
0.106117878658
0.105542253505
0.104964925959
0.102192921334
0.0993328372141
0.097251346278
0.0971008113216
0.100712121141
0.10338113696
0.104510108196
0.105471605464
0.106912418063
0.107768839249
0.107563777929
0.105775981624
0.105018363705
0.104648125716
0.105747172291
0.108498024249
0.111405848094
0.113067712138
0.112917206496
0.113256214952
0.113395402632
0.113833916071
0.114869186117
0.115741732952
0.11632419577
0.116460417346
0.116011861577
0.115339931059
0.115154028548
0.115035033558
0.114605215968
0.114946708007
0.11603558477
0.117141703035
0.118237034777
0.119060181381
0.120279883682
0.120963454119
0.120834817999
0.120294094706
0.119209626886
0.119420358956
0.118931094692
0.118635862866
0.118034343049
0.117634156549
0.118082186576
0.119102020563
0.119038636481
0.119504885862
0.11995526261
0.120691368278
0.121372766389
0.121222887943
0.120440794609
0.12013679158
0.119943039877
0.119344880565
0.11865395859
0.11797400917
0.117342321963
0.117113616627
0.1164692898
0.115529662887
0.115880694226
0.116550746586
0.117029548608
0.117700334547
0.118147470032
0.117203932237
0.116160570672
0.116532254701
0.117200891262
0.117963349493
0.118369779141
0.11782263619
0.117137412985
0.117068625375
0.116926810921
0.116089613299
0.114965417548
0.114283442632
0.114276060774
0.114588439444
0.11477106107
0.114768840096
0.114284232629
0.113686013943
0.113446171953
0.112745413084
0.11203369666
0.112690890008
0.113150338202
0.112374314056
0.110911562073
0.109900577942
0.109946584164
0.110655483298
0.111224944067
0.111580184655
0.11223747449
0.113381602282
0.114230835468
0.113934785197
0.114016909759
0.114792229122
0.114907104798
0.11449797228
0.113700950521
0.113078978402
0.112555575199
0.11121340178
0.109923572003
0.110109125453
0.111086647502
0.112465436608
0.113957589987
0.115039256005
0.116159762659
0.117014993478
0.117289712757
0.117527250206
0.117923730458
0.118221737743
0.117991739067
0.117802737876
0.117678723477
0.117946185637
0.119176616093
0.120072419069
0.120279762236
0.120568550895
0.120424915936
0.119687755418
0.118718292814
0.117886699893
0.117513165716
0.117748820963
0.1187475339
0.119917985639
0.119580832355
0.120083036177
0.120458962959
0.121030830152
0.121874150582
0.122437974422
0.122763709162
0.12292112681
0.123251223046
0.124041576419
0.124741321463
0.124760764961
0.124422347415
0.124384911581
0.123913759682
0.123302064269
0.122680625752
0.122668540213
0.123160354085
0.123674178909
0.123699782699
0.123687015848
0.12397100259
0.1238982512
0.123771886475
0.123902031651
0.123188045621
0.121872432505
0.121445479466
0.122134689714
0.123710982601
0.12484882972
0.126280239699
0.127464425779
0.128266242364
0.1287105719
0.12843126168
0.126625780283
0.124955421729
0.12405491968
0.123728507949
0.123181445712
0.122505891624
0.122021619486
0.122521113434
0.123646233681
0.124397642657
0.123796226941
0.123202754011
0.123848335849
0.124544547442
0.126624130588
0.126940464394
0.126945510107
0.126068422755
0.123537412017
0.121262450553
0.11999341604
0.11903718733
0.119025741593
0.120407666599
0.121799059297
0.123599196952
0.123420684256
0.122808585229
0.121473250076
0.118755103788
0.116093360302
0.115635022139
0.116592831685
0.118214600553
0.116798650433
0.116153047234
0.115226854868
0.115647675165
0.115804539265
0.115358658253
0.116164748857
0.115473257025
0.114905782639
0.11302432646
0.111724013253
0.111929060303
0.111817286224
0.111193545552
0.111360176585
0.113261172972
0.112582664207
0.110579057596
0.109672510382
0.109198449876
0.108291853865
0.109404622854
0.10923101944
0.108339974794
0.110439159763
0.114433553239
0.113624557582
0.111926611015
0.110269370881
0.108996066788
0.109818792598
0.111641161053
0.112096178969
0.111111588701
0.110179292614
0.110490120528
0.109197715463
0.107139834856
0.106334199739
0.106936688147
0.107736543435
0.107924056547
0.107836377248
0.106419153039
0.107202847293
0.108351354186
0.108206605562
0.111124328651
0.112399360481
0.112888815221
0.113974354638
0.115421709718
0.118220230691
0.121153912373
0.12031785755
0.117400305082
0.115729876412
0.114938941566
0.112983490978
0.112880709699
0.11152326117
0.108563611052
0.106165494804
0.104824123912
0.105748235315
0.110358466223
0.11328647658
0.113896886551
0.114534157149
0.115139009233
0.115815557231
0.116596345327
0.116099564059
0.116072004426
0.115091905863
0.112951615348
0.113391049071
0.116059716868
0.116565794837
0.115857465683
0.113522884158
0.11075184743
0.109287066017
0.110639608391
0.108713754661
0.10472465002
0.108645752104
0.110079421132
0.108714132864
0.107109742252
0.109964717395
0.112030516736
0.113177371301
0.11463930835
0.116229793154
0.117807179282
0.117046292378
0.115162834803
0.113505706907
0.110391549218
0.105254130316
0.105929506331
0.108012734251
0.110211319793
0.112824058858
0.113716910008
0.114363511138
0.112985418387
0.111205692227
0.108190395073
0.102687185238
0.102060908957
0.107098572706
0.112178502992
0.116327286087
0.117648459057
0.116861129304
0.116042791593
0.116151112245
0.117110028796
0.118614428723
0.119785083721
0.118994092509
0.117665286276
0.117258019999
0.115643642674
0.109863710655
0.10271912168
0.106487414849
0.108891793276
0.109882048152
0.109223856688
0.106470107943
0.111392218323
0.112479610185
0.111246681148
0.111117774143
0.113181156287
0.115036309549
0.115850321938
0.115250225662
0.114341042459
0.114479214332
0.113315568249
0.112432705347
0.114322104605
0.116486489281
0.113875894045
0.108401229401
0.105852908299
0.105301847792
0.108974254959
0.110467671565
0.11307285974
0.113280374519
0.112511931421
0.11204727716
0.10805344936
0.110060389607
0.112504936865
0.112221778624
0.109024972642
0.10901011504
0.110757019997
0.11204113505
0.108020147462
0.10977683918
0.109114497162
0.10805894658
0.108360859643
0.107686801329
0.113508441926
0.116147640556
0.116789725615
0.117943870739
0.118554252808
0.117544755098
0.114842554616
0.11165259454
0.109217926196
0.108629496579
0.112099023293
0.112737133248
0.1146218789
0.115880660761
0.115003159551
0.111011458849
0.107553073863
0.108435508014
0.107178401393
0.105842021521
0.108819515604
0.108749723641
0.111775305299
0.112899527217
0.113821462382
0.11651990185
0.118068987437
0.120079421436
0.12100767663
0.118977357521
0.118474569007
0.11678095891
0.112687800531
0.110643246317
0.11932411482
0.122752946199
0.121874519422
0.116739228978
0.109918977822
0.110104503074
0.116341093037
0.119147601394
0.120225592447
0.121028901345
0.11989687838
0.11959553513
0.119508376395
0.118587082224
0.118662232543
0.119959882495
0.120505108934
0.120246702906
0.121597503334
0.121870831394
0.121675328875
0.122590430533
0.121609226309
0.121266297375
0.122813292594
0.122391832301
0.12142123278
0.123651335926
0.124597054484
0.124878870916
0.126315669706
0.127136285538
0.12692068726
0.127292737235
0.128868377589
0.127420742674
0.127229518083
0.12789624227
0.128113702446
0.126789275338
0.126293225847
0.126031838515
0.12611663805
0.126079601637
0.124261424361
0.120618459667
0.120943200335
0.123033567406
0.125092727572
0.126440747336
0.127154520133
0.127882081182
0.128268363059
0.127430769533
0.126445477007
0.126124523643
0.124741647224
0.124327535453
0.125434553036
0.128900264555
0.130644129754
0.13002131753
0.127457654688
0.12587605438
0.126169571929
0.127667268415
0.128887873837
0.129645410227
0.128891947878
0.128618313741
0.127825146398
0.127377167498
0.12777451691
0.127718848481
0.12712684798
0.125347705972
0.124187695669
0.125729106331
0.128296307297
0.129612625492
0.129094093733
0.128928571643
0.130568886471
0.131758028711
0.131529691228
0.130373775017
0.129549156485
0.130397604195
0.12981289873
0.129253411862
0.129362321787
0.128809995576
0.130057044623
0.130920999461
0.131219328788
0.130259527465
0.130208635594
0.130541021845
0.131244410497
0.131636103618
0.132799838315
0.134089017501
0.135109058511
0.13566542801
0.136238061652
0.136878484568
0.137118740047
0.136476107807
0.136154147307
0.136368966843
0.137211166056
0.137832616368
0.137038686053
0.136369482561
0.136101358738
0.135111094046
0.133988202097
0.133685479497
0.134538663296
0.135632207531
0.137557599696
0.140343254136
0.140879266812
0.140437804296
0.139436164699
0.138369203713
0.137594240043
0.136668093275
0.135868731298
0.13727393634
0.138071673437
0.136447483646
0.13489027832
0.135851827089
0.137766347693
0.137911107915
0.136533009966
0.135188858139
0.134075576063
0.133440272026
0.1335824631
0.134373679552
0.135042670174
0.136041349768
0.137091723732
0.136779249914
0.136463370611
0.136385888895
0.137271435604
0.138662967567
0.13896431442
0.138984848819
0.138774956832
0.138685877871
0.138214207188
0.138495725995
0.138276706717
0.137014556436
0.135872380903
0.134740872521
0.133355961764
0.133618722144
0.13422124816
0.135082617024
0.135935654891
0.136956813256
0.138842466361
0.137856656905
0.136774307053
0.138365919718
0.139658765046
0.139263964175
0.13824182607
0.137443481388
0.134477444688
0.133322521889
0.134649101323
0.136295813892
0.137207330386
0.137147454805
0.1396000903
0.140158042696
0.137722304488
0.136367451878
0.136296080937
0.137289962755
0.139863328817
0.14119696353
0.142085377568
0.14311045587
0.14221818205
0.140269097179
0.139139574124
0.139993751406
0.139484232076
0.138282087542
0.13672232314
0.136333673511
0.137897286783
0.1385853965
0.138765939551
0.141015303169
0.144695480336
0.148075624467
0.15023089561
0.149318620899
0.147206365925
0.146974319625
0.148133875262
0.14871376617
0.148367359006
0.148316080283
0.14812947625
0.147725767433
0.148240168745
0.148783703934
0.150129464439
0.151418378305
0.152311845005
0.153365958283
0.154901029554
0.155185777355
0.155492671248
0.155930576915
0.156245670644
0.157221847284
0.157474698495
0.159220957267
0.159700377787
0.15862357835
0.157520685675
0.157445754901
0.157574783814
0.158598887341
0.159230793036
0.159524081553
0.160367912554
0.161000119989
0.161163346196
0.161214144915
0.161335945396
0.161825591271
0.162391463362
0.163202879194
0.163845999554
0.163797106635
0.164619951761
0.165062129556
0.16583287407
0.166627395366
0.167218276811
0.168270903817
0.169109265777
0.17012667809
0.171022453941
0.171518637346
0.171177228617
0.170849911893
0.170198689957
0.170470638583
0.170820139778
0.171526590062
0.17257721365
0.173173130811
0.173231212435
0.173868943837
0.174568297766
0.17539998615
0.176192334655
0.176267301539
0.176908422076
0.177347994767
0.177337715419
0.176999937443
0.176203499918
0.175743095115
0.175951893375
0.176869691528
0.177882919249
0.178422552369
0.178546397427
0.178957148768
0.180185674419
0.180627119741
0.180615133107
0.180551488967
0.181202268486
0.180796306232
0.179451014708
0.178943914024
0.179137713804
0.17951381523
0.180708125181
0.181118244659
0.180860279677
0.180575789486
0.180907705058
0.180210746778
0.179087568106
0.178085375773
0.177843127479
0.178229343981
0.178504435993
0.179013246937
0.180173303683
0.181434228437
0.182459358266
0.183050436521
0.182482921265
0.1821780426
0.181963857236
0.181808519779
0.181471825235
0.180535361116
0.180496093576
0.180320062609
0.180776825634
0.181761259008
0.182575652115
0.183168230812
0.183595175735
0.182994559145
0.181415550238
0.179636555253
0.178932057208
0.178937699172
0.177671483924
0.176133492704
0.176113528411
0.176405201895
0.176544930786
0.177137434194
0.179186564075
0.18046111022
0.181434776622
0.182437716249
0.183582818622
0.184605386179
0.184654057263
0.18371376352
0.182493113387
0.181450812509
0.181795562129
0.182503864498
0.182159009221
0.18127288424
0.180406692509
0.179501368241
0.178464366617
0.178360176391
0.178905125899
0.178275265099
0.17716072251
0.176621507956
0.176138327754
0.175606235201
0.175602139045
0.176298952168
0.1773592771
0.178141919015
0.178004886233
0.178235916253
0.179255100437
0.179428689116
0.179838051805
0.179658821993
0.179507387794
0.179286117876
0.180076855922
0.181041147416
0.180287953822
0.178819397655
0.178404840281
0.178899393128
0.178399828545
0.177542463426
0.177256915862
0.177726089585
0.17929722759
0.180415015751
0.180294278639
0.179393414941
0.175928785376
0.172175391459
0.169477850236
0.167553704428
0.167812218103
0.167658347282
0.167142401096
0.167480732997
0.168835029377
0.170438475369
0.171237445131
0.171388026829
0.172801376713
0.175031238613
0.175747630994
0.174551595427
0.172849535924
0.171613008993
0.171171313368
0.171468306808
0.172078743924
0.17146271461
0.171329972977
0.172114643674
0.171934574363
0.170935060739
0.170184927528
0.170928433396
0.172030980818
0.170329393714
0.167534166311
0.164862717856
0.163257813005
0.162941314211
0.162827651779
0.162811638812
0.162121990805
0.161227266542
0.16121087617
0.162898136826
0.164673252041
0.162565816715
0.159554347781
0.158412941847
0.15987698652
0.161731430543
0.163720263239
0.162448354387
0.161664583714
0.160978443413
0.158366991816
0.155143385543
0.154347730693
0.156909983461
0.16182226149
0.166700122989
0.169107452659
0.169627493873
0.169746527001
0.168727593594
0.167385072511
0.166428219861
0.165777310376
0.163414666985
0.161140854093
0.158904845452
0.156130563277
0.15444390012
0.153768193948
0.153861451701
0.151822238509
0.148407571001
0.147546715992
0.14846338878
0.149487276897
0.14833788363
0.147909626693
0.151081956772
0.154440030127
0.154269372672
0.151470260062
0.1509915653
0.153028189542
0.156399308888
0.15938384468
0.161870565904
0.166322861799
0.171347566026
0.174059966336
0.173128217222
0.17207049038
0.171672665546
0.169124807279
0.167338926644
0.166069845591
0.165949986264
0.167985783686
0.171466793089
0.173664913518
0.176375838613
0.180506280907
0.181981551551
0.18248095809
0.182349933563
0.181820860047
0.181457755422
0.18156205267
0.180388941557
0.179372804389
0.179026290593
0.178376589512
0.179044000661
0.179689179012
0.179851335312
0.182182126952
0.184202734426
0.186023613335
0.188894039443
0.190989879743
0.192946370659
0.194910928554
0.195646911612
0.195951929679
0.195452045862
0.193661168346
0.194750420425
0.196297337888
0.196074032353
0.195244816906
0.196024439302
0.19655269853
0.197769723811
0.198342236318
0.197976686349
0.199234010432
0.202427875243
0.20314526976
0.202399304387
0.202249093038
0.201912947436
0.200851770672
0.199174901202
0.197733720245
0.196277611367
0.196607135663
0.195639454914
0.194518850349
0.194164449108
0.194305329286
0.194233907506
0.195599838645
0.195862357309
0.19550978781
0.196027035585
0.19546775533
0.194852124357
0.194967142741
0.195914132329
0.196933836851
0.197544500502
0.198210119058
0.199788756811
0.202150166486
0.20353902025
0.203984885937
0.204150372724
0.204575015001
0.204859019879
0.20450931629
0.204037755236
0.203541144999
0.203179400205
0.203165385954
0.20290107591
0.201614933777
0.199992602355
0.198804938736
0.197768363827
0.198550893447
0.200178246574
0.201471708362
0.201772092824
0.201440800046
0.201702047485
0.202948412718
0.204771212167
0.206119231879
0.206844379156
0.208007648057
0.209646105058
0.210689397728
0.211512186243
0.212390663662
0.213272668944
0.213315128754
0.213238659731
0.213895036123
0.214543009835
0.215451955773
0.216945708782
0.218139761175
0.219655852936
0.221556816893
0.223045447048
0.223742753834
0.224514640422
0.225407506299
0.226204922907
0.226616129097
0.226813848718
0.227012699457
0.227156241842
0.227620282892
0.228255976756
0.228627153005
0.228744554653
0.228710736855
0.228714744531
0.229311612113
0.230594128776
0.232354368952
0.234004702417
0.235532806351
0.236933989157
0.237896410039
0.23845870938
0.239096403517
0.239738510541
0.239871670361
0.240212621265
0.241101836595
0.242416849827
0.243820982493
0.245107145874
0.245896656979
0.246602864998
0.247416588752
0.248264193824
0.249225609782
0.250221312002
0.251066389333
0.251926565367
0.252905340436
0.254007530165
0.255180305089
0.256457424567
0.257365274504
0.257792211241
0.258016840233
0.258309260663
0.259395873648
0.260619238073
0.261636233757
0.262618156221
0.263831601803
0.265143084299
0.266402612101
0.267565351291
0.268507524385
0.269204423306
0.270179324355
0.271459333248
0.272560606638
0.273287123636
0.27371972296
0.273950868208
0.274010838845
0.274190991749
0.27473356658
0.275326292948
0.276164584384
0.277134707281
0.278131800571
0.279326259551
0.280690321481
0.281978617909
0.283574871493
0.285348498633
0.28691527322
0.288373347466
0.289787195918
0.291312010048
0.292397890063
0.293261314448
0.294161238712
0.295248216065
0.296110240319
0.296537390736
0.296898434344
0.297707558459
0.29893312071
0.299816196735
0.300337325989
0.300347495709
0.300295810865
0.300271996385
0.300801836281
0.301527490961
0.301875859267
0.302121180447
0.30226074464
0.302360992078
0.302062669099
0.301715289186
0.300956505478
0.300870862632
0.301095798899
0.301271348191
0.301216409598
0.301250266749
0.300633598257
0.299789558005
0.298730389019
0.297808862939
0.29638887757
0.294849671031
0.292917386971
0.291461230203
0.289614107646
0.288031619112
0.286844849241
0.284774715982
0.2826584687
0.281396111418
0.279926783035
0.278323707378
0.276443356664
0.273659970053
0.271594674984
0.269881357399
0.26795699177
0.265511682113
0.263398826767
0.260563375176
0.258271613293
0.256157212108
0.25375178198
0.251121458293
0.248172289916
0.245993828149
0.243207455611
0.240616384944
0.238080092636
0.235426460623
0.23324008829
0.231440287674
0.229243644875
0.2275437355
0.22647135514
0.224272559438
0.221086497402
0.219088690759
0.217110787562
0.214571089504
0.212560403385
0.209603899385
0.207376281609
0.20727339039
0.206492743899
0.204782882254
0.203170568814
0.200882407003
0.199369749121
0.197649875621
0.195999616905
0.193699996469
0.192556456231
0.191930314812
0.18910563078
0.188316344983
0.189575269745
0.188677837221
0.185276108958
0.1832232572
0.181276541056
0.177934843312
0.174973860214
0.174918272354
0.174896051493
0.174686920667
0.174269806926
0.173483074989
0.172048241791
0.169983953003
0.16868779852
0.170152967405
0.17162391787
0.171169438212
0.166449611291
0.16790391419
0.171121833917
0.166707667797
0.165872278986
0.167383750281
0.173761140975
0.173052767815
0.169594095845
0.16719445735
0.162413808466
0.164979175446
0.162217785044
0.164918657348
0.165088759224
0.162016701863
0.164609568775
0.168400625321
0.166805250997
0.163097717296
0.16312754311
0.162530731878
0.163614414433
0.167532976233
0.168678503778
0.166010043982
0.165387187583
0.166300249634
0.170387277579
0.173754014089
0.171863369406
0.167275393155
0.167676995073
0.165931303546
0.170235034009
0.172003478614
0.171008589715
0.166653497468
0.169828942378
0.17320469312
0.174630441908
0.174763670207
0.173542111459
0.168395933848
0.169667432521
0.164988126288
0.171802933941
0.171738148149
0.164930088377
0.170228955594
0.172745672861
0.171372898138
0.168207936066
0.164492144154
0.165666213389
0.169980440822
0.17253491935
0.173123947696
0.167101301941
0.166828139188
0.171346792949
0.172259218995
0.174800569363
0.175058039536
0.173252564477
0.167707126071
0.167344981942
0.166461290869
0.170438766746
0.172811572674
0.176258099198
0.178761396766
0.178774437536
0.176696829916
0.172022291096
0.171386629526
0.174635841263
0.176369645257
0.174606377071
0.17366783674
0.172435506053
0.170455785463
0.172728186342
0.176468705721
0.178429803277
0.179009069539
0.177851925519
0.17427740904
0.174719641008
0.174712603362
0.170557167637
0.168506797804
0.16948425393
0.174859385761
0.180274119664
0.181162264111
0.179378464431
0.177728740037
0.173896080866
0.171186086589
0.169627242503
0.178343390823
0.180313921141
0.176903631338
0.170353148124
0.1766450502
0.17845511992
0.17269892461
0.179495263799
0.179812288202
0.180948399356
0.183337287083
0.184972836426
0.18409585067
0.182392672183
0.181495342915
0.17943296288
0.174290513924
0.177053709525
0.178923390966
0.174560148929
0.178954399865
0.182517211101
0.186323470921
0.188702373888
0.187710641679
0.186350304814
0.185830390749
0.184672578708
0.184307091451
0.183861933035
0.182964500245
0.182640271606
0.183617811477
0.184657560216
0.183985325132
0.185098162976
0.184405775847
0.18581357792
0.188316041862
0.188757514716
0.185645343806
0.183767779236
0.182154216471
0.183763943987
0.185890485844
0.186833758393
0.187200380839
0.187155373262
0.185951084385
0.186803060451
0.184764476177
0.186826929897
0.189041444967
0.190814586697
0.191170175951
0.191206657974
0.190233809387
0.188825713155
0.190813487884
0.189963108462
0.188247625807
0.189543585064
0.188435550748
0.189574477164
0.191046850943
0.190388094224
0.190693773878
0.189791700403
0.190842791058
0.19020796169
0.19123371794
0.192661335861
0.190763772448
0.189400356726
0.189931221997
0.191560546753
0.193450558223
0.193371370098
0.194182616275
0.194446296036
0.194505399292
0.194677903688
0.193969464183
0.192767033924
0.192653101654
0.192697811256
0.193457463373
0.194434166102
0.195100535487
0.194458944761
0.193492586605
0.194551753212
0.195076624657
0.194184448212
0.193696557868
0.192933546012
0.192384403883
0.192453628705
0.192095460287
0.191153060412
0.191908549107
0.19251118128
0.194729598485
0.195623552086
0.194238527655
0.191369416205
0.190971246097
0.192434875814
0.193256761628
0.192473340234
0.189479289521
0.188905406992
0.194439404228
0.196044947261
0.196175165858
0.195256475041
0.19279004446
0.192148229556
0.192777820098
0.193426400361
0.191777838947
0.192209013207
0.192532881284
0.193796367995
0.193693300314
0.190961945924
0.19317865626
0.194294547403
0.195534570762
0.194726643353
0.194621341481
0.191988006699
0.188788708251
0.191295787519
0.193922350755
0.196350997084
0.199692342268
0.200005886374
0.198023536267
0.195817138218
0.193235690971
0.194474599526
0.195727959602
0.197778489657
0.195293408509
0.194711036952
0.197205628301
0.198173753023
0.199449157151
0.199591315918
0.19847598092
0.197298934757
0.19416288672
0.191331944955
0.191191904062
0.193563868306
0.195966486034
0.198305032333
0.200265157475
0.198916635688
0.196992576878
0.198132911012
0.200741244248
0.200306891203
0.198444518836
0.197631023898
0.195433090396
0.19381556435
0.193756164027
0.19599307288
0.198818209556
0.200355254324
0.200317967375
0.201169135217
0.201658405234
0.198697514201
0.197090630684
0.194431731688
0.195549752605
0.196949926283
0.197190226866
0.197727973253
0.198203080417
0.198573495041
0.197445358855
0.195703273141
0.197771317291
0.199322679095
0.19966481466
0.198170126802
0.195491719653
0.195506937757
0.199725177365
0.199426733656
0.197664650302
0.19854826392
0.200218245452
0.199420740659
0.197412975133
0.196750115428
0.197778345479
0.198259964852
0.198431118113
0.200876571818
0.202675727696
0.202949001325
0.203324871119
0.20342297558
0.202255273238
0.199430411735
0.198742622211
0.197198280012
0.198361041765
0.200038891543
0.198326219774
0.201261200931
0.206063112152
0.207963753046
0.20545545033
0.204646596511
0.20328668159
0.20368066591
0.20573334459
0.206574247796
0.208040506777
0.208492749927
0.208349846679
0.207666714468
0.207102723989
0.206457630771
0.204477527812
0.205069222689
0.207695074801
0.20911122884
0.20681851203
0.208076494057
0.209629758649
0.207829256788
0.20685108175
0.207694159775
0.207576112237
0.206880202694
0.206891285056
0.206543160538
0.205847149857
0.20765371159
0.209737982369
0.211921566783
0.210523554777
0.20817237746
0.207508489347
0.208139013219
0.208442604737
0.208876377348
0.209777445932
0.210971655122
0.212019839709
0.211272639977
0.210170452668
0.210335389426
0.210766308264
0.211209243392
0.210812845786
0.209463841424
0.210749414268
0.212058401767
0.212355459808
0.213582784732
0.214129062998
0.213618593763
0.212160662482
0.212160244458
0.21222500058
0.212724545553
0.212351223193
0.211958710224
0.213028948679
0.213306564372
0.214428428049
0.215565081864
0.215075576516
0.213361821316
0.213260324996
0.209449461884
0.206851201885
0.209152514607
0.210432989748
0.210309514986
0.209127478399
0.203052960895
0.20066024136
0.197415942706
0.196232859135
0.202979416952
0.20668178433
0.208664488123
0.210330419354
0.213784338136
0.215327014831
0.217010801512
0.218200380996
0.216853297296
0.219091451801
0.223486671766
0.22486648499
0.22577148553
0.225986861202
0.226777068093
0.226789050281
0.225147893334
0.223991705421
0.2236112294
0.225508411586
0.22737165422
0.226968594242
0.227143756622
0.227442949677
0.225550183499
0.223534965986
0.224015036475
0.226377396311
0.227035267427
0.226181842577
0.226686991724
0.225533161536
0.224716858722
0.224239075666
0.224131379579
0.224893301076
0.225150710642
0.225074134814
0.226201045998
0.226520015389
0.22704051631
0.226610621664
0.225504003707
0.224469480985
0.221822671266
0.221427098423
0.223779649517
0.225394166528
0.225557869097
0.2245299274
0.222297056699
0.220051922551
0.222093614771
0.225014399504
0.224314438958
0.223083122263
0.221679431792
0.220655210301
0.219181774609
0.219684690066
0.218421478198
0.217619734282
0.219097144229
0.220675791784
0.221818032345
0.22202077115
0.223846807077
0.222062674815
0.219728941212
0.22076547357
0.220927484691
0.215615074229
0.210335441202
0.217754340653
0.224007163643
0.227225354868
0.226324676615
0.225128999978
0.223781893918
0.223409395686
0.220154558922
0.221784233805
0.223152034797
0.223277527994
0.226863326407
0.22931959246
0.230298403768
0.231694393999
0.233005433355
0.232902256406
0.234559457783
0.235835271553
0.236769906627
0.238663854871
0.241786781619
0.244376549516
0.244469427847
0.241937957373
0.241975186118
0.243606182426
0.245414058189
0.246636319896
0.247399912646
0.248075904797
0.24872305238
0.249296328588
0.250398528677
0.249558529375
0.248161484406
0.248130093081
0.249687468527
0.250985112591
0.25393055743
0.256463058325
0.256355416932
0.255594521667
0.253971751015
0.25312996394
0.253457102078
0.254358943174
0.254963010861
0.256877678551
0.256551309827
0.25466436968
0.2525746218
0.250934887226
0.250796794706
0.250750991161
0.250312637509
0.250083698318
0.249306344648
0.249167036821
0.249477001357
0.24857665037
0.24625706818
0.244793802117
0.24427863496
0.24389767072
0.242947579288
0.241198616339
0.23945951318
0.239192701122
0.240303267858
0.241029776512
0.240463370309
0.24083010474
0.239805260969
0.238119673362
0.240956870558
0.24328282115
0.242622062159
0.240619012601
0.239135566883
0.239871239731
0.241967177123
0.242314865162
0.241661264466
0.242015767379
0.242552569873
0.242868980664
0.240980445111
0.240519945175
0.241654081612
0.242371041602
0.242075467283
0.241771990372
0.241865009485
0.242786596607
0.243002220613
0.241962261952
0.239944725989
0.241544935438
0.243458268758
0.24303436168
0.242598257855
0.243323923912
0.244593259487
0.246631438621
0.246596719974
0.242901286843
0.239071022888
0.237672942168
0.242688721316
0.244191540097
0.243916349092
0.24366619404
0.243175650774
0.242624955002
0.243766555761
0.244256724519
0.244137010724
0.239549116973
0.236440164831
0.239417365524
0.242099885614
0.243290354167
0.243264878203
0.242498314427
0.242775829784
0.243040711049
0.24230024537
0.24212290062
0.242853966132
0.240585485275
0.240357223999
0.239253864624
0.236153529844
0.239745246697
0.243000032607
0.247221860539
0.247979673055
0.249038685177
0.249303511993
0.25068251184
0.249934174612
0.24537173161
0.244490424191
0.246851129722
0.248540770973
0.249114156963
0.250302752398
0.254293240228
0.257620523216
0.256165493808
0.253222548974
0.253471789121
0.25460402442
0.251951255646
0.252198077448
0.253741100766
0.252217958718
0.250325628142
0.251616830232
0.252632084588
0.250605613769
0.247665669794
0.245100443923
0.246977175974
0.247517647877
0.24872831078
0.25150476726
0.251404328727
0.24852924666
0.245050327368
0.243877334845
0.244763342343
0.243470733608
0.241865698255
0.242382705035
0.241549502161
0.242195372152
0.244712708959
0.246876390949
0.249779975131
0.248785405981
0.243773862916
0.23761895618
0.234007139213
0.232753088966
0.230159351035
0.234138638242
0.239620834155
0.243713517023
0.245289000726
0.245734210078
0.24712052224
0.245403974919
0.242425515712
0.241552465246
0.240446768703
0.238646607968
0.235017225872
0.231968960965
0.229955800516
0.22939002196
0.228160961554
0.238443666178
0.241996601257
0.243148415212
0.24143407343
0.240528105131
0.241626795279
0.244816240543
0.24434878399
0.23978538932
0.230670321238
0.235997858682
0.229394474736
0.234107494517
0.233009474604
0.241481635234
0.248045201983
0.250044882596
0.252311988689
0.252593263334
0.250866135198
0.249336957657
0.248671252817
0.250989521445
0.250714801483
0.250353301651
0.247708642086
0.24937127632
0.25582395777
0.262888312931
0.263891703581
0.264479024348
0.266153980603
0.267685078002
0.267782419116
0.26630963619
0.264403480483
0.264109070535
0.265535899278
0.26704337186
0.268095578677
0.268684188838
0.270380720908
0.270876753681
0.269686477972
0.270096892702
0.272912090546
0.274747667922
0.27503964168
0.276076842251
0.276776336478
0.277904452125
0.27896139942
0.278897533907
0.279359670436
0.27949642681
0.280132336004
0.281813674595
0.283187467371
0.283757759538
0.284070277131
0.285603485601
0.286529624801
0.28713043903
0.289047787979
0.290269807552
0.290403969915
0.290669396429
0.292058204146
0.292713033775
0.292914356676
0.29347259392
0.293313505892
0.293461738209
0.293268863634
0.292564843075
0.292808476724
0.292044837048
0.291402856748
0.290699115022
0.289022691425
0.287101508498
0.285896800888
0.284277539296
0.282791673362
0.281805485114
0.280163376315
0.278162672537
0.277739894173
0.277528023688
0.276773941193
0.275088392016
0.272151286165
0.269803905234
0.268788213497
0.269552484088
0.268650599479
0.267877333786
0.269449599379
0.266800453617
0.261489633787
0.264188797186
0.264008234302
0.264512556758
0.263708895728
0.26357873448
0.260000983792
0.261501105161
0.262728524194
0.260707681257
0.257436276752
0.25857301872
0.258901850678
0.257188595941
0.257239418993
0.2576273647
0.260208088
0.262102829028
0.264531047972
0.262157850511
0.258288671354
0.252603657085
0.258881602055
0.262206582583
0.261835313239
0.26238156148
0.263223127616
0.263345460011
0.262731903287
0.261814302163
0.261210013874
0.261413766419
0.261132034624
0.262396159186
0.262757435742
0.262964223793
0.26246633386
0.261215452693
0.259958978877
0.260285160999
0.261222903318
0.26228483907
0.263997986598
0.263958681014
0.263381145714
0.26329969176
0.262214084114
0.261435700581
0.26058730249
0.264669473228
0.267230822355
0.266862958596
0.267415654363
0.269811841243
0.270476194557
0.271421012041
0.272016819843
0.272413772668
0.274898906624
0.278895968167
0.281364078445
0.280999284875
0.281942937197
0.283376949874
0.283925992655
0.284463534817
0.284708655422
0.286034294951
0.286518723969
0.28602650841
0.287452773712
0.289995827694
0.293031165696
0.291607435415
0.291436751822
0.293824706887
0.294259533296
0.294261165464
0.293637088234
0.292156838656
0.290534074752
0.290929380655
0.291393289265
0.290565024235
0.292506594603
0.29436767242
0.294853772805
0.292480400638
0.290481998501
0.291073255514
0.292515986765
0.293596035253
0.293528176627
0.294686518254
0.295972693014
0.295627544982
0.295460942936
0.296489601949
0.296199317349
0.295843767034
0.296808354538
0.298704356573
0.303143624938
0.30895681306
0.311414045952
0.312734415204
0.316239773474
0.319212470711
0.322947392843
0.324756332265
0.32646094228
0.328586690516
0.330239722053
0.33184296918
0.332291111085
0.333207894439
0.334545886576
0.336879671835
0.3386626688
0.338886237635
0.337638143911
0.335786772918
0.333988802298
0.332571517641
0.331097790657
0.330287771954
0.331459669747
0.333053535355
0.333696830163
0.333594635057
0.332575277155
0.332492212726
0.332324445593
0.332201277429
0.332113621488
0.331469832112
0.330775522074
0.330500721205
0.330713919531
0.331733746057
0.333529585788
0.334289790656
0.334165090758
0.334263151897
0.335022714234
0.336116683567
0.337118598115
0.338050545661
0.33917138078
0.340047558515
0.340595069138
0.340880912747
0.34159309903
0.342616966115
0.343607685964
0.344768083975
0.346480334966
0.349088234243
0.351440414551
0.353565352733
0.355620506404
0.357112696154
0.358120409393
0.359107729716
0.3609750921
0.362199734403
0.362446452186
0.362467893559
0.362705421362
0.363281353434
0.364486403127
0.366803976927
0.369178829767
0.370526981263
0.371069577747
0.371715224619
0.372551407379
0.373801311749
0.374925080765
0.375372956592
0.376119221777
0.37747276825
0.378633532934
0.379637107164
0.380673585918
0.381261621437
0.381738111014
0.38072596495
0.379192377173
0.378726008897
0.378243627002
0.376439486652
0.373334303307
0.369911802988
0.365858046399
0.361062702761
0.355388440912
0.351115645236
0.344598543332
0.336897676973
0.33176607168
0.328581211199
0.324652210048
0.321273170846
0.317377641504
0.311846866071
0.307021943254
0.30503091697
0.302445665609
0.3003728668
0.298868305853
0.297224646556
0.296196123419
0.293838040747
0.291854909547
0.287796364887
0.287368303997
0.284776545891
0.287124551673
0.289952815878
0.288701511701
0.287105052207
0.28610478582
0.286045944436
0.286995799965
0.287791098723
0.286407210498
0.286715240828
0.286998543112
0.283219229902
0.279634946835
0.280698436524
0.275409590151
0.274098575054
0.279669669751
0.280793335441
0.279023089931
0.282015537958
0.281694106234
0.282376391835
0.276111820131
0.274735843451
0.277801458116
0.279259155985
0.287425073332
0.290194046788
0.285714066169
0.277262027808
0.281904927386
0.27667877652
0.283097621497
0.286921071061
0.289209326818
0.284707334421
0.283189566399
0.280000649333
0.283389260716
0.279317976612
0.28676729739
0.288032976926
0.287580517314
0.283803917899
0.277876715089
0.285465257554
0.280863466316
0.289123572867
0.288712509525
0.286894199684
0.284623776748
0.284852554102
0.283008105175
0.284331879337
0.288793833522
0.289012199805
0.285415163533
0.287712364492
0.292730417752
0.29124917282
0.285730599546
0.284629999528
0.282710222606
0.283070105063
0.290786206885
0.296786279443
0.295811714284
0.289691678183
0.288041946011
0.286125674445
0.283422793457
0.291563130638
0.296973039528
0.298038032681
0.297336935979
0.294703561493
0.292644403998
0.290049431263
0.292996838187
0.297150404929
0.298547489051
0.299574264204
0.299363776948
0.296676569274
0.295002031429
0.300044622659
0.301371812899
0.299727395268
0.301149197052
0.299319334664
0.298856974394
0.300145772157
0.301104111004
0.298858945129
0.298209895486
0.296218443506
0.294930417636
0.296763407979
0.295759207671
0.292804816471
0.288825932369
0.293080126239
0.294130686728
0.295586907769
0.292499207349
0.292094243059
0.290848692506
0.292471714962
0.293964132136
0.295710826821
0.293102817534
0.290759199839
0.288667933963
0.292430959304
0.294597101932
0.290278608615
0.290103560111
0.298120112944
0.296800227526
0.290910895729
0.292706066353
0.294942003371
0.297391994706
0.302628110276
0.295631977104
0.296095719983
0.293208545573
0.295445169181
0.299045072252
0.301146550039
0.30332068997
0.298514640143
0.303341486527
0.306879989061
0.304239926089
0.307172573535
0.309453368515
0.307718521333
0.305930560088
0.305905417884
0.307485259691
0.309720746571
0.311692469274
0.312228368295
0.310485727471
0.309433865271
0.311849009292
0.315580878112
0.316218220091
0.314987472241
0.314279372667
0.315579836073
0.31504869373
0.315397392049
0.312312274642
0.3129152966
0.315815546436
0.318512602887
0.317993501667
0.316200149832
0.311112341299
0.31326689704
0.314229176047
0.315177742083
0.315232506787
0.314660879174
0.3137077727
0.31363138957
0.311729822624
0.308205002429
0.314008395214
0.320306087843
0.316953978484
0.316109777896
0.316360642804
0.317326781939
0.316329533598
0.315764898487
0.316217027497
0.315608492883
0.315414690721
0.317881446316
0.321040227001
0.319777440505
0.317265908686
0.313196169205
0.31536764566
0.318401498924
0.320250287941
0.319191397028
0.315119281465
0.312880061709
0.315888084885
0.319555736723
0.320786733437
0.321163506857
0.320075756607
0.320577183083
0.316893901639
0.32016519503
0.325386208913
0.328548451086
0.328823475162
0.327722985716
0.325846035478
0.327128478172
0.330250836854
0.332115915617
0.332673677474
0.334993823193
0.335034610948
0.333813510441
0.335188516746
0.336498766281
0.336890616081
0.335495139943
0.335729505268
0.334625957704
0.333284741646
0.33522270555
0.335824768521
0.338039703676
0.336503258232
0.330757396635
0.331216199471
0.33375535527
0.332883764401
0.327356159827
0.324234503783
0.324061754376
0.321068048246
0.316156471719
0.31779357421
0.322961879923
0.325344515382
0.323925905796
0.316715757182
0.314816785506
0.3196544943
0.324523701933
0.326946018988
0.325680806458
0.318973344928
0.316970444892
0.324977324622
0.32640129713
0.321714174722
0.321906414982
0.323345759228
0.324623293299
0.324592370974
0.324487862246
0.321737716113
0.324207184633
0.325629411912
0.327882000331
0.329103350212
0.330382045796
0.333153849541
0.331383322123
0.325545461621
0.329909201997
0.337511518195
0.336637213096
0.334116756597
0.32878498405
0.326932658604
0.332127720935
0.336472989137
0.335687768331
0.334361980545
0.332727217347
0.333218199097
0.333253502743
0.333371511595
0.335965914083
0.338104055945
0.337439256085
0.335078590718
0.332449141491
0.33300407124
0.33648034688
0.337169473339
0.333376382112
0.33014334738
0.333226592982
0.33779856379
0.336262579275
0.331878056748
0.331667485907
0.335704452305
0.335638788494
0.334427323514
0.335730292821
0.336141615435
0.338257199627
0.336790485695
0.330737700648
0.336007095907
0.340901577005
0.343759400181
0.339883391277
0.340877213815
0.342080104201
0.349148079648
0.352097067826
0.346824474211
0.34196404063
0.350324790263
0.35308890543
0.355280213373
0.35573373259
0.351995270406
0.35326005581
0.357870529885
0.35758900143
0.357238425257
0.357649885216
0.358086632242
0.35751746217
0.355186126871
0.352959320172
0.35213662916
0.352195307665
0.352618887052
0.353342633502
0.35393097
0.353877797746
0.353514069823
0.353025604171
0.352290094258
0.351333257333
0.352458196518
0.351278850685
0.352229053405
0.355480803936
0.354877943585
0.351440946784
0.352197630622
0.354424359302
0.350945914345
0.351400317239
0.352650926356
0.356768138953
0.35669969401
0.355780654133
0.35631306308
0.352380404002
0.357708481397
0.365443210603
0.364569029046
0.35842581296
0.362863881049
0.36435973709
0.370026473913
0.374646289631
0.372519609932
0.373365769036
0.375737186646
0.378633114755
0.38085461102
0.383136318607
0.385511682799
0.387053286428
0.388834886629
0.390814209169
0.392955581089
0.394506749763
0.392530389112
0.391633068607
0.392704948998
0.393523451466
0.394690241138
0.393496643091
0.389993436895
0.389312070351
0.389788865107
0.391859720317
0.393047577903
0.390994878242
0.387698052496
0.385112879524
0.383324973893
0.383701221376
0.383188406372
0.383171652108
0.384223710297
0.381763728415
0.380539436868
0.379436478574
0.377271508794
0.375091328558
0.372231276299
0.372169987191
0.373436765871
0.372468923857
0.368821018002
0.365518484008
0.366915597955
0.367774239629
0.36888195248
0.370529454429
0.368711253505
0.356005926591
0.354633938814
0.357788963173
0.357796520224
0.36633998826
0.373313348373
0.376240497538
0.375826786693
0.380845208824
0.386152806817
0.388089953249
0.387475019865
0.387182440889
0.391997187325
0.397692074219
0.404556590273
0.406514346422
0.406312398732
0.408287899476
0.409772550221
0.409431131546
0.407179778816
0.410244199422
0.413574883505
0.412965499865
0.41104693723
0.410424133443
0.407961976714
0.410453508175
0.414270421184
0.414839788153
0.415123540387
0.414129230129
0.413878989494
0.414346609468
0.415776319975
0.418682436968
0.421647968121
0.4242846841
0.426902134943
0.428710909634
0.429719121188
0.430538901604
0.432355570689
0.433461440644
0.434203257474
0.435932087621
0.438386662155
0.440592598505
0.442606516306
0.444758768346
0.446990223402
0.449609664148
0.45249464055
0.455069368094
0.456908348606
0.459912379382
0.462854738883
0.465697954166
0.468032171089
0.469921841781
0.472263076475
0.474796807568
0.477614174673
0.480508668232
0.484469804388
0.487900238978
0.489748567822
0.492210222456
0.493927531312
0.495629832284
0.497655715582
0.497588054827
0.497393292404
0.497577679902
0.497419321202
0.493993735887
0.488963862981
0.484886061519
0.481308776275
0.475163712658
0.468823792798
0.460196069407
0.45372133447
0.446866525141
0.441083933117
0.434978682359
0.429946325059
0.425229651905
0.420704443256
0.415706277837
0.410014125162
0.404211539445
0.397857268736
0.394011562241
0.38717171731
0.38487148505
0.384394512771
0.377105626931
0.371323272444
0.373651146554
0.378180690331
0.37498787188
0.37214288153
0.377382878014
0.38073555286
0.379698738604
0.378389519292
0.380197003674
0.376339017197
0.379829728068
0.379870470952
0.379244401941
0.37871064275
0.376513315621
0.378718048516
0.379263992768
0.377981951424
0.380266811011
0.376034753236
0.374334657744
0.382555204603
0.380809933462
0.372552894773
0.382445870858
0.386211425015
0.384860095938
0.380778088179
0.378841222818
0.388728384794
0.385583268833
0.383224735582
0.383513571314
0.38698888265
0.384439394673
0.385273459374
0.386980634712
0.385343116859
0.38538653954
0.385044722336
0.387163160016
0.384484746955
0.384328951405
0.386672574923
0.377386328846
0.383073648614
0.38784818113
0.38426991358
0.385096597972
0.38894033468
0.39147676428
0.387523429561
0.388148821384
0.391712375234
0.391241613725
0.388368603901
0.389590237315
0.39159949033
0.387655975529
0.388935207696
0.389494549643
0.387163723503
0.390153954321
0.388335475156
0.386590711816
0.38277195522
0.391379415479
0.389176787402
0.387912159397
0.388623861954
0.390256553438
0.389733659378
0.389339999249
0.392667727265
0.394976525973
0.390547717595
0.392061485486
0.39979553195
0.401980357662
0.396148686769
0.400876984575
0.406033684346
0.404864798726
0.401106075495
0.40371808726
0.405589601537
0.405046166089
0.404899396892
0.404913828312
0.405229626477
0.407010766776
0.408373093934
0.404271658201
0.403539926261
0.405699224803
0.405896383837
0.406272182173
0.405226462917
0.406381232212
0.406005914585
0.405933761066
0.407034737468
0.41105243288
0.409968684688
0.407609464685
0.411477531825
0.415328625303
0.414823412007
0.414278931177
0.417436462448
0.41860670695
0.419611973042
0.418773833736
0.415207138403
0.415928868005
0.41490532837
0.414698974433
0.412519957549
0.411397575834
0.415096466938
0.41166427101
0.408511728452
0.4107005266
0.413387952257
0.414210913966
0.412583275416
0.412041442407
0.412628095178
0.41582673122
0.413618821601
0.413684001491
0.416227941187
0.418872641273
0.415980044028
0.418880466731
0.422439497827
0.423485391433
0.421512914188
0.425520285047
0.425672942721
0.422470540081
0.42309645014
0.425757966335
0.425585895825
0.425824187341
0.425474725574
0.425914146557
0.42564229309
0.425668542941
0.43118903778
0.430952384257
0.433048879663
0.434685045961
0.435227278849
0.442008899641
0.444451484655
0.444120178896
0.448895429587
0.452448415904
0.453553500843
0.456102760017
0.456859114099
0.458028603195
0.459964974034
0.459295221534
0.45777405004
0.457594542627
0.461054292545
0.46078255978
0.458881486007
0.456360340175
0.45775799292
0.458044652969
0.458162317699
0.458520484458
0.456787557067
0.452418040536
0.453581121104
0.458486978119
0.458842686627
0.455897578234
0.455531569259
0.456560379253
0.457795913557
0.456173247904
0.460512635022
0.461788498974
0.459504325113
0.455262904174
0.458973090441
0.463730562403
0.463536029901
0.461722476332
0.463243016892
0.459484438174
0.457555390055
0.457732077665
0.460340800252
0.460769373373
0.46176468499
0.459839534726
0.458042682678
0.457873262289
0.4585872271
0.463689470337
0.460613936872
0.456613314274
0.450051600717
0.450767754454
0.458371574738
0.458210574642
0.458660904994
0.455030539629
0.446710787513
0.442211967018
0.442971480257
0.447857538636
0.451289349762
0.452596898439
0.450677231777
0.445905172005
0.438385915314
0.438399656909
0.442454594615
0.447947969998
0.443969950803
0.440078609285
0.441273812985
0.445937873734
0.442828065651
0.443201441205
0.445316735875
0.435851657792
0.437109337986
0.443350725802
0.451939593224
0.452943762951
0.454422311024
0.456121732365
0.456302311634
0.456992379553
0.461364061599
0.464041269464
0.462184155592
0.460178180478
0.458169867091
0.463582555732
0.466742611004
0.469092774625
0.473886147748
0.475405749931
0.469181907464
0.465391805357
0.46328186603
0.471429478933
0.475116598167
0.470314943653
0.47292230642
0.467702467708
0.468492270785
0.470867830055
0.469078750421
0.458941786242
0.460828696652
0.469444436971
0.471697387799
0.461318922768
0.459843762471
0.460073878774
0.452575584263
0.461104085502
0.465002601766
0.464481690521
0.458318145679
0.451939636842
0.455207980155
0.463024360969
0.46713627375
0.465871515794
0.468464932874
0.471148455839
0.468616670986
0.462187729056
0.47192462033
0.474199718483
0.472217134543
0.478373933433
0.482950160917
0.479583810265
0.475650479157
0.474198205932
0.473947448721
0.47849413989
0.481976949097
0.479535449007
0.479992409228
0.485854686084
0.481702637511
0.482749104686
0.485563128906
0.489485803288
0.494913882502
0.497077310261
0.500658766006
0.502574871126
0.507463171193
0.511280213854
0.514891506053
0.516912136951
0.519184946254
0.522872647935
0.526825080474
0.530402560045
0.53282548183
0.536328709988
0.538540256325
0.539678100989
0.542123626901
0.544901428499
0.546011063985
0.546103861178
0.541749023919
0.538069784826
0.529749544992
0.517580650083
0.510363191859
0.501776949306
0.494474890765
0.48528963852
0.480440811254
0.480025934088
0.471590002148
0.467829223452
0.470537455266
0.472100682633
0.466986535604
0.467429988961
0.475330493152
0.469591007792
0.47189273135
0.478118170932
0.469469138177
0.476610334798
0.478362006776
0.479096125395
0.483287652541
0.482832735982
0.48457655935
0.48313714009
0.481079882962
0.481924313109
0.48478121592
0.477092077825
0.480427134634
0.484326596438
0.478097118614
0.476824028749
0.484166323358
0.480776670823
0.478212749701
0.483608325508
0.488259682714
0.485004935683
0.489192176427
0.490831992219
0.492135117423
0.488991881917
0.490431342255
0.4940830295
0.493389970798
0.487685070071
0.49576219692
0.490844150566
0.492887254336
0.492488857008
0.492090602328
0.489972662092
0.487269825712
0.491732512613
0.491501142502
0.488477783015
0.493826029527
0.494879460873
0.501048474057
0.508753275723
0.512404118322
0.514438930445
0.515085880388
0.514432219557
0.515697987338
0.515296182725
0.517198553231
0.518436095829
0.517667175084
0.517814083792
0.5172444326
0.51514720544
0.511157736175
0.510171181978
0.511304404731
0.506589673708
0.509304041946
0.510475329496
0.507569124023
0.51030281459
0.512259269064
0.51174129625
0.514016714183
0.512724244624
0.511526573482
0.511355255164
0.514050635867
0.515244554087
0.515368601491
0.519301374961
0.521990686592
0.527436730146
0.521840733692
0.52512521071
0.526183264031
0.525156969659
0.523647555705
0.524294338357
0.521304458459
0.520139199039
0.518619248612
0.517971019632
0.518390323188
0.516729527035
0.516457859338
0.512996327773
0.519324224594
0.516959668982
0.51618825578
0.518402795524
0.520375723749
0.519301519416
0.518503490713
0.521719247396
0.523054316218
0.524563297203
0.514967888739
0.525253251964
0.522096684818
0.517903035817
0.517645182626
0.513637399115
0.516535026528
0.515196669158
0.512981527168
0.515378489864
0.513175379543
0.519170978417
0.517081201127
0.51921317404
0.512707144851
0.520992426273
0.518411411343
0.516894304654
0.521439295205
0.519095094162
0.518398946629
0.521104733984
0.522611082812
0.525994889099
0.524840350024
0.522856466732
0.522734293892
0.528196070408
0.524671824757
0.52142338709
0.527644223849
0.531192638555
0.532215233786
0.529726460731
0.535380903522
0.534904349517
0.534366090923
0.535682332336
0.53683715471
0.533219449046
0.535364381185
0.535510619425
0.533088108815
0.534113919162
0.536649873825
0.535445016049
0.533934078878
0.530860970954
0.533367115109
0.537735437437
0.534643730003
0.538280364907
0.54129219148
0.542280222359
0.540685883136
0.545843603745
0.546094752574
0.547286305028
0.548206182746
0.549106888762
0.548227265451
0.549731955837
0.54960982048
0.549508044772
0.544179705318
0.548346158861
0.548049845403
0.547029796122
0.545170164861
0.535891940273
0.544837525095
0.54861145762
0.54563723128
0.546423553878
0.545588019858
0.548057226002
0.548949569454
0.550651670361
0.552862628589
0.54994370448
0.551352084424
0.553534715644
0.555546078436
0.553318299384
0.551763187459
0.552419482647
0.556502939342
0.548436250482
0.551427005224
0.547443411406
0.549419746
0.550004790562
0.548278009632
0.55515826259
0.559868133253
0.564788403273
0.56856540666
0.570149160567
0.57366294454
0.576480540755
0.578125363977
0.579126680475
0.579220227156
0.581609773347
0.578463523494
0.578410635625
0.574983383641
0.568987364608
0.566093946689
0.558573447181
0.559322475882
0.559531629313
0.556343432089
0.562377552603
0.558475556871
0.561643417725
0.560288748039
0.561734762508
0.560554856377
0.563385843426
0.561059369108
0.563216025974
0.563635676069
0.559824889467
0.564852840052
0.562741233482
0.563927264413
0.566879556418
0.566420804559
0.567714172986
0.572030491289
0.574867380059
0.57811347193
0.579443158772
0.578162256906
0.580030857423
0.577545453048
0.578707796466
0.578318446305
0.578900986031
0.582415562262
0.586523778949
0.59215145647
0.597961947767
0.599232511708
0.601795303273
0.60141688935
0.60107745417
0.601918108331
0.599738125822
0.600193266788
0.595935496697
0.596776295947
0.597283098505
0.595762321478
0.600900861255
0.602763439983
0.605770924255
0.606434070717
0.606163921442
0.604044442607
0.59924048515
0.596915932694
0.591518622429
0.593061613454
0.591964502138
0.593446870871
0.595714840475
0.598713657848
0.600542618211
0.603610407627
0.603422212526
0.603139763934
0.603067222533
0.603402793548
0.603721692034
0.605247344425
0.607427328522
0.60752022885
0.609556306553
0.608458664376
0.608541437771
0.608766947951
0.605530703324
0.607171111399
0.606582485107
0.606727913815
0.60395715767
0.606055497715
0.599703560797
0.606036388837
0.605722311728
0.595554775627
0.601810794639
0.604856425985
0.601238733688
0.596750609437
0.596281759162
0.606346098762
0.599383092928
0.604357566453
0.60566276875
0.600274203167
0.598170398139
0.606026200427
0.606127905913
0.601130443441
0.601376286602
0.608265659402
0.604450510595
0.607407449764
0.602354340061
0.608359867502
0.607810513934
0.610733905261
0.605737595164
0.609749686872
0.606132116442
0.612403707886
0.605972542222
0.614206723334
0.617166232208
0.612406574187
0.617804055802
0.609413672818
0.616438450465
0.61656001695
0.61053840106
0.617568936747
0.614361462098
0.615072560635
0.623039165731
0.61699123229
0.614150415263
0.621111807789
0.623178576836
0.616604150109
0.621250540027
0.624868147081
0.623337565415
0.623506736946
0.624753664952
0.634383327355
0.626535370773
0.626018723856
0.625288236593
0.635233158703
0.622092069694
0.62982858662
0.633409096444
0.635011877119
0.637393161531
0.635306263911
0.638776876866
0.635758178773
0.644088715113
0.64163344769
0.64497676623
0.651416942475
0.655127924442
0.658186277894
0.664160379689
0.670509435939
0.67380374628
0.680499282689
0.686484521494
0.689615010221
0.69301924466
0.693358504801
0.69046997201
0.687637802382
0.681640647789
0.672183637716
0.667141798772
0.660539433529
0.65552203794
0.649494880211
0.651653884925
0.657956818039
0.661307263193
0.664027936522
0.661715991876
0.662230524976
0.663501120242
0.663131863139
0.662340720567
0.667529499477
0.662101107522
0.661867514009
0.66032723412
0.660833972491
0.667488378312
0.668061116415
0.666549125515
0.666449666257
0.665782757693
0.665955563588
0.666100341675
0.669618270383
0.666208363698
0.670205051645
0.668197117575
0.669712550339
0.671003561031
0.675279091681
0.677931818636
0.67962867821
0.681851528897
0.686557157721
0.690150969339
0.691212623663
0.693420574532
0.696149162976
0.694900003801
0.695168140693
0.695497552852
0.692620320658
0.69000202434
0.687666317685
0.685003584332
0.683628527181
0.674970115386
0.674363169398
0.678259238138
0.670841712612
0.674277703774
0.6752753121
0.672783388191
0.676395224312
0.681238355064
0.678110997747
0.683400527757
0.680643009102
0.681114097029
0.687704507711
0.692098086316
0.701534739197
0.710351544137
0.720528048505
0.729297948399
0.735658593511
0.741562797226
0.743953412426
0.745973535308
0.744800596372
0.743695598944
0.740500741273
0.733682160847
0.717871290836
0.697671939214
0.686845795718
0.681072976169
0.685516812276
0.690267154195
0.691377300698
0.693009575612
0.695383970443
0.694756308511
0.696576403096
0.694523705987
0.693382681916
0.689620859488
0.688485179235
0.691905561977
0.693227695025
0.694290119587
0.694671824647
0.696810932464
0.699124578571
0.700418571935
0.703293887876
0.702497280052
0.704001708421
0.704871939422
0.705714833947
0.703876759999
0.703190867931
0.703680700684
0.703767265967
0.704089247428
0.709415340989
0.712304902509
0.713674605778
0.716114105855
0.714997705676
0.714867680903
0.713327995949
0.711852255722
0.709975113195
0.70898949271
0.711434336865
0.71608545153
0.719034534207
0.720263240476
0.720229217805
0.719616921497
0.72249100152
0.723635091507
0.724081834902
0.721983353054
0.723736764981
0.72447433983
0.727833035852
0.727176183446
0.728286219707
0.728809728847
0.730203104584
0.731223292997
0.731761596789
0.730829229164
0.734085632049
0.736467555989
0.736995111747
0.736534186565
0.734755223722
0.732605092245
0.732775252393
0.733000107547
0.73575200489
0.735567975258
0.735099849041
0.733190601393
0.735104420855
0.732888891329
0.735703304849
0.736943366256
0.737165030987
0.737688249159
0.742441161056
0.737629262167
0.741587892344
0.746854071036
0.745167913132
0.749573430094
0.749664383837
0.746108136192
0.749038704208
0.74617727726
0.747153334366
0.744946298148
0.744885019301
0.744703648678
0.746408207377
0.74475717132
0.739945575972
0.747018381159
0.739335047141
0.74551824825
0.747895369249
0.741516484446
0.742496192256
0.751946499297
0.750609297323
0.753387335145
0.754539810419
0.755089016932
0.756725998899
0.754045971163
0.757009111357
0.755957776246
0.75629398473
0.757472486636
0.7567631759
0.757168253948
0.759595338061
0.762090894132
0.761036825102
0.765961816786
0.768409087642
0.769460789607
0.772634402667
0.772828396418
0.771290503027
0.772097793697
0.770890643189
0.770559410538
0.77041795862
0.768754662072
0.768130130733
0.766741549664
0.77037342079
0.76566171355
0.771191019359
0.764621534228
0.774551219982
0.775154482531
0.775103012925
0.78304819307
0.781840497045
0.785752903771
0.791379035741
0.792915537372
0.799139286135
0.795737064917
0.794566322842
0.791285710622
0.78848702759
0.786397632442
0.791167072732
0.785255959554
0.792040478425
0.787426652878
0.790257104434
0.781994502357
0.786117463768
0.786707848201
0.785021438621
0.788609134398
0.794327270767
0.797905095631
0.799803818922
0.800684031491
0.79999128529
0.803215486123
0.80090775063
0.803567164122
0.801783216828
0.796442240506
0.794993784883
0.79781275309
0.804209700029
0.809514944454
0.817092789145
0.822037124409
0.825394491282
0.827748116457
0.828386424441
0.824789065673
0.821782259601
0.815050112276
0.808221257025
0.801736842334
0.800782101958
0.801458163825
0.801650221661
0.801369527326
0.803110911001
0.804257011057
0.803640818907
0.803713481264
0.803978860785
0.804711977613
0.806339019755
0.80536001005
0.806470910341
0.80787935191
0.807497525048
0.8100112978
0.811680789266
0.814483508153
0.819131907653
0.826264123767
0.834947653315
0.839702010149
0.839681091386
0.838823598716
0.836249081621
0.835619965648
0.835094589566
0.835502270968
0.83506362408
0.836162259549
0.836234660876
0.837290242404
0.838966565221
0.842021210644
0.842218301193
0.842524952973
0.842251564623
0.840765197895
0.839433828234
0.838798478602
0.843006852062
0.846445410728
0.848496470098
0.8495855437
0.849931250876
0.851434218587
0.851265000399
0.850569781095
0.850540602409
0.850255849673
0.851723518652
0.853903060455
0.85732241751
0.860353961864
0.860444471066
0.860921663105
0.85734460986
0.856888702861
0.852992839231
0.854433803338
0.854656243294
0.856552795882
0.864167276665
0.864340728187
0.865395175112
0.86594952009
0.865810730339
0.866664469667
0.870219416488
0.873762729185
0.87763497175
0.885002994857
0.890547497807
0.897123737041
0.902573677526
0.90682986492
0.910539719635
0.910199156635
0.908536897623
0.904630762304
0.901973470415
0.897772839111
0.891979817125
0.886328481523
0.880558071219
0.874235099287
0.866431801861
0.864501312273
0.860919869905
0.864847219662
0.868678247139
0.869743675197
0.871861137738
0.874776807784
0.876099759586
0.876973643296
0.874907157518
0.872026351038
0.873869961814
0.872147828252
0.872144500664
0.872768103696
0.874521884318
0.871145417308
0.875688407325
0.877420742818
0.875095454434
0.87790523141
0.877792098628
0.878540211633
0.880590916719
0.880704518637
0.884092146384
0.884052976115
0.887080374985
0.886243365184
0.88568552086
0.88696464469
0.88452028245
0.889801135847
0.890536851991
0.890918598966
0.891632338018
0.890685609239
0.890292700476
0.891867319773
0.889124897451
0.892519033328
0.890210526138
0.896216531081
0.893402698782
0.896041982559
0.89645196157
0.89964434091
0.901102732512
0.902645309389
0.902304221513
0.903885555411
0.904539843591
0.903306457118
0.901467589501
0.902083168426
0.903426778173
0.906212630133
0.909800228246
0.910312824167
0.911834454724
0.910884017008
0.910005126205
0.910695920679
0.910240776604
0.912421736487
0.912924409154
0.913692750027
0.915694570158
0.913809588751
0.915818245977
0.915445115691
0.914668112285
0.916304457901
0.916499437917
0.917161428182
0.916500629107
0.921026029487
0.920268585723
0.922107687513
0.922332772188
0.924906475831
0.924571342818
0.925331425896
0.926815521857
0.925722811537
0.927262003357
0.929163523987
0.926017944153
0.929508852751
0.931099762023
0.933959196861
0.933247841241
0.933787306136
0.93415701894
0.933026758052
0.934134448201
0.93334095825
0.933389618296
0.932928084179
0.936195275205
0.935246120647
0.939348358963
0.939380648262
0.940915489245
0.941865695719
0.942554154011
0.939764642029
0.943384883038
0.940159630934
0.94323950811
0.942835639767
0.943803634448
0.94500416022
0.94765402891
0.94626488531
0.947076660424
0.948442846948
0.94792694459
0.950602433595
0.951492718593
0.950600131908
0.951893771041
0.951742825131
0.952799311161
0.953740627849
0.954319171022
0.952944772016
