3.119183220478848398e-02
1.695429969444917431e-02
1.614164106360341577e+00
-7.574421633955669142e-02
4.776984923850378234e-02
1.675214752274556407e-02
8.301870318882425062e-03
-5.229874970915947968e-02
-7.622100813357755855e-02
-1.120907600980317054e-01
-1.063405190636539516e-01
-4.824072866965752743e-02
8.315581263068097528e-03
6.514831198946847979e-02
1.063925664399819199e-01
1.398546162705786855e-01
1.502502667116039359e-01
9.812369302699092133e-02
1.356484298861045622e-02
-3.566120154961915228e-02
-2.698114286739405204e-02
-1.812217192575452454e-02
-5.912365398624665896e-02
-4.214431026489173782e-02
-4.189727735973616807e-02
6.875801809204845627e-02
1.842458702089293243e-01
-4.414000102287923138e-02
-8.944950882585971097e-02
2.922750609328360061e-01
2.775482384956903803e-01
-2.569173263240463398e-02
-1.825930140446919148e-01
-2.857222198558941328e-01
-2.283583927124357288e-02
4.919815463053317517e-01
-3.173284378075424406e-01
-4.445350702980488955e-01
2.346927425952825275e-01
2.150924994208259500e-01
-1.471636916311399590e-01
4.213490495724038498e-02
1.683631956277185648e-01
1.567591063794096795e-01
-1.228610880902652608e-01
-1.206110402440599833e-01
6.205201344020891407e-02
1.545055312137661174e-01
3.757896450520380460e-01
2.932275819374605130e-02
-5.988712199229299094e-01
-5.785004477976269932e-01
3.710357702536391522e-01
8.384224672591313876e-01
-3.164250830176474349e-01
-5.614050919390034533e-01
2.728153616842254325e-01
-4.201856094292002498e-03
-5.655057152782306806e-01
8.116601204838004568e-02
5.721341995467755792e-01
-3.221453748725340849e-01
-1.998201598543213608e-01
8.270120329936018339e-03
-1.630821604494041635e-02
-4.772037407847110058e-02
-5.539766082012482357e-02
3.006612372821929058e-02
2.439128014771924091e-02
-9.405058984094699648e-02
-9.277147456879518417e-02
-6.436466513010750956e-02
-9.700501484900839189e-02
-1.841666741344314684e-01
-5.168737538719880148e-02
3.286717010418019336e-02
-3.108466725065407027e-02
-1.138828784912464948e-01
-1.934678594415635555e-01
2.401034291212424468e-02
1.796739624447647177e-01
9.071958742391784958e-02
1.666534522572534621e-02
-1.968605982912837449e-01
-2.833561369734255431e-01
-6.897839947698811147e-02
-7.416614615798432231e-02
-1.716861965008752156e-01
-4.576551388743746451e-01
-1.625530551988440819e-01
-9.489475673246416942e-02
-2.225634523818465493e-01
-8.223929803630429802e-01
-1.073827629757073909e+00
-2.720262559097449961e-01
-8.616244775672701750e-02
1.516782475556444632e-01
1.141435255758475042e+00
7.208644200089239229e-01
-5.826680220709608005e-01
-1.183678788400196913e+00
6.454941932271185401e-01
2.479179909240283863e-01
-3.289343453837414999e-01
3.660954949561787131e-01
-6.066725277342390754e-01
1.809097363717057094e-01
5.645382710619722966e-01
5.013950434069798234e-01
5.951310049367019017e-01
3.622127120937617129e-01
9.858626129288265982e-01
-1.007433981524446936e-01
3.293438790728662746e-01
-9.791261926429563334e-02
1.437742226409904067e-01
2.986593219597479809e-01
3.916862297627518030e-01
-7.674693130194295554e-01
-2.460792089195943111e-01
1.028650223079570436e+00
-7.659084099342408081e-01
6.465288246333961153e-02
-9.856803045643754146e-02
-6.707488716923416805e-02
2.390564018486033004e-01
-1.457761405892621098e-01
-4.740538233674842367e-02
1.428559609903740923e-01
2.200123964358985384e-01
3.593517380523394283e-02
-1.033477227457344633e-01
-2.506032955558483155e-01
1.982740450165886570e-01
1.548648838642154579e-01
5.474141289667504989e-02
7.164694543749497435e-02
2.337300548613332682e-02
-1.884013510724683593e-01
-8.530872822654843660e-03
-1.276114228118977734e-01
1.502773700633558418e-01
3.092030123243683093e-01
2.985081846121044324e-01
3.007541279216079388e-01
2.674501134564407634e-01
7.447533364397571076e-02
4.110725686059970956e-04
2.629612400308406484e-02
-6.275313451320702063e-02
-4.097732974037853748e-01
-3.677896914156823516e-01
-1.778680189348148255e-01
-4.711104654813356996e-02
5.955197225566394303e-02
8.596647147389094301e-02
2.482820040431888212e-02
-4.823399728155957494e-02
-5.571062565033486208e-02
6.877761861023902468e-02
1.639805328211373370e-01
1.587827859744156966e-01
1.735224862131808932e-01
1.806459642591560222e-01
5.850933807897322481e-02
-9.064545600885776100e-02
-3.119692141440325583e-01
-6.001788656575168801e-01
-3.659115540726874394e-01
2.849128769519763613e-02
2.101858545155246838e-01
2.678691594986187252e-01
2.477644514810041498e-01
1.860211287605330610e-01
1.322650598149664181e-01
-6.175009579765187648e-03
7.638843579434573261e-02
1.502248042745940593e-01
2.075597867226762205e-01
1.458619404991281787e-01
3.376099123803318752e-02
-7.331370644009152504e-02
-1.649947906766654759e-01
-7.961181746477710708e-02
-2.739573998340110589e-03
-1.592001686392014809e-15
-6.610271313428196803e-16
-4.966769016802023192e-16
-2.927266186297413037e-16
2.081273021950697705e-16
5.108632958523266196e-16
-3.047904240725853807e-16
-2.083204603740041980e-16
3.652519272808112671e-16
8.712182201924482480e-16
3.017886829701287165e-16
1.238825434928131409e-16
3.493826647930689979e-16
-7.267606113505001778e-16
-2.998285810555794041e-16
-1.298635941654300756e-16
3.927827041977461601e-16
2.033491681869023026e-16
-1.841639268747890554e-16
4.980453700991530342e-16
-4.969718266048592510e-16
-1.219315308648734747e-01
-9.092768866701579178e-17
5.589482384851168772e-02
-2.912266157677739428e-02
5.121298293937252832e-02
-1.181207770166868842e-01
-9.803670914346955534e-02
-5.099686085238146205e-02
-1.559871493415150578e-01
-1.075038321199949382e-01
9.714482567218622744e-02
-2.194858130920961381e-01
4.006586359741078351e-01
-3.654671023286460985e-01
1.055946491414457355e-15
-1.247270542347440565e-15
2.889847521270457889e-16
-8.431176612205596209e-16
4.889292111384863098e-16
5.980391443732269436e-16
-2.556588237740214424e-17
2.071543068360775903e-16
-6.476986977995855000e-16
-1.000201812765402027e-15
4.920728137858298286e-17
8.577430840866741469e-16
-2.010957140717150899e-16
1.143273546525384599e-01
1.621420062319585209e-16
3.570275963443032373e-16
-3.981604988777702518e-17
-5.222419604011943606e-02
4.024604935024793384e-02
-6.246673884745426437e-17
-3.649319196448365239e-16
5.764904958188949456e-16
-2.962279277356689531e-17
-1.608731579941443568e-16
-2.511006977572037599e-16
-4.925410849596226618e-16
1.630850471217051290e-01
-5.618667125183958166e-01
3.574008765042405903e-16
-5.937349894170461630e-16
-6.454852020978649185e-02
-6.264918435962172001e-16
2.220071100646043162e-16
8.066770140242814841e-16
-6.064906742961094499e-02
-4.824608338803179630e-02
-1.279961116007185054e-02
4.743184705186406086e-02
-6.046054959423029507e-01
-3.665902603917118446e-02
1.368232092272707746e-03
6.288269837117205219e-01
1.032876846808019645e-02
-8.320877872428310978e-03
9.029759172249057775e-02
3.491417486729379571e-01
1.077301458443030296e-01
1.176795849105616298e-01
7.462439858946537385e-02
-1.671557142307772137e-01
-2.259903777881674125e-01
-1.333281851588040690e-01
-6.080426708498041372e-02
-4.697003493258906752e-03
4.142385384477202670e-02
4.352936245557271350e-02
1.088875943108444100e-01
-1.596044016800769683e+00
-1.884150861638468066e-01
-3.582725550044246754e-01
5.316588194116939059e-02
9.385392042498352794e-01
1.590471108370423992e-01
-1.487819273318507773e-01
-1.281535658673135514e-01
-6.278993979305502737e-02
-2.390159890577321121e-05
-1.894901771308852931e-15
-7.980879934613427627e-16
2.897160617498453155e-16
-6.000871895137742095e-16
1.356158010926673520e-16
4.128169278554377180e-17
1.398253775317357167e-16
-1.300546434244987985e-15
1.974040001190688175e-17
9.802009518243099269e-16
-7.159971136882399573e-17
3.397579495854805114e-16
7.119393475264442762e-17
3.868638531862082950e-16
5.528711176220058632e-16
5.578865009543615747e-16
-2.579421544883644650e-17
8.037286519208910884e-16
-5.751078458822467370e-16
-3.502196107145317392e-16
-3.236981151695390358e-16
