#udepth from Huybrecht et al. (CP, 2007)
3000
0
0.34375
0.70370
1.07983
1.47216
1.88068
2.30540
2.74631
3.20343
3.67674
4.16626
4.67199
5.19392
5.72563
6.26750
6.81993
7.38332
7.95747
8.54025
9.13191
9.73274
10.34301
10.96163
11.58835
12.22338
12.86694
13.51845
14.17742
14.84405
15.51849
16.20028
16.88903
17.58489
18.28800
18.99780
19.71413
20.43712
21.16686
21.90267
22.64464
23.39288
24.14718
24.90723
25.67310
26.44491
27.22213
28.00482
28.79304
29.58658
30.38525
31.18910
31.99812
32.81196
33.63069
34.45438
35.28263
36.11549
36.95299
37.79491
38.64116
39.49180
40.34664
41.20558
42.06865
42.93572
43.80666
44.68150
45.56014
46.44243
47.32839
48.21796
49.11096
50.00743
50.90731
51.81044
52.71683
53.62645
54.53914
55.45491
56.37373
57.29545
58.22011
59.14763
60.07793
61.01102
61.94681
62.88525
63.82635
64.77001
65.71619
66.66490
67.61604
68.56959
69.52555
70.48380
71.44434
72.40716
73.37217
74.33935
75.30870
76.28013
77.25365
78.22922
79.20681
80.18640
81.16796
82.15147
83.13692
84.12427
85.11352
86.10467
87.09766
88.09251
89.08919
90.08767
91.08795
92.09000
93.09380
94.09935
95.10659
96.11551
97.12612
98.13833
99.15216
100.16757
101.18452
102.20302
103.22301
104.24447
105.26741
106.29177
107.31754
108.34473
109.37329
110.40323
111.43454
112.46721
113.50123
114.53659
115.57330
116.61133
117.65068
118.69134
119.73330
120.77653
121.82104
122.86679
123.91376
124.96195
126.01132
127.06185
128.11353
129.16632
130.22024
131.27524
132.33132
133.38848
134.44669
135.50596
136.56628
137.62763
138.69004
139.75348
140.81798
141.88352
142.95012
144.01778
145.08651
146.15633
147.22722
148.29921
149.37229
150.44647
151.52174
152.59811
153.67557
154.75410
155.83354
156.91367
157.99449
159.07600
160.15818
161.24107
162.32462
163.40882
164.49368
165.57919
166.66532
167.75208
168.83944
169.92742
171.01599
172.10516
173.19492
174.28526
175.37620
176.46772
177.55984
178.65256
179.74589
180.83984
181.93441
183.02961
184.12547
185.22197
186.31913
187.41696
188.51546
189.61464
190.71448
191.81500
192.91617
194.01800
195.12049
196.22359
197.32733
198.43168
199.53662
200.64215
201.74826
202.85493
203.96216
205.06996
206.17830
207.28721
208.39668
209.50671
210.61733
211.72855
212.84037
213.95282
215.06591
216.17964
217.29405
218.40915
219.52493
220.64142
221.75862
222.87652
223.99513
225.11444
226.23444
227.35512
228.47648
229.59849
230.72115
231.84445
232.96836
234.09288
235.21800
236.34370
237.46999
238.59685
239.72428
240.85228
241.98085
243.10998
244.23968
245.36996
246.50081
247.63225
248.76427
249.89689
251.03011
252.16394
253.29837
254.43342
255.56909
256.70537
257.84226
258.97976
260.11788
261.25659
262.39591
263.53582
264.67632
265.81742
266.95909
268.10135
269.24419
270.38763
271.53165
272.67627
273.82149
274.96732
276.11376
277.26082
278.40850
279.55682
280.70576
281.85535
283.00558
284.15646
285.30798
286.46015
287.61297
288.76645
289.92058
291.07536
292.23080
293.38689
294.54364
295.70105
296.85911
298.01783
299.17720
300.33722
301.49790
302.65922
303.82119
304.98379
306.14704
307.31092
308.47542
309.64054
310.80629
311.97264
313.13961
314.30717
315.47534
316.64411
317.81347
318.98342
320.15397
321.32512
322.49687
323.66922
324.84217
326.01574
327.18992
328.36473
329.54017
330.71624
331.89295
333.07030
334.24829
335.42694
336.60623
337.78617
338.96675
340.14798
341.32984
342.51234
343.69546
344.87921
346.06358
347.24857
348.43418
349.62041
350.80727
351.99475
353.18287
354.37163
355.56103
356.75110
357.94183
359.13324
360.32534
361.51813
362.71162
363.90582
365.10073
366.29636
367.49271
368.68977
369.88756
371.08606
372.28528
373.48520
374.68582
375.88714
377.08914
378.29182
379.49517
380.69918
381.90385
383.10917
384.31512
385.52172
386.72895
387.93682
389.14531
390.35443
391.56417
392.77454
393.98553
395.19714
396.40937
397.62222
398.83567
400.04974
401.26441
402.47970
403.69560
404.91210
406.12923
407.34697
408.56533
409.78434
411.00398
412.22427
413.44522
414.66684
415.88913
417.11211
418.33578
419.56013
420.78518
422.01093
423.23737
424.46450
425.69232
426.92082
428.14999
429.37984
430.61035
431.84151
433.07332
434.30577
435.53886
436.77259
438.00694
439.24192
440.47753
441.71376
442.95062
444.18811
445.42624
446.66500
447.90441
449.14445
450.38514
451.62647
452.86844
454.11103
455.35426
456.59811
457.84256
459.08762
460.33327
461.57950
462.82630
464.07365
465.32154
466.56998
467.81894
469.06843
470.31845
471.56898
472.82004
474.07162
475.32373
476.57637
477.82956
479.08330
480.33759
481.59247
482.84792
484.10396
485.36060
486.61785
487.87570
489.13417
490.39325
491.65295
492.91326
494.17420
495.43574
496.69789
497.96066
499.22402
500.48798
501.75254
503.01769
504.28343
505.54977
506.81669
508.08421
509.35232
510.62103
511.89033
513.16023
514.43072
515.70182
516.97352
518.24583
519.51874
520.79225
522.06636
523.34108
524.61639
525.89230
527.16881
528.44592
529.72362
531.00191
532.28078
533.56025
534.84030
536.12093
537.40215
538.68396
539.96634
541.24932
542.53289
543.81706
545.10183
546.38720
547.67319
548.95981
550.24704
551.53491
552.82343
554.11258
555.40239
556.69286
557.98398
559.27577
560.56823
561.86135
563.15515
564.44961
565.74476
567.04059
568.33711
569.63431
570.93221
572.23080
573.53009
574.83008
576.13078
577.43219
578.73430
580.03713
581.34066
582.64491
583.94988
585.25556
586.56196
587.86908
589.17692
590.48548
591.79477
593.10478
594.41552
595.72698
597.03917
598.35207
599.66569
600.98002
602.29503
603.61074
604.92713
606.24418
607.56189
608.88024
610.19923
611.51885
612.83909
614.15996
615.48144
616.80354
618.12625
619.44958
620.77353
622.09808
623.42326
624.74904
626.07544
627.40244
628.73004
630.05824
631.38702
632.71639
634.04634
635.37684
636.70792
638.03954
639.37171
640.70442
642.03767
643.37146
644.70579
646.04066
647.37607
648.71203
650.04855
651.38563
652.72330
654.06155
655.40040
656.73988
658.08000
659.42077
660.76224
662.10441
663.44731
664.79096
666.13537
667.48059
668.82661
670.17345
671.52115
672.86969
674.21910
675.56938
676.92054
678.27258
679.62551
680.97933
682.33404
683.68964
685.04614
686.40353
687.76182
689.12101
690.48109
691.84207
693.20394
694.56670
695.93035
697.29486
698.66023
700.02647
701.39352
702.76139
704.13006
705.49950
706.86970
708.24062
709.61224
710.98455
712.35750
713.73107
715.10526
716.47999
717.85528
719.23108
720.60737
721.98412
723.36131
724.73891
726.11691
727.49529
728.87401
730.25310
731.63251
733.01226
734.39233
735.77273
737.15347
738.53455
739.91598
741.29776
742.67992
744.06246
745.44539
746.82872
748.21246
749.59662
750.98120
752.36621
753.75165
755.13753
756.52385
757.91061
759.29783
760.68549
762.07364
763.46226
764.85137
766.24101
767.63116
769.02186
770.41313
771.80497
773.19742
774.59049
775.98418
777.37852
778.77351
780.16916
781.56546
782.96242
784.36003
785.75827
787.15715
788.55664
789.95672
791.35740
792.75862
794.16038
795.56266
796.96542
798.36866
799.77234
801.17644
802.58096
803.98585
805.39111
806.79672
808.20267
809.60895
811.01555
812.42247
813.82971
815.23726
816.64513
818.05332
819.46182
820.87065
822.27981
823.68928
825.09908
826.50921
827.91965
829.33041
830.74148
832.15287
833.56456
834.97656
836.38886
837.80148
839.21441
840.62767
842.04126
843.45520
844.86949
846.28416
847.69923
849.11470
850.53060
851.94695
853.36375
854.78105
856.19886
857.61718
859.03604
860.45547
861.87546
863.29607
864.71728
866.13913
867.56164
868.98481
870.40868
871.83326
873.25856
874.68461
876.11140
877.53894
878.96726
880.39633
881.82618
883.25680
884.68819
886.12035
887.55326
888.98694
890.42136
891.85653
893.29245
894.72910
896.16648
897.60459
899.04343
900.48299
901.92326
903.36425
904.80596
906.24837
907.69150
909.13533
910.57987
912.02512
913.47109
914.91776
916.36515
917.81326
919.26209
920.71164
922.16192
923.61293
925.06466
926.51713
927.97032
929.42423
930.87887
932.33423
933.79030
935.24707
936.70454
938.16270
939.62154
941.08106
942.54125
944.00211
945.46362
946.92579
948.38861
949.85207
951.31618
952.78094
954.24633
955.71236
957.17903
958.64632
960.11425
961.58281
963.05199
964.52178
965.99219
967.46319
968.93480
970.40699
971.87976
973.35310
974.82700
976.30145
977.77644
979.25197
980.72802
982.20459
983.68167
985.15925
986.63733
988.11591
989.59498
991.07455
992.55461
994.03517
995.51623
996.99779
998.47987
999.96246
1001.44557
1002.92922
1004.41341
1005.89813
1007.38340
1008.86922
1010.35560
1011.84253
1013.33002
1014.81807
1016.30668
1017.79586
1019.28560
1020.77590
1022.26679
1023.75825
1025.25030
1026.74293
1028.23617
1029.73002
1031.22447
1032.71955
1034.21526
1035.71160
1037.20858
1038.70620
1040.20447
1041.70340
1043.20298
1044.70322
1046.20413
1047.70570
1049.20794
1050.71086
1052.21446
1053.71874
1055.22370
1056.72935
1058.23570
1059.74274
1061.25049
1062.75894
1064.26811
1065.77800
1067.28860
1068.79996
1070.31205
1071.82490
1073.33854
1074.85295
1076.36817
1077.88421
1079.40107
1080.91878
1082.43736
1083.95681
1085.47715
1086.99839
1088.52053
1090.04360
1091.56759
1093.09251
1094.61837
1096.14517
1097.67292
1099.20162
1100.73126
1102.26185
1103.79340
1105.32589
1106.85933
1108.39372
1109.92906
1111.46534
1113.00256
1114.54072
1116.07982
1117.61987
1119.16085
1120.70278
1122.24564
1123.78945
1125.33421
1126.87991
1128.42655
1129.97414
1131.52268
1133.07216
1134.62258
1136.17393
1137.72622
1139.27945
1140.83360
1142.38866
1143.94464
1145.50153
1147.05931
1148.61798
1150.17754
1151.73797
1153.29927
1154.86142
1156.42443
1157.98829
1159.55300
1161.11854
1162.68493
1164.25215
1165.82021
1167.38910
1168.95882
1170.52938
1172.10078
1173.67301
1175.24608
1176.81998
1178.39472
1179.97029
1181.54670
1183.12394
1184.70201
1186.28091
1187.86064
1189.44119
1191.02257
1192.60477
1194.18780
1195.77164
1197.35631
1198.94180
1200.52811
1202.11524
1203.70318
1205.29195
1206.88153
1208.47193
1210.06315
1211.65519
1213.24805
1214.84173
1216.43623
1218.03154
1219.62768
1221.22463
1222.82241
1224.42100
1226.02042
1227.62067
1229.22174
1230.82364
1232.42639
1234.02997
1235.63441
1237.23970
1238.84586
1240.45290
1242.06081
1243.66962
1245.27932
1246.88992
1248.50143
1250.11385
1251.72718
1253.34143
1254.95659
1256.57267
1258.18966
1259.80756
1261.42637
1263.04608
1264.66670
1266.28821
1267.91061
1269.53390
1271.15806
1272.78311
1274.40903
1276.03581
1277.66347
1279.29199
1280.92137
1282.55162
1284.18274
1285.81473
1287.44759
1289.08135
1290.71599
1292.35153
1293.98799
1295.62538
1297.26369
1298.90295
1300.54317
1302.18435
1303.82652
1305.46967
1307.11382
1308.75898
1310.40516
1312.05236
1313.70061
1315.34989
1317.00023
1318.65163
1320.30410
1321.95767
1323.61234
1325.26813
1326.92506
1328.58313
1330.24239
1331.90284
1333.56448
1335.22738
1336.89152
1338.55694
1340.22367
1341.89172
1343.56113
1345.23191
1346.90406
1348.57764
1350.25263
1351.92904
1353.60692
1355.28627
1356.96709
1358.64939
1360.33318
1362.01846
1363.70523
1365.39351
1367.08329
1368.77458
1370.46739
1372.16173
1373.85760
1375.55501
1377.25398
1378.95450
1380.65660
1382.36028
1384.06555
1385.77244
1387.48094
1389.19108
1390.90285
1392.61628
1394.33135
1396.04807
1397.76643
1399.48645
1401.20810
1402.93140
1404.65633
1406.38288
1408.11104
1409.84080
1411.57216
1413.30510
1415.03961
1416.77570
1418.51336
1420.25258
1421.99337
1423.73570
1425.47960
1427.22506
1428.97206
1430.72060
1432.47069
1434.22231
1435.97547
1437.73015
1439.48633
1441.24400
1443.00313
1444.76370
1446.52571
1448.28908
1450.05382
1451.81990
1453.58726
1455.35589
1457.12574
1458.89677
1460.66897
1462.44229
1464.21669
1465.99218
1467.76869
1469.54622
1471.32477
1473.10428
1474.88478
1476.66623
1478.44864
1480.23199
1482.01628
1483.80153
1485.58771
1487.37484
1489.16290
1490.95190
1492.74182
1494.53267
1496.32444
1498.11711
1499.91070
1501.70519
1503.50057
1505.29685
1507.09402
1508.89208
1510.69103
1512.49087
1514.29162
1516.09328
1517.89588
1519.69941
1521.50393
1523.30943
1525.11593
1526.92347
1528.73206
1530.54172
1532.35248
1534.16436
1535.97737
1537.79154
1539.60687
1541.42337
1543.24106
1545.05993
1546.88000
1548.70126
1550.52373
1552.34738
1554.17223
1555.99827
1557.82549
1559.65390
1561.48348
1563.31424
1565.14618
1566.97931
1568.81362
1570.64913
1572.48583
1574.32372
1576.16282
1578.00311
1579.84460
1581.68730
1583.53119
1585.37628
1587.22255
1589.07001
1590.91864
1592.76842
1594.61937
1596.47145
1598.32466
1600.17900
1602.03446
1603.89103
1605.74872
1607.60753
1609.46748
1611.32856
1613.19080
1615.05420
1616.91880
1618.78464
1620.65171
1622.52007
1624.38975
1626.26075
1628.13313
1630.00689
1631.88206
1633.75867
1635.63673
1637.51626
1639.39726
1641.27975
1643.16371
1645.04915
1646.93607
1648.82447
1650.71435
1652.60571
1654.49854
1656.39284
1658.28862
1660.18586
1662.08457
1663.98476
1665.88643
1667.78957
1669.69420
1671.60034
1673.50797
1675.41712
1677.32778
1679.23996
1681.15366
1683.06889
1684.98565
1686.90396
1688.82380
1690.74519
1692.66812
1694.59261
1696.51865
1698.44625
1700.37541
1702.30614
1704.23844
1706.17233
1708.10781
1710.04488
1711.98357
1713.92387
1715.86581
1717.80938
1719.75460
1721.70147
1723.65002
1725.60025
1727.55217
1729.50580
1731.46113
1733.41818
1735.37696
1737.33746
1739.29972
1741.26372
1743.22948
1745.19699
1747.16627
1749.13731
1751.11011
1753.08467
1755.06099
1757.03907
1759.01892
1761.00050
1762.98384
1764.96890
1766.95568
1768.94418
1770.93436
1772.92621
1774.91974
1776.91488
1778.91163
1780.90998
1782.90986
1784.91125
1786.91414
1788.91846
1790.92421
1792.93134
1794.93981
1796.94963
1798.96073
1800.97310
1802.98673
1805.00157
1807.01763
1809.03490
1811.05335
1813.07300
1815.09384
1817.11588
1819.13912
1821.16358
1823.18927
1825.21618
1827.24437
1829.27383
1831.30458
1833.33666
1835.37007
1837.40483
1839.44097
1841.47848
1843.51740
1845.55773
1847.59949
1849.64271
1851.68740
1853.73358
1855.78127
1857.83048
1859.88125
1861.93360
1863.98754
1866.04313
1868.10038
1870.15930
1872.21998
1874.28240
1876.34661
1878.41264
1880.48050
1882.55024
1884.62189
1886.69544
1888.77094
1890.84841
1892.92783
1895.00925
1897.09266
1899.17807
1901.26547
1903.35486
1905.44626
1907.53966
1909.63506
1911.73246
1913.83187
1915.93327
1918.03666
1920.14205
1922.24942
1924.35879
1926.47016
1928.58352
1930.69887
1932.81622
1934.93554
1937.05682
1939.18007
1941.30525
1943.43235
1945.56136
1947.69223
1949.82496
1951.95951
1954.09583
1956.23392
1958.37372
1960.51521
1962.65839
1964.80320
1966.94964
1969.09772
1971.24740
1973.39871
1975.55162
1977.70616
1979.86232
1982.02012
1984.17957
1986.34067
1988.50344
1990.66788
1992.83398
1995.00171
1997.17109
1999.34208
2001.51466
2003.68885
2005.86457
2008.04181
2010.22058
2012.40081
2014.58250
2016.76565
2018.95022
2021.13623
2023.32367
2025.51256
2027.70290
2029.89475
2032.08811
2034.28299
2036.47950
2038.67763
2040.87742
2043.07896
2045.28226
2047.48738
2049.69440
2051.90331
2054.11422
2056.32714
2058.54207
2060.75911
2062.97824
2065.19949
2067.42291
2069.64849
2071.87625
2074.10621
2076.33839
2078.57281
2080.80948
2083.04841
2085.28967
2087.53327
2089.77924
2092.02766
2094.27852
2096.53190
2098.78785
2101.04638
2103.30756
2105.57143
2107.83799
2110.10733
2112.37947
2114.65442
2116.93221
2119.21286
2121.49638
2123.78275
2126.07201
2128.36412
2130.65911
2132.95696
2135.25763
2137.56113
2139.86745
2142.17651
2144.48831
2146.80284
2149.12004
2151.43993
2153.76244
2156.08756
2158.41530
2160.74559
2163.07843
2165.41383
2167.75175
2170.09218
2172.43513
2174.78060
2177.12858
2179.47908
2181.83209
2184.18761
2186.54563
2188.90614
2191.26914
2193.63461
2196.00256
2198.37296
2200.74579
2203.12105
2205.49870
2207.87871
2210.26109
2212.64578
2215.03279
2217.42210
2219.81367
2222.20749
2224.60357
2227.00187
2229.40239
2231.80515
2234.21013
2236.61736
2239.02684
2241.43859
2243.85261
2246.26891
2248.68751
2251.10841
2253.53164
2255.95720
2258.38509
2260.81530
2263.24785
2265.68269
2268.11983
2270.55925
2273.00089
2275.44476
2277.89083
2280.33905
2282.78942
2285.24190
2287.69645
2290.15308
2292.61170
2295.07233
2297.53494
2299.99949
2302.46599
2304.93440
2307.40470
2309.87690
2312.35094
2314.82682
2317.30452
2319.78402
2322.26531
2324.74837
2327.23316
2329.71965
2332.20784
2334.69766
2337.18912
2339.68217
2342.17676
2344.67288
2347.17048
2349.66953
2352.17003
2354.67192
2357.17518
2359.67979
2362.18571
2364.69294
2367.20145
2369.71122
2372.22227
2374.73454
2377.24805
2379.76280
2382.27875
2384.79590
2387.31426
2389.83381
2392.35456
2394.87649
2397.39960
2399.92389
2402.44935
2404.97598
2407.50378
2410.03272
2412.56282
2415.09406
2417.62644
2420.15996
2422.69461
2425.23041
2427.76733
2430.30538
2432.84456
2435.38487
2437.92632
2440.46890
2443.01262
2445.55749
2448.10352
2450.65071
2453.19908
2455.74862
2458.29937
2460.85133
2463.40449
2465.95890
2468.51457
2471.07148
2473.62968
2476.18915
2478.74990
2481.31195
2483.87529
2486.43993
2489.00590
2491.57317
2494.14177
2496.71169
2499.28293
2501.85551
2504.42943
2507.00470
2509.58135
2512.15938
2514.73884
2517.31973
2519.90205
2522.48588
2525.07123
2527.65809
2530.24654
2532.83656
2535.42820
2538.02148
2540.61642
2543.21305
2545.81137
2548.41141
2551.01317
2553.61665
2556.22186
2558.82880
2561.43747
2564.04785
2566.65992
2569.27369
2571.88910
2574.50613
2577.12478
2579.74496
2582.36668
2584.98991
2587.61458
2590.24068
2592.86817
2595.49699
2598.12714
2600.75855
2603.39118
2606.02505
2608.66005
2611.29620
2613.93345
2616.57173
2619.21103
2621.85129
2624.49245
2627.13450
2629.77733
2632.42091
2635.06524
2637.71015
2640.35565
2643.00169
2645.64813
2648.29498
2650.94214
2653.58952
2656.23712
2658.88482
2661.53256
2664.18035
2666.82802
2669.47558
2672.12299
2674.77013
2677.41702
2680.06360
2682.70981
2685.35564
2688.00104
2690.64597
2693.29045
2695.93442
2698.57787
2701.22080
2703.86317
2706.50498
2709.14623
2711.78691
2714.42700
2717.06653
2719.70548
2722.34384
2724.98166
2727.61893
2730.25566
2732.89190
2735.52764
2738.16295
2740.79786
2743.43239
2746.06663
2748.70064
2751.33441
2753.96811
2756.60177
2759.23543
2761.86928
2764.50334
2767.13770
2769.77255
2772.40789
2775.04392
2777.68076
2780.31842
2782.95723
2785.59722
2788.23846
2790.88129
2793.52569
2796.17185
2798.82003
2801.47023
2804.12274
2806.77773
2809.43518
2812.09552
2814.75877
2817.42502
2820.09466
2822.76768
2825.44427
2828.12469
2830.80894
2833.49728
2836.18985
2838.88667
2841.58800
2844.29389
2847.00439
2849.71975
2852.43997
2855.16514
2857.89538
2860.63071
2863.37118
2866.11683
2868.86769
2871.62380
2874.38517
2877.15182
2879.92370
2882.70083
2885.48316
2888.27062
2891.06321
2893.86085
2896.66347
2899.47109
2902.28351
2905.10071
2907.92268
2910.74917
2913.58021
2916.41570
2919.25545
2922.09947
2924.94761
2927.79977
2930.65595
2933.51592
2936.37964
2939.24708
2942.11798
2944.99234
2947.87008
2950.75103
2953.63519
2956.52243
2959.41264
2962.30582
2965.20182
2968.10060
2971.00216
2973.90640
2976.81332
2979.72291
2982.63517
2985.55010
2988.46773
2991.38808
2994.31116
2997.23706
3000.16581
3003.09743
3006.03210
3008.96982
3011.91066
3014.85477
3017.80216
3020.75294
3023.70721
3026.66499
3029.62644
3032.59164
3035.56058
3038.53345
3041.51025
3044.49104
3047.47592
3050.46490
3053.45804
3056.45537
3059.45690
3062.46272
3065.47285
3068.48730
3071.50613
3074.52935
3077.55699
3080.58905
3083.62558
3086.66658
3089.71210
3092.76216
3095.81676
3098.87593
3101.93968
3105.00803
3108.08098
3111.15855
3114.24077
3117.32767
3120.41927
3123.51559
3126.61665
3129.72251
3132.83319
3135.94871
3139.06918
3142.19460
3145.32503
3148.46060
3151.60133
3154.74730
3157.89865
3161.05536
3164.21761
3167.38545
3170.55892
3173.73829
3176.92357
3180.11486
3183.31239
3186.51618
3189.72640
3192.94322
3196.16667
3199.39704
3202.63445
3205.87894
3209.13089
3212.39033
3215.65738
3218.93237
3222.21532
3225.50645
3228.80596
3232.11389
3235.43056
3238.75610
3242.09057
3245.43430
3248.78734
3252.14979
3255.52185
3258.90358
3262.29511
3265.69660
3269.10810
3272.52973
3275.96158
3279.40371
3282.85615
3286.31897
3289.79222
3293.27597
3296.77029
3300.27518
3303.79070
3307.31690
3310.85376
3314.40134
3317.95967
3321.52868
3325.10843
3328.69895
3332.30025
3335.91238
3339.53536
3343.16916
3346.81386
3350.46938
3354.13574
3357.81300
3361.50112
3365.20015
3368.91014
3372.63100
3376.36282
3380.10554
3383.85913
3387.62363
3391.39903
3395.18533
3398.98260
3402.79074
3406.60980
3410.43979
3414.28064
3418.13240
3421.99501
3425.86843
3429.75269
3433.64776
3437.55364
3441.47039
3445.39786
3449.33610
3453.28513
3457.24479
3461.21514
3465.19616
3469.18779
3473.19010
3477.20299
3481.22643
3485.26050
3489.30497
3493.35989
3497.42526
3501.50096
3505.58702
3509.68339
3513.78991
3517.90664
3522.03342
3526.17015
3530.31689
3534.47331
3538.63940
3542.81517
3547.00032
3551.19490
3555.39877
3559.61170
3563.83377
3568.06467
3572.30430
3576.55268
3580.80946
3585.07465
3589.34823
3593.62986
3597.91955
3602.21715
3606.52243
3610.83540
3615.15583
3619.48362
3623.81878
3628.16098
3632.51019
3636.86637
3641.22918
3645.59866
3649.97466
3654.35696
3658.74556
3663.14026
3667.54095
3671.94765
3676.36009
3680.77824
3685.20206
3689.63129
3694.06594
3698.50594
3702.95114
3707.40154
3711.85701
3716.31745
3720.78288
3725.25307
3729.72802
3734.20773
3738.69201
3743.18089
3747.67430
3752.17212
3756.67437
3761.18095
3765.69179
3770.20691
3774.72617
3779.24955
3783.77704
3788.30855
3792.84408
3797.38360
3801.92701
3806.47432
3811.02546
3815.58040
3820.13914
3824.70156
3829.26764
3833.83740
3838.41071
3842.98760
3847.56799
3852.15180
3856.73902
3861.32957
3865.92340
3870.52053
3875.12081
3879.72423
3884.33076
3888.94029
3893.55282
3898.16828
3902.78655
3907.40765
3912.03150
3916.65804
3921.28729
3925.91910
3930.55345
3935.19034
3939.82966
3944.47140
3949.11557
3953.76209
3958.41096
3963.06214
3967.71560
3972.37135
3977.02938
3981.68971
3986.35233
3991.01727
3995.68454
4000.35418
4005.02625
4009.70076
4014.37781
4019.05747
4023.73971
4028.42473
4033.11259
4037.80331
4042.49715
4047.19411
4051.89431
4056.59797
4061.30514
4066.01599
4070.73070
4075.44931
4080.17213
4084.89927
4089.63076
4094.36705
4099.10816
4103.85420
4108.60554
4113.36216
4118.12434
4122.89231
4127.66610
4132.44606
4137.23230
4142.02486
4146.82415
4151.63020
4156.44310
4161.26312
4166.09031
4170.92480
4175.76680
4180.61632
4185.47355
4190.33852
4195.21127
4200.09189
4204.98040
4209.87684
4214.78123
4219.69360
4224.61389
4229.54208
4234.47821
4239.42212
4244.37377
4249.33318
4254.30012
4259.27463
4264.25664
4269.24594
4274.24257
4279.24637
4284.25719
4289.27508
4294.29978
4299.33120
4304.36936
4309.41403
4314.46518
4319.52278
4324.58661
4329.65671
4334.73293
4339.81516
4344.90339
4349.99747
4355.09738
4360.20312
4365.31450
4370.43152
4375.55419
4380.68231
4385.81594
4390.95503
4396.09954
4401.24945
4406.40476
4411.56541
4416.73145
4421.90280
4427.07950
4432.26155
4437.44892
4442.64162
4447.83966
4453.04304
4458.25175
4463.46579
4468.68513
4473.90982
4479.13978
4484.37503
4489.61557
4494.86136
4500.11238
4505.36862
4510.63004
4515.89663
4521.16834
4526.44513
4531.72700
4537.01389
4542.30582
4547.60274
4552.90457
4558.21133
4563.52296
4568.83943
4574.16070
4579.48670
4584.81742
4590.15283
4595.49283
4600.83742
4606.18656
4611.54014
4616.89816
4622.26058
4627.62731
4632.99837
4638.37371
4643.75326
4649.13704
4654.52500
4659.91712
4665.31342
4670.71389
4676.11851
4681.52734
4686.94041
4692.35770
4697.77934
4703.20534
4708.63569
4714.07057
4719.50993
4724.95383
4730.40238
4735.85557
4741.31345
4746.77611
4752.24355
4757.71584
4763.19298
4768.67499
4774.16189
4779.65368
4785.15039
4790.65203
4796.15861
4801.67014
4807.18662
4812.70809
4818.23454
4823.76597
4829.30243
4834.84398
4840.39066
4845.94251
4851.49970
4857.06227
4862.63033
4868.20406
4873.78351
4879.36895
4884.96057
4890.55839
4896.16292
4901.77425
4907.39248
4913.01820
4918.65146
4924.29248
4929.94175
4935.59927
4941.26550
4946.94074
4952.62505
4958.31897
4964.02263
4969.73610
4975.45984
4981.19391
4986.93853
4992.69402
4998.46044
5004.23805
5010.02706
5015.82749
5021.63972
5027.46383
5033.29987
5039.14827
5045.00908
5050.88248
5056.76892
5062.66845
5068.58141
5074.50815
5080.44872
5086.40362
5092.37298
5098.35692
5104.35601
5110.37032
5116.40005
5122.44552
5128.50679
5134.58397
5140.67711
5146.78633
5152.91168
5159.05317
5165.21092
5171.38467
5177.57451
5183.78041
5190.00214
5196.23982
5202.49326
5208.76234
5215.04719
5221.34763
5227.66375
5233.99559
5240.34310
5246.70633
5253.08534
5259.48019
5265.89090
5272.31763
5278.76056
5285.21971
5291.69522
5298.18721
5304.69572
5311.22079
5317.76251
5324.32097
5330.89628
5337.48850
5344.09771
5350.72400
5357.36741
5364.02809
5370.70610
5377.40156
5384.11468
5390.84556
5397.59439
5404.36166
5411.14744
5417.95215
5424.77623
5431.61977
5438.48348
5445.36764
5452.27243
5459.19898
5466.14747
5473.11830
5480.11238
5487.12988
5494.17149
5501.23788
5508.32922
5515.44651
5522.59028
5529.76074
5536.95918
5544.18577
5551.44103
5558.72594
5566.04075
5573.38613
5580.76277
5588.17095
5595.61159
5603.08532
5610.59243
5618.13385
5625.70990
5633.32106
5640.96790
5648.65075
5656.37019
5664.12670
5671.92069
5679.75253
5687.62258
5695.53122
5703.47851
5711.46477
5719.49033
5727.55536
5735.66021
5743.80499
5751.98970
5760.21481
5768.48002
5776.78546
5785.13152
5793.51734
5801.94329
5810.40947
5818.91540
5827.46139
5836.04714
5844.67214
5853.33675
5862.04005
5870.78177
5879.56225
5888.38020
5897.23587
5906.12926
5915.05911
5924.02563
5933.02823
5942.06615
5951.13957
5960.24762
5969.39006
5978.56715
5987.77745
5997.02122
6006.29835
6015.60786
6024.94999
6034.32434
6043.73035
6053.16823
6062.63766
6072.13867
6081.67138
6091.23572
6100.83173
6110.45970
6120.11986
6129.81241
6139.53805
6149.29758
6159.09122
6168.92039
6178.78583
6188.68790
6198.62905
6208.60988
6218.63123
6228.69635
6238.80573
6248.96132
6259.16592
6269.42002
6279.72706
6290.08911
6300.50676
6310.98454
