-5.005436877857591393e-02
5.857398802537897020e-02
-4.836314126500341204e-01
3.962649103436858833e-01
2.537627350315973529e-01
-6.255442633453158763e-01
3.237489698841831132e-01
-4.843557126947296565e-01
5.791727629584177972e-01
3.969083154027728266e-01
-1.316399381521640599e+00
1.318627140781235996e+00
5.717505609373846331e-01
1.274742476557577942e-01
-9.064120888670555987e-01
-1.334085775473777546e-01
1.643248770219986887e-01
4.163854328166880642e-03
1.357523428086323258e-01
-6.916339212128093383e-02
-1.546297627119441187e-01
7.628927503801533061e-02
-6.385954227021525820e-02
-1.255029784684510707e-01
1.316761715283326084e-01
2.083051574830432483e-17
3.407184112402829312e-02
6.839203979640660902e-02
-6.787404448113037482e-03
-5.199234949542482637e-02
4.849039731255397334e-01
-4.852818391517699920e-02
-5.771425388514308391e-02
5.545752334456902632e-01
-5.170391457402494506e-01
2.477494217605733795e-01
-5.928673175325298306e-02
-3.856058849120907323e-02
-2.427373627679232648e-01
3.160229975626387411e-01
-2.569890768720950458e-01
4.089828038218687109e-03
-3.654510738473299991e-01
3.598165109537808104e-01
-1.456231723886493024e-01
-5.014610214027557245e-01
1.200187077393171514e-01
-5.418051545148562694e-16
-1.663794066903940862e-15
1.102616934452375834e-15
8.915847091351786174e-16
-2.218556133084511822e-15
-3.029323291016656607e-16
-2.583736586373476528e-15
-5.973260686489795602e-16
-1.790236226500501564e-16
-2.042571181850909037e-16
1.326493941715326827e-15
-8.239508244331442327e-16
-3.104951545196160730e-15
2.037755353607928766e-16
6.548040191051758234e-16
6.011767661204958894e-16
-7.878768246409565411e-16
-9.784965237378721108e-16
-8.040394975155891116e-16
1.008095009782891934e-15
-2.241336109785455610e-01
3.138805926607609459e-02
-3.815304499432301544e-01
1.045215223174052882e-01
2.984576016043685720e-01
1.337974955079398731e-01
-1.708326450288921439e-01
8.672396138851101721e-01
-2.096155572643979281e-01
1.886560166851471154e-01
9.327473765176815326e-03
1.495066251359903620e-01
6.336208839717973051e-02
-4.042276271578568864e-02
-1.450871371367005447e-01
6.441650294304655799e-02
1.523514653150568610e-01
7.284248782208829764e-02
2.148125339668878198e-01
9.759258461883785207e-02
1.396200588505902562e-01
-2.756484534158297787e-16
2.409829265723965743e-15
-1.170050034159230415e-16
-9.390331225786421609e-16
1.102699086815866807e-15
-1.206382245724866223e-15
2.291410984841855589e-15
1.818657178151601049e-15
3.851231721567753026e-16
-6.822277749806575749e-15
-1.023946876759454433e-15
6.599677514674712408e-18
-1.387898649074411925e-15
-1.647735833146103695e-16
-8.195508051544502170e-16
-2.497134577815706844e-15
1.049482126365632866e-15
-3.876800250063280607e-16
4.589835316364528706e-15
7.261160282063961264e-16
