# Prior accu estimate for TALDICE from AICC2012.
0.000000000000000000e+00 8.742999999999999383e-02	0.15
1.000000000000000000e+00 8.742999999999999383e-02	0.15
2.000000000000000000e+00 8.742999999999999383e-02	0.15
3.000000000000000000e+00 8.742999999999999383e-02	0.15
4.000000000000000000e+00 8.742999999999999383e-02	0.15
5.000000000000000000e+00 8.742999999999999383e-02	0.15
6.000000000000000000e+00 8.742999999999999383e-02	0.15
7.000000000000000000e+00 8.742999999999999383e-02	0.15
8.000000000000000000e+00 8.742999999999999383e-02	0.15
9.000000000000000000e+00 8.742999999999999383e-02	0.15
1.000000000000000000e+01 8.742999999999999383e-02	0.15
1.100000000000000000e+01 8.742999999999999383e-02	0.15
1.200000000000000000e+01 8.742999999999999383e-02	0.15
1.300000000000000000e+01 8.742999999999999383e-02	0.15
1.400000000000000000e+01 8.742999999999999383e-02	0.15
1.500000000000000000e+01 8.742999999999999383e-02	0.15
1.600000000000000000e+01 8.738999999999999546e-02	0.15
1.700000000000000000e+01 7.903999999999999915e-02	0.15
1.800000000000000000e+01 7.903999999999999915e-02	0.15
1.900000000000000000e+01 7.903999999999999915e-02	0.15
2.000000000000000000e+01 7.903999999999999915e-02	0.15
2.100000000000000000e+01 7.903999999999999915e-02	0.15
2.200000000000000000e+01 7.903999999999999915e-02	0.15
2.300000000000000000e+01 7.903999999999999915e-02	0.15
2.400000000000000000e+01 7.903999999999999915e-02	0.15
2.500000000000000000e+01 7.903999999999999915e-02	0.15
2.600000000000000000e+01 7.903999999999999915e-02	0.15
2.700000000000000000e+01 7.903999999999999915e-02	0.15
2.800000000000000000e+01 7.907999999999999752e-02	0.15
2.900000000000000000e+01 8.068999999999999784e-02	0.15
3.000000000000000000e+01 8.068999999999999784e-02	0.15
3.100000000000000000e+01 8.068999999999999784e-02	0.15
3.200000000000000000e+01 8.068999999999999784e-02	0.15
3.300000000000000000e+01 8.068999999999999784e-02	0.15
3.400000000000000000e+01 8.068999999999999784e-02	0.15
3.500000000000000000e+01 8.068999999999999784e-02	0.15
3.600000000000000000e+01 8.068999999999999784e-02	0.15
3.700000000000000000e+01 8.068999999999999784e-02	0.15
3.800000000000000000e+01 8.068999999999999784e-02	0.15
3.900000000000000000e+01 8.062999999999999334e-02	0.15
4.000000000000000000e+01 7.925000000000000100e-02	0.15
4.100000000000000000e+01 7.925000000000000100e-02	0.15
4.200000000000000000e+01 7.925000000000000100e-02	0.15
4.300000000000000000e+01 7.925000000000000100e-02	0.15
4.400000000000000000e+01 7.925000000000000100e-02	0.15
4.500000000000000000e+01 7.925000000000000100e-02	0.15
4.600000000000000000e+01 7.925000000000000100e-02	0.15
4.700000000000000000e+01 7.925000000000000100e-02	0.15
4.800000000000000000e+01 7.925000000000000100e-02	0.15
4.900000000000000000e+01 7.904999999999999527e-02	0.15
5.000000000000000000e+01 7.617000000000000159e-02	0.15
5.100000000000000000e+01 7.617000000000000159e-02	0.15
5.200000000000000000e+01 7.617000000000000159e-02	0.15
5.300000000000000000e+01 7.617000000000000159e-02	0.15
5.400000000000000000e+01 7.617000000000000159e-02	0.15
5.500000000000000000e+01 7.617000000000000159e-02	0.15
5.600000000000000000e+01 7.617000000000000159e-02	0.15
5.700000000000000000e+01 7.617000000000000159e-02	0.15
5.800000000000000000e+01 7.589999999999999525e-02	0.15
5.900000000000000000e+01 7.273000000000000298e-02	0.15
6.000000000000000000e+01 7.273000000000000298e-02	0.15
6.100000000000000000e+01 7.273000000000000298e-02	0.15
6.200000000000000000e+01 7.273000000000000298e-02	0.15
6.300000000000000000e+01 7.273000000000000298e-02	0.15
6.400000000000000000e+01 7.273000000000000298e-02	0.15
6.500000000000000000e+01 7.273000000000000298e-02	0.15
6.600000000000000000e+01 7.298999999999999932e-02	0.15
6.700000000000000000e+01 7.677000000000000490e-02	0.15
6.800000000000000000e+01 7.677000000000000490e-02	0.15
6.900000000000000000e+01 7.677000000000000490e-02	0.15
7.000000000000000000e+01 7.677000000000000490e-02	0.15
7.100000000000000000e+01 7.677000000000000490e-02	0.15
7.200000000000000000e+01 7.677000000000000490e-02	0.15
7.300000000000000000e+01 7.677000000000000490e-02	0.15
7.400000000000000000e+01 7.685000000000000164e-02	0.15
7.500000000000000000e+01 7.871000000000000218e-02	0.15
7.600000000000000000e+01 7.871000000000000218e-02	0.15
7.700000000000000000e+01 7.871000000000000218e-02	0.15
7.800000000000000000e+01 7.871000000000000218e-02	0.15
7.900000000000000000e+01 7.871000000000000218e-02	0.15
8.000000000000000000e+01 7.871000000000000218e-02	0.15
8.100000000000000000e+01 7.871000000000000218e-02	0.15
8.200000000000000000e+01 7.867000000000000381e-02	0.15
8.300000000000000000e+01 7.736999999999999433e-02	0.15
8.400000000000000000e+01 7.736999999999999433e-02	0.15
8.500000000000000000e+01 7.736999999999999433e-02	0.15
8.600000000000000000e+01 7.736999999999999433e-02	0.15
8.700000000000000000e+01 7.736999999999999433e-02	0.15
8.800000000000000000e+01 7.736999999999999433e-02	0.15
8.900000000000000000e+01 7.736999999999999433e-02	0.15
9.000000000000000000e+01 7.743999999999999495e-02	0.15
9.100000000000000000e+01 7.832000000000000073e-02	0.15
9.200000000000000000e+01 7.832000000000000073e-02	0.15
9.300000000000000000e+01 7.832000000000000073e-02	0.15
9.400000000000000000e+01 7.832000000000000073e-02	0.15
9.500000000000000000e+01 7.832000000000000073e-02	0.15
9.600000000000000000e+01 7.832000000000000073e-02	0.15
9.700000000000000000e+01 7.832000000000000073e-02	0.15
9.800000000000000000e+01 7.882999999999999730e-02	0.15
9.900000000000000000e+01 8.297999999999999821e-02	0.15
1.000000000000000000e+02 8.297999999999999821e-02	0.15
1.010000000000000000e+02 8.297999999999999821e-02	0.15
1.020000000000000000e+02 8.297999999999999821e-02	0.15
1.030000000000000000e+02 8.297999999999999821e-02	0.15
1.040000000000000000e+02 8.297999999999999821e-02	0.15
1.050000000000000000e+02 8.297000000000000208e-02	0.15
1.060000000000000000e+02 7.850999999999999646e-02	0.15
1.070000000000000000e+02 7.850999999999999646e-02	0.15
1.080000000000000000e+02 7.850999999999999646e-02	0.15
1.090000000000000000e+02 7.850999999999999646e-02	0.15
1.100000000000000000e+02 7.850999999999999646e-02	0.15
1.110000000000000000e+02 7.850999999999999646e-02	0.15
1.120000000000000000e+02 7.850999999999999646e-02	0.15
1.130000000000000000e+02 7.842000000000000359e-02	0.15
1.140000000000000000e+02 7.749000000000000332e-02	0.15
1.150000000000000000e+02 7.749000000000000332e-02	0.15
1.160000000000000000e+02 7.749000000000000332e-02	0.15
1.170000000000000000e+02 7.749000000000000332e-02	0.15
1.180000000000000000e+02 7.749000000000000332e-02	0.15
1.190000000000000000e+02 7.749000000000000332e-02	0.15
1.200000000000000000e+02 7.757000000000000006e-02	0.15
1.210000000000000000e+02 7.861999999999999544e-02	0.15
1.220000000000000000e+02 7.861999999999999544e-02	0.15
1.230000000000000000e+02 7.861999999999999544e-02	0.15
1.240000000000000000e+02 7.861999999999999544e-02	0.15
1.250000000000000000e+02 7.861999999999999544e-02	0.15
1.260000000000000000e+02 7.861999999999999544e-02	0.15
1.270000000000000000e+02 7.872999999999999443e-02	0.15
1.280000000000000000e+02 8.129000000000000115e-02	0.15
1.290000000000000000e+02 8.129000000000000115e-02	0.15
1.300000000000000000e+02 8.129000000000000115e-02	0.15
1.310000000000000000e+02 8.129000000000000115e-02	0.15
1.320000000000000000e+02 8.129000000000000115e-02	0.15
1.330000000000000000e+02 8.129000000000000115e-02	0.15
1.340000000000000000e+02 8.129000000000000115e-02	0.15
1.350000000000000000e+02 8.065999999999999559e-02	0.15
1.360000000000000000e+02 7.581999999999999851e-02	0.15
1.370000000000000000e+02 7.581999999999999851e-02	0.15
1.380000000000000000e+02 7.581999999999999851e-02	0.15
1.390000000000000000e+02 7.581999999999999851e-02	0.15
1.400000000000000000e+02 7.581999999999999851e-02	0.15
1.410000000000000000e+02 7.584000000000000463e-02	0.15
1.420000000000000000e+02 8.366999999999999438e-02	0.15
1.430000000000000000e+02 8.366999999999999438e-02	0.15
1.440000000000000000e+02 8.366999999999999438e-02	0.15
1.450000000000000000e+02 8.366999999999999438e-02	0.15
1.460000000000000000e+02 8.366999999999999438e-02	0.15
1.470000000000000000e+02 8.366999999999999438e-02	0.15
1.480000000000000000e+02 8.366999999999999438e-02	0.15
1.490000000000000000e+02 8.323999999999999455e-02	0.15
1.500000000000000000e+02 7.741000000000000658e-02	0.15
1.510000000000000000e+02 7.741000000000000658e-02	0.15
1.520000000000000000e+02 7.741000000000000658e-02	0.15
1.530000000000000000e+02 7.741000000000000658e-02	0.15
1.540000000000000000e+02 7.741000000000000658e-02	0.15
1.550000000000000000e+02 7.741000000000000658e-02	0.15
1.560000000000000000e+02 7.746000000000000107e-02	0.15
1.570000000000000000e+02 7.810999999999999888e-02	0.15
1.580000000000000000e+02 7.810999999999999888e-02	0.15
1.590000000000000000e+02 7.810999999999999888e-02	0.15
1.600000000000000000e+02 7.810999999999999888e-02	0.15
1.610000000000000000e+02 7.810999999999999888e-02	0.15
1.620000000000000000e+02 7.810999999999999888e-02	0.15
1.630000000000000000e+02 7.842999999999999972e-02	0.15
1.640000000000000000e+02 8.187999999999999445e-02	0.15
1.650000000000000000e+02 8.187999999999999445e-02	0.15
1.660000000000000000e+02 8.187999999999999445e-02	0.15
1.670000000000000000e+02 8.187999999999999445e-02	0.15
1.680000000000000000e+02 8.187999999999999445e-02	0.15
1.690000000000000000e+02 8.187999999999999445e-02	0.15
1.700000000000000000e+02 8.190999999999999670e-02	0.15
1.710000000000000000e+02 8.254000000000000226e-02	0.15
1.720000000000000000e+02 8.254000000000000226e-02	0.15
1.730000000000000000e+02 8.254000000000000226e-02	0.15
1.740000000000000000e+02 8.254000000000000226e-02	0.15
1.750000000000000000e+02 8.254000000000000226e-02	0.15
1.760000000000000000e+02 8.254000000000000226e-02	0.15
1.770000000000000000e+02 8.255999999999999450e-02	0.15
1.780000000000000000e+02 8.350000000000000477e-02	0.15
1.790000000000000000e+02 8.350000000000000477e-02	0.15
1.800000000000000000e+02 8.350000000000000477e-02	0.15
1.810000000000000000e+02 8.350000000000000477e-02	0.15
1.820000000000000000e+02 8.350000000000000477e-02	0.15
1.830000000000000000e+02 8.350000000000000477e-02	0.15
1.840000000000000000e+02 8.350000000000000477e-02	0.15
1.850000000000000000e+02 8.261000000000000287e-02	0.15
1.860000000000000000e+02 7.606000000000000261e-02	0.15
1.870000000000000000e+02 7.606000000000000261e-02	0.15
1.880000000000000000e+02 7.606000000000000261e-02	0.15
1.890000000000000000e+02 7.606000000000000261e-02	0.15
1.900000000000000000e+02 7.606000000000000261e-02	0.15
1.910000000000000000e+02 7.628999999999999670e-02	0.15
1.920000000000000000e+02 8.121000000000000441e-02	0.15
1.930000000000000000e+02 8.121000000000000441e-02	0.15
1.940000000000000000e+02 8.121000000000000441e-02	0.15
1.950000000000000000e+02 8.121000000000000441e-02	0.15
1.960000000000000000e+02 8.121000000000000441e-02	0.15
1.970000000000000000e+02 8.121000000000000441e-02	0.15
1.980000000000000000e+02 8.124000000000000665e-02	0.15
1.990000000000000000e+02 8.186999999999999833e-02	0.15
2.000000000000000000e+02 8.186999999999999833e-02	0.15
2.010000000000000000e+02 8.186999999999999833e-02	0.15
2.020000000000000000e+02 8.186999999999999833e-02	0.15
2.030000000000000000e+02 8.186999999999999833e-02	0.15
2.040000000000000000e+02 8.186999999999999833e-02	0.15
2.050000000000000000e+02 8.203000000000000569e-02	0.15
2.060000000000000000e+02 8.561000000000000554e-02	0.15
2.070000000000000000e+02 8.561000000000000554e-02	0.15
2.080000000000000000e+02 8.561000000000000554e-02	0.15
2.090000000000000000e+02 8.561000000000000554e-02	0.15
2.100000000000000000e+02 8.561000000000000554e-02	0.15
2.110000000000000000e+02 8.561000000000000554e-02	0.15
2.120000000000000000e+02 8.559999999999999554e-02	0.15
2.130000000000000000e+02 8.208000000000000018e-02	0.15
2.140000000000000000e+02 8.208000000000000018e-02	0.15
2.150000000000000000e+02 8.208000000000000018e-02	0.15
2.160000000000000000e+02 8.208000000000000018e-02	0.15
2.170000000000000000e+02 8.208000000000000018e-02	0.15
2.180000000000000000e+02 8.208000000000000018e-02	0.15
2.190000000000000000e+02 8.212999999999999468e-02	0.15
2.200000000000000000e+02 8.476999999999999813e-02	0.15
2.210000000000000000e+02 8.476999999999999813e-02	0.15
2.220000000000000000e+02 8.476999999999999813e-02	0.15
2.230000000000000000e+02 8.476999999999999813e-02	0.15
2.240000000000000000e+02 8.476999999999999813e-02	0.15
2.250000000000000000e+02 8.476999999999999813e-02	0.15
2.260000000000000000e+02 8.476999999999999813e-02	0.15
2.270000000000000000e+02 8.423999999999999544e-02	0.15
2.280000000000000000e+02 8.065999999999999559e-02	0.15
2.290000000000000000e+02 8.065999999999999559e-02	0.15
2.300000000000000000e+02 8.065999999999999559e-02	0.15
2.310000000000000000e+02 8.065999999999999559e-02	0.15
2.320000000000000000e+02 8.065999999999999559e-02	0.15
2.330000000000000000e+02 8.062999999999999334e-02	0.15
2.340000000000000000e+02 8.007000000000000228e-02	0.15
2.350000000000000000e+02 8.007000000000000228e-02	0.15
2.360000000000000000e+02 8.007000000000000228e-02	0.15
2.370000000000000000e+02 8.007000000000000228e-02	0.15
2.380000000000000000e+02 8.007000000000000228e-02	0.15
2.390000000000000000e+02 8.007000000000000228e-02	0.15
2.400000000000000000e+02 7.997999999999999554e-02	0.15
2.410000000000000000e+02 7.910999999999999976e-02	0.15
2.420000000000000000e+02 7.910999999999999976e-02	0.15
2.430000000000000000e+02 7.910999999999999976e-02	0.15
2.440000000000000000e+02 7.910999999999999976e-02	0.15
2.450000000000000000e+02 7.910999999999999976e-02	0.15
2.460000000000000000e+02 7.918000000000000038e-02	0.15
2.470000000000000000e+02 8.229000000000000203e-02	0.15
2.480000000000000000e+02 8.229000000000000203e-02	0.15
2.490000000000000000e+02 8.229000000000000203e-02	0.15
2.500000000000000000e+02 8.229000000000000203e-02	0.15
2.510000000000000000e+02 8.229000000000000203e-02	0.15
2.520000000000000000e+02 8.229000000000000203e-02	0.15
2.530000000000000000e+02 8.204999999999999793e-02	0.15
2.540000000000000000e+02 7.850000000000000033e-02	0.15
2.550000000000000000e+02 7.850000000000000033e-02	0.15
2.560000000000000000e+02 7.850000000000000033e-02	0.15
2.570000000000000000e+02 7.850000000000000033e-02	0.15
2.580000000000000000e+02 7.850000000000000033e-02	0.15
2.590000000000000000e+02 7.852000000000000646e-02	0.15
2.600000000000000000e+02 8.372000000000000275e-02	0.15
2.610000000000000000e+02 8.372000000000000275e-02	0.15
2.620000000000000000e+02 8.372000000000000275e-02	0.15
2.630000000000000000e+02 8.372000000000000275e-02	0.15
2.640000000000000000e+02 8.372000000000000275e-02	0.15
2.650000000000000000e+02 8.372000000000000275e-02	0.15
2.660000000000000000e+02 8.352999999999999314e-02	0.15
2.670000000000000000e+02 7.939000000000000223e-02	0.15
2.680000000000000000e+02 7.939000000000000223e-02	0.15
2.690000000000000000e+02 7.939000000000000223e-02	0.15
2.700000000000000000e+02 7.939000000000000223e-02	0.15
2.710000000000000000e+02 7.939000000000000223e-02	0.15
2.720000000000000000e+02 7.939000000000000223e-02	0.15
2.730000000000000000e+02 7.949000000000000510e-02	0.15
2.740000000000000000e+02 8.021999999999999964e-02	0.15
2.750000000000000000e+02 8.021999999999999964e-02	0.15
2.760000000000000000e+02 8.021999999999999964e-02	0.15
2.770000000000000000e+02 8.021999999999999964e-02	0.15
2.780000000000000000e+02 8.021999999999999964e-02	0.15
2.790000000000000000e+02 8.040999999999999537e-02	0.15
2.800000000000000000e+02 8.266999999999999349e-02	0.15
2.810000000000000000e+02 8.266999999999999349e-02	0.15
2.820000000000000000e+02 8.266999999999999349e-02	0.15
2.830000000000000000e+02 8.266999999999999349e-02	0.15
2.840000000000000000e+02 8.266999999999999349e-02	0.15
2.850000000000000000e+02 8.266999999999999349e-02	0.15
2.860000000000000000e+02 8.201999999999999569e-02	0.15
2.870000000000000000e+02 7.792999999999999927e-02	0.15
2.880000000000000000e+02 7.792999999999999927e-02	0.15
2.890000000000000000e+02 7.792999999999999927e-02	0.15
2.900000000000000000e+02 7.792999999999999927e-02	0.15
2.910000000000000000e+02 7.792999999999999927e-02	0.15
2.920000000000000000e+02 7.809000000000000663e-02	0.15
2.930000000000000000e+02 7.928000000000000325e-02	0.15
2.940000000000000000e+02 7.928000000000000325e-02	0.15
2.950000000000000000e+02 7.928000000000000325e-02	0.15
2.960000000000000000e+02 7.928000000000000325e-02	0.15
2.970000000000000000e+02 7.928000000000000325e-02	0.15
2.980000000000000000e+02 7.967000000000000470e-02	0.15
2.990000000000000000e+02 8.347999999999999865e-02	0.15
3.000000000000000000e+02 8.347999999999999865e-02	0.15
3.010000000000000000e+02 8.347999999999999865e-02	0.15
3.020000000000000000e+02 8.347999999999999865e-02	0.15
3.030000000000000000e+02 8.347999999999999865e-02	0.15
3.040000000000000000e+02 8.347999999999999865e-02	0.15
3.050000000000000000e+02 8.351999999999999702e-02	0.15
3.060000000000000000e+02 8.351999999999999702e-02	0.15
3.070000000000000000e+02 8.351999999999999702e-02	0.15
3.080000000000000000e+02 8.351999999999999702e-02	0.15
3.090000000000000000e+02 8.351999999999999702e-02	0.15
3.100000000000000000e+02 8.351999999999999702e-02	0.15
3.110000000000000000e+02 8.326999999999999680e-02	0.15
3.120000000000000000e+02 8.114000000000000379e-02	0.15
3.130000000000000000e+02 8.114000000000000379e-02	0.15
3.140000000000000000e+02 8.114000000000000379e-02	0.15
3.150000000000000000e+02 8.114000000000000379e-02	0.15
3.160000000000000000e+02 8.114000000000000379e-02	0.15
3.170000000000000000e+02 8.072000000000000008e-02	0.15
3.180000000000000000e+02 7.596999999999999587e-02	0.15
3.190000000000000000e+02 7.596999999999999587e-02	0.15
3.200000000000000000e+02 7.596999999999999587e-02	0.15
3.210000000000000000e+02 7.596999999999999587e-02	0.15
3.220000000000000000e+02 7.596999999999999587e-02	0.15
3.230000000000000000e+02 7.678000000000000103e-02	0.15
3.240000000000000000e+02 8.394000000000000072e-02	0.15
3.250000000000000000e+02 8.394000000000000072e-02	0.15
3.260000000000000000e+02 8.394000000000000072e-02	0.15
3.270000000000000000e+02 8.394000000000000072e-02	0.15
3.280000000000000000e+02 8.394000000000000072e-02	0.15
3.290000000000000000e+02 8.354999999999999927e-02	0.15
3.300000000000000000e+02 7.727000000000000535e-02	0.15
3.310000000000000000e+02 7.727000000000000535e-02	0.15
3.320000000000000000e+02 7.727000000000000535e-02	0.15
3.330000000000000000e+02 7.727000000000000535e-02	0.15
3.340000000000000000e+02 7.727000000000000535e-02	0.15
3.350000000000000000e+02 7.754999999999999394e-02	0.15
3.360000000000000000e+02 8.057999999999999885e-02	0.15
3.370000000000000000e+02 8.057999999999999885e-02	0.15
3.380000000000000000e+02 8.057999999999999885e-02	0.15
3.390000000000000000e+02 8.057999999999999885e-02	0.15
3.400000000000000000e+02 8.057999999999999885e-02	0.15
3.410000000000000000e+02 8.078000000000000458e-02	0.15
3.420000000000000000e+02 8.319999999999999618e-02	0.15
3.430000000000000000e+02 8.319999999999999618e-02	0.15
3.440000000000000000e+02 8.319999999999999618e-02	0.15
3.450000000000000000e+02 8.319999999999999618e-02	0.15
3.460000000000000000e+02 8.319999999999999618e-02	0.15
3.470000000000000000e+02 8.291999999999999371e-02	0.15
3.480000000000000000e+02 7.807000000000000051e-02	0.15
3.490000000000000000e+02 7.807000000000000051e-02	0.15
3.500000000000000000e+02 7.807000000000000051e-02	0.15
3.510000000000000000e+02 7.807000000000000051e-02	0.15
3.520000000000000000e+02 7.807000000000000051e-02	0.15
3.530000000000000000e+02 7.806000000000000438e-02	0.15
3.540000000000000000e+02 7.804999999999999438e-02	0.15
3.550000000000000000e+02 7.804999999999999438e-02	0.15
3.560000000000000000e+02 7.804999999999999438e-02	0.15
3.570000000000000000e+02 7.804999999999999438e-02	0.15
3.580000000000000000e+02 7.804999999999999438e-02	0.15
3.590000000000000000e+02 7.811999999999999500e-02	0.15
3.600000000000000000e+02 7.860999999999999932e-02	0.15
3.610000000000000000e+02 7.860999999999999932e-02	0.15
3.620000000000000000e+02 7.860999999999999932e-02	0.15
3.630000000000000000e+02 7.860999999999999932e-02	0.15
3.640000000000000000e+02 7.867999999999999994e-02	0.15
3.650000000000000000e+02 8.430999999999999606e-02	0.15
3.660000000000000000e+02 8.430999999999999606e-02	0.15
3.670000000000000000e+02 8.430999999999999606e-02	0.15
3.680000000000000000e+02 8.430999999999999606e-02	0.15
3.690000000000000000e+02 8.430999999999999606e-02	0.15
3.700000000000000000e+02 8.430999999999999606e-02	0.15
3.710000000000000000e+02 8.297999999999999821e-02	0.15
3.720000000000000000e+02 7.538000000000000256e-02	0.15
3.730000000000000000e+02 7.538000000000000256e-02	0.15
3.740000000000000000e+02 7.538000000000000256e-02	0.15
3.750000000000000000e+02 7.538000000000000256e-02	0.15
3.760000000000000000e+02 7.543999999999999317e-02	0.15
3.770000000000000000e+02 7.592999999999999750e-02	0.15
3.780000000000000000e+02 7.592999999999999750e-02	0.15
3.790000000000000000e+02 7.592999999999999750e-02	0.15
3.800000000000000000e+02 7.592999999999999750e-02	0.15
3.810000000000000000e+02 7.582999999999999463e-02	0.15
3.820000000000000000e+02 6.988999999999999380e-02	0.15
3.830000000000000000e+02 6.988999999999999380e-02	0.15
3.840000000000000000e+02 6.988999999999999380e-02	0.15
3.850000000000000000e+02 6.988999999999999380e-02	0.15
3.860000000000000000e+02 7.006999999999999340e-02	0.15
3.870000000000000000e+02 7.878000000000000280e-02	0.15
3.880000000000000000e+02 7.878000000000000280e-02	0.15
3.890000000000000000e+02 7.878000000000000280e-02	0.15
3.900000000000000000e+02 7.878000000000000280e-02	0.15
3.910000000000000000e+02 7.878000000000000280e-02	0.15
3.920000000000000000e+02 7.868999999999999606e-02	0.15
3.930000000000000000e+02 7.778000000000000191e-02	0.15
3.940000000000000000e+02 7.778000000000000191e-02	0.15
3.950000000000000000e+02 7.778000000000000191e-02	0.15
3.960000000000000000e+02 7.778000000000000191e-02	0.15
3.970000000000000000e+02 7.771000000000000130e-02	0.15
3.980000000000000000e+02 7.148999999999999799e-02	0.15
3.990000000000000000e+02 7.148999999999999799e-02	0.15
4.000000000000000000e+02 7.148999999999999799e-02	0.15
4.010000000000000000e+02 7.148999999999999799e-02	0.15
4.020000000000000000e+02 7.156999999999999473e-02	0.15
4.030000000000000000e+02 7.981000000000000594e-02	0.15
4.040000000000000000e+02 7.981000000000000594e-02	0.15
4.050000000000000000e+02 7.981000000000000594e-02	0.15
4.060000000000000000e+02 7.981000000000000594e-02	0.15
4.070000000000000000e+02 7.981000000000000594e-02	0.15
4.080000000000000000e+02 7.914000000000000201e-02	0.15
4.090000000000000000e+02 7.287000000000000421e-02	0.15
4.100000000000000000e+02 7.287000000000000421e-02	0.15
4.110000000000000000e+02 7.287000000000000421e-02	0.15
4.120000000000000000e+02 7.287000000000000421e-02	0.15
4.130000000000000000e+02 7.305000000000000382e-02	0.15
4.140000000000000000e+02 7.488000000000000211e-02	0.15
4.150000000000000000e+02 7.488000000000000211e-02	0.15
4.160000000000000000e+02 7.488000000000000211e-02	0.15
4.170000000000000000e+02 7.488000000000000211e-02	0.15
4.180000000000000000e+02 7.506999999999999784e-02	0.15
4.190000000000000000e+02 7.789000000000000090e-02	0.15
4.200000000000000000e+02 7.789000000000000090e-02	0.15
4.210000000000000000e+02 7.789000000000000090e-02	0.15
4.220000000000000000e+02 7.789000000000000090e-02	0.15
4.230000000000000000e+02 7.789000000000000090e-02	0.15
4.240000000000000000e+02 7.720000000000000473e-02	0.15
4.250000000000000000e+02 7.367999999999999550e-02	0.15
4.260000000000000000e+02 7.367999999999999550e-02	0.15
4.270000000000000000e+02 7.367999999999999550e-02	0.15
4.280000000000000000e+02 7.367999999999999550e-02	0.15
4.290000000000000000e+02 7.403999999999999471e-02	0.15
4.300000000000000000e+02 7.592000000000000137e-02	0.15
4.310000000000000000e+02 7.592000000000000137e-02	0.15
4.320000000000000000e+02 7.592000000000000137e-02	0.15
4.330000000000000000e+02 7.592000000000000137e-02	0.15
4.340000000000000000e+02 7.631000000000000283e-02	0.15
4.350000000000000000e+02 7.867999999999999994e-02	0.15
4.360000000000000000e+02 7.867999999999999994e-02	0.15
4.370000000000000000e+02 7.867999999999999994e-02	0.15
4.380000000000000000e+02 7.867999999999999994e-02	0.15
4.390000000000000000e+02 7.831000000000000461e-02	0.15
4.400000000000000000e+02 7.532999999999999419e-02	0.15
4.410000000000000000e+02 7.532999999999999419e-02	0.15
4.420000000000000000e+02 7.532999999999999419e-02	0.15
4.430000000000000000e+02 7.532999999999999419e-02	0.15
4.440000000000000000e+02 7.531000000000000194e-02	0.15
4.450000000000000000e+02 7.520999999999999908e-02	0.15
4.460000000000000000e+02 7.520999999999999908e-02	0.15
4.470000000000000000e+02 7.520999999999999908e-02	0.15
4.480000000000000000e+02 7.520999999999999908e-02	0.15
4.490000000000000000e+02 7.559000000000000441e-02	0.15
4.500000000000000000e+02 7.883999999999999342e-02	0.15
4.510000000000000000e+02 7.883999999999999342e-02	0.15
4.520000000000000000e+02 7.883999999999999342e-02	0.15
4.530000000000000000e+02 7.883999999999999342e-02	0.15
4.540000000000000000e+02 7.877000000000000668e-02	0.15
4.550000000000000000e+02 7.796000000000000152e-02	0.15
4.560000000000000000e+02 7.796000000000000152e-02	0.15
4.570000000000000000e+02 7.796000000000000152e-02	0.15
4.580000000000000000e+02 7.796000000000000152e-02	0.15
4.590000000000000000e+02 7.747999999999999332e-02	0.15
4.600000000000000000e+02 7.022000000000000464e-02	0.15
4.610000000000000000e+02 7.022000000000000464e-02	0.15
4.620000000000000000e+02 7.022000000000000464e-02	0.15
4.630000000000000000e+02 7.022000000000000464e-02	0.15
4.640000000000000000e+02 7.051999999999999935e-02	0.15
4.650000000000000000e+02 7.241999999999999826e-02	0.15
4.660000000000000000e+02 7.241999999999999826e-02	0.15
4.670000000000000000e+02 7.241999999999999826e-02	0.15
4.680000000000000000e+02 7.241999999999999826e-02	0.15
4.690000000000000000e+02 7.204000000000000681e-02	0.15
4.700000000000000000e+02 7.029000000000000525e-02	0.15
4.710000000000000000e+02 7.029000000000000525e-02	0.15
4.720000000000000000e+02 7.029000000000000525e-02	0.15
4.730000000000000000e+02 7.045999999999999486e-02	0.15
4.740000000000000000e+02 7.195000000000000007e-02	0.15
4.750000000000000000e+02 7.195000000000000007e-02	0.15
4.760000000000000000e+02 7.195000000000000007e-02	0.15
4.770000000000000000e+02 7.195000000000000007e-02	0.15
4.780000000000000000e+02 7.209999999999999742e-02	0.15
4.790000000000000000e+02 7.288999999999999646e-02	0.15
4.800000000000000000e+02 7.288999999999999646e-02	0.15
4.810000000000000000e+02 7.288999999999999646e-02	0.15
4.820000000000000000e+02 7.288999999999999646e-02	0.15
4.830000000000000000e+02 7.288000000000000034e-02	0.15
4.840000000000000000e+02 7.288000000000000034e-02	0.15
4.850000000000000000e+02 7.288000000000000034e-02	0.15
4.860000000000000000e+02 7.288000000000000034e-02	0.15
4.870000000000000000e+02 7.299999999999999545e-02	0.15
4.880000000000000000e+02 7.373999999999999999e-02	0.15
4.890000000000000000e+02 7.373999999999999999e-02	0.15
4.900000000000000000e+02 7.373999999999999999e-02	0.15
4.910000000000000000e+02 7.369000000000000550e-02	0.15
4.920000000000000000e+02 7.204000000000000681e-02	0.15
4.930000000000000000e+02 7.204000000000000681e-02	0.15
4.940000000000000000e+02 7.204000000000000681e-02	0.15
4.950000000000000000e+02 7.204000000000000681e-02	0.15
4.960000000000000000e+02 7.195999999999999619e-02	0.15
4.970000000000000000e+02 7.148000000000000187e-02	0.15
4.980000000000000000e+02 7.148000000000000187e-02	0.15
4.990000000000000000e+02 7.148000000000000187e-02	0.15
5.000000000000000000e+02 7.127000000000000002e-02	0.15
5.010000000000000000e+02 6.850000000000000533e-02	0.15
5.020000000000000000e+02 6.850000000000000533e-02	0.15
5.030000000000000000e+02 6.850000000000000533e-02	0.15
5.040000000000000000e+02 6.854999999999999982e-02	0.15
5.050000000000000000e+02 6.991999999999999604e-02	0.15
5.060000000000000000e+02 6.991999999999999604e-02	0.15
5.070000000000000000e+02 6.991999999999999604e-02	0.15
5.080000000000000000e+02 6.991999999999999604e-02	0.15
5.090000000000000000e+02 6.986000000000000543e-02	0.15
5.100000000000000000e+02 6.957000000000000683e-02	0.15
5.110000000000000000e+02 6.957000000000000683e-02	0.15
5.120000000000000000e+02 6.957000000000000683e-02	0.15
5.130000000000000000e+02 6.990000000000000380e-02	0.15
5.140000000000000000e+02 7.166999999999999760e-02	0.15
5.150000000000000000e+02 7.166999999999999760e-02	0.15
5.160000000000000000e+02 7.166999999999999760e-02	0.15
5.170000000000000000e+02 7.105000000000000204e-02	0.15
5.180000000000000000e+02 6.653000000000000580e-02	0.15
5.190000000000000000e+02 6.653000000000000580e-02	0.15
5.200000000000000000e+02 6.653000000000000580e-02	0.15
5.210000000000000000e+02 6.716999999999999360e-02	0.15
5.220000000000000000e+02 7.144000000000000350e-02	0.15
5.230000000000000000e+02 7.144000000000000350e-02	0.15
5.240000000000000000e+02 7.144000000000000350e-02	0.15
5.250000000000000000e+02 7.147000000000000575e-02	0.15
5.260000000000000000e+02 7.179000000000000659e-02	0.15
5.270000000000000000e+02 7.179000000000000659e-02	0.15
5.280000000000000000e+02 7.179000000000000659e-02	0.15
5.290000000000000000e+02 7.176000000000000434e-02	0.15
5.300000000000000000e+02 7.140000000000000513e-02	0.15
5.310000000000000000e+02 7.140000000000000513e-02	0.15
5.320000000000000000e+02 7.140000000000000513e-02	0.15
5.330000000000000000e+02 7.141000000000000125e-02	0.15
5.340000000000000000e+02 7.160999999999999310e-02	0.15
5.350000000000000000e+02 7.160999999999999310e-02	0.15
5.360000000000000000e+02 7.160999999999999310e-02	0.15
5.370000000000000000e+02 7.162999999999999923e-02	0.15
5.380000000000000000e+02 7.319000000000000505e-02	0.15
5.390000000000000000e+02 7.319000000000000505e-02	0.15
5.400000000000000000e+02 7.319000000000000505e-02	0.15
5.410000000000000000e+02 7.319000000000000505e-02	0.15
5.420000000000000000e+02 7.305999999999999994e-02	0.15
5.430000000000000000e+02 7.248000000000000276e-02	0.15
5.440000000000000000e+02 7.248000000000000276e-02	0.15
5.450000000000000000e+02 7.248000000000000276e-02	0.15
5.460000000000000000e+02 7.245999999999999663e-02	0.15
5.470000000000000000e+02 7.235999999999999377e-02	0.15
5.480000000000000000e+02 7.235999999999999377e-02	0.15
5.490000000000000000e+02 7.235999999999999377e-02	0.15
5.500000000000000000e+02 7.274999999999999523e-02	0.15
5.510000000000000000e+02 7.470000000000000251e-02	0.15
5.520000000000000000e+02 7.470000000000000251e-02	0.15
5.530000000000000000e+02 7.470000000000000251e-02	0.15
5.540000000000000000e+02 7.477000000000000313e-02	0.15
5.550000000000000000e+02 7.519000000000000683e-02	0.15
5.560000000000000000e+02 7.519000000000000683e-02	0.15
5.570000000000000000e+02 7.519000000000000683e-02	0.15
5.580000000000000000e+02 7.502999999999999947e-02	0.15
5.590000000000000000e+02 7.394000000000000572e-02	0.15
5.600000000000000000e+02 7.394000000000000572e-02	0.15
5.610000000000000000e+02 7.394000000000000572e-02	0.15
5.620000000000000000e+02 7.431999999999999718e-02	0.15
5.630000000000000000e+02 7.696000000000000063e-02	0.15
5.640000000000000000e+02 7.696000000000000063e-02	0.15
5.650000000000000000e+02 7.696000000000000063e-02	0.15
5.660000000000000000e+02 7.707999999999999574e-02	0.15
5.670000000000000000e+02 7.820000000000000562e-02	0.15
5.680000000000000000e+02 7.820000000000000562e-02	0.15
5.690000000000000000e+02 7.820000000000000562e-02	0.15
5.700000000000000000e+02 7.824000000000000399e-02	0.15
5.710000000000000000e+02 7.888000000000000567e-02	0.15
5.720000000000000000e+02 7.888000000000000567e-02	0.15
5.730000000000000000e+02 7.888000000000000567e-02	0.15
5.740000000000000000e+02 7.885000000000000342e-02	0.15
5.750000000000000000e+02 7.467000000000000026e-02	0.15
5.760000000000000000e+02 7.467000000000000026e-02	0.15
5.770000000000000000e+02 7.467000000000000026e-02	0.15
5.780000000000000000e+02 7.470999999999999863e-02	0.15
5.790000000000000000e+02 7.606999999999999873e-02	0.15
5.800000000000000000e+02 7.606999999999999873e-02	0.15
5.810000000000000000e+02 7.606999999999999873e-02	0.15
5.820000000000000000e+02 7.606999999999999873e-02	0.15
5.830000000000000000e+02 7.600999999999999424e-02	0.15
5.840000000000000000e+02 7.600999999999999424e-02	0.15
5.850000000000000000e+02 7.600999999999999424e-02	0.15
5.860000000000000000e+02 7.603999999999999648e-02	0.15
5.870000000000000000e+02 7.652000000000000468e-02	0.15
5.880000000000000000e+02 7.652000000000000468e-02	0.15
5.890000000000000000e+02 7.652000000000000468e-02	0.15
5.900000000000000000e+02 7.624000000000000221e-02	0.15
5.910000000000000000e+02 7.303999999999999382e-02	0.15
5.920000000000000000e+02 7.303999999999999382e-02	0.15
5.930000000000000000e+02 7.303999999999999382e-02	0.15
5.940000000000000000e+02 7.359000000000000263e-02	0.15
5.950000000000000000e+02 7.713000000000000411e-02	0.15
5.960000000000000000e+02 7.713000000000000411e-02	0.15
5.970000000000000000e+02 7.713000000000000411e-02	0.15
5.980000000000000000e+02 7.707999999999999574e-02	0.15
5.990000000000000000e+02 7.684000000000000552e-02	0.15
6.000000000000000000e+02 7.684000000000000552e-02	0.15
6.010000000000000000e+02 7.684000000000000552e-02	0.15
6.020000000000000000e+02 7.627000000000000446e-02	0.15
6.030000000000000000e+02 7.374999999999999611e-02	0.15
6.040000000000000000e+02 7.374999999999999611e-02	0.15
6.050000000000000000e+02 7.373999999999999999e-02	0.15
6.060000000000000000e+02 7.355000000000000426e-02	0.15
6.070000000000000000e+02 7.355000000000000426e-02	0.15
6.080000000000000000e+02 7.355000000000000426e-02	0.15
6.090000000000000000e+02 7.363000000000000100e-02	0.15
6.100000000000000000e+02 7.421999999999999431e-02	0.15
6.110000000000000000e+02 7.421999999999999431e-02	0.15
6.120000000000000000e+02 7.421999999999999431e-02	0.15
6.130000000000000000e+02 7.427999999999999881e-02	0.15
6.140000000000000000e+02 7.452999999999999903e-02	0.15
6.150000000000000000e+02 7.452999999999999903e-02	0.15
6.160000000000000000e+02 7.452999999999999903e-02	0.15
6.170000000000000000e+02 7.459999999999999964e-02	0.15
6.180000000000000000e+02 7.459999999999999964e-02	0.15
6.190000000000000000e+02 7.459999999999999964e-02	0.15
6.200000000000000000e+02 7.441000000000000392e-02	0.15
6.210000000000000000e+02 7.341000000000000303e-02	0.15
6.220000000000000000e+02 7.341000000000000303e-02	0.15
6.230000000000000000e+02 7.348999999999999977e-02	0.15
6.240000000000000000e+02 7.671999999999999653e-02	0.15
6.250000000000000000e+02 7.671999999999999653e-02	0.15
6.260000000000000000e+02 7.671999999999999653e-02	0.15
6.270000000000000000e+02 7.682999999999999552e-02	0.15
6.280000000000000000e+02 7.767000000000000293e-02	0.15
6.290000000000000000e+02 7.767000000000000293e-02	0.15
6.300000000000000000e+02 7.767000000000000293e-02	0.15
6.310000000000000000e+02 7.595000000000000362e-02	0.15
6.320000000000000000e+02 6.890999999999999903e-02	0.15
6.330000000000000000e+02 6.890999999999999903e-02	0.15
6.340000000000000000e+02 6.984999999999999543e-02	0.15
6.350000000000000000e+02 7.548000000000000542e-02	0.15
6.360000000000000000e+02 7.548000000000000542e-02	0.15
6.370000000000000000e+02 7.548000000000000542e-02	0.15
6.380000000000000000e+02 7.541000000000000481e-02	0.15
6.390000000000000000e+02 7.514999999999999458e-02	0.15
6.400000000000000000e+02 7.514999999999999458e-02	0.15
6.410000000000000000e+02 7.500999999999999335e-02	0.15
6.420000000000000000e+02 7.416000000000000369e-02	0.15
6.430000000000000000e+02 7.416000000000000369e-02	0.15
6.440000000000000000e+02 7.426000000000000656e-02	0.15
6.450000000000000000e+02 7.731000000000000372e-02	0.15
6.460000000000000000e+02 7.731000000000000372e-02	0.15
6.470000000000000000e+02 7.731000000000000372e-02	0.15
6.480000000000000000e+02 7.659000000000000530e-02	0.15
6.490000000000000000e+02 7.281999999999999584e-02	0.15
6.500000000000000000e+02 7.281999999999999584e-02	0.15
6.510000000000000000e+02 7.302000000000000157e-02	0.15
6.520000000000000000e+02 7.502999999999999947e-02	0.15
6.530000000000000000e+02 7.502999999999999947e-02	0.15
6.540000000000000000e+02 7.502999999999999947e-02	0.15
6.550000000000000000e+02 7.402000000000000246e-02	0.15
6.560000000000000000e+02 7.051999999999999935e-02	0.15
6.570000000000000000e+02 7.051999999999999935e-02	0.15
6.580000000000000000e+02 7.159999999999999698e-02	0.15
6.590000000000000000e+02 7.621999999999999609e-02	0.15
6.600000000000000000e+02 7.621999999999999609e-02	0.15
6.610000000000000000e+02 7.635000000000000120e-02	0.15
6.620000000000000000e+02 7.742000000000000270e-02	0.15
6.630000000000000000e+02 7.742000000000000270e-02	0.15
6.640000000000000000e+02 7.742000000000000270e-02	0.15
6.650000000000000000e+02 7.710999999999999799e-02	0.15
6.660000000000000000e+02 7.602000000000000424e-02	0.15
6.670000000000000000e+02 7.602000000000000424e-02	0.15
6.680000000000000000e+02 7.621999999999999609e-02	0.15
6.690000000000000000e+02 7.720000000000000473e-02	0.15
6.700000000000000000e+02 7.720000000000000473e-02	0.15
6.710000000000000000e+02 7.710999999999999799e-02	0.15
6.720000000000000000e+02 7.623000000000000609e-02	0.15
6.730000000000000000e+02 7.623000000000000609e-02	0.15
6.740000000000000000e+02 7.623000000000000609e-02	0.15
6.750000000000000000e+02 7.592999999999999750e-02	0.15
6.760000000000000000e+02 7.492999999999999661e-02	0.15
6.770000000000000000e+02 7.492999999999999661e-02	0.15
6.780000000000000000e+02 7.532999999999999419e-02	0.15
6.790000000000000000e+02 7.695000000000000451e-02	0.15
6.800000000000000000e+02 7.695000000000000451e-02	0.15
6.810000000000000000e+02 7.606000000000000261e-02	0.15
6.820000000000000000e+02 7.130999999999999839e-02	0.15
6.830000000000000000e+02 7.130999999999999839e-02	0.15
6.840000000000000000e+02 7.073999999999999733e-02	0.15
6.850000000000000000e+02 6.787999999999999590e-02	0.15
6.860000000000000000e+02 6.787999999999999590e-02	0.15
6.870000000000000000e+02 6.875000000000000555e-02	0.15
6.880000000000000000e+02 7.245999999999999663e-02	0.15
6.890000000000000000e+02 7.245999999999999663e-02	0.15
6.900000000000000000e+02 7.159999999999999698e-02	0.15
6.910000000000000000e+02 6.808999999999999775e-02	0.15
6.920000000000000000e+02 6.808999999999999775e-02	0.152288753723
6.930000000000000000e+02 6.826999999999999735e-02	0.161449559942
6.940000000000000000e+02 6.886000000000000454e-02	0.170771736327
6.950000000000000000e+02 6.886000000000000454e-02	0.180004640603
6.960000000000000000e+02 6.766999999999999404e-02	0.189150503595
6.970000000000000000e+02 6.432999999999999829e-02	0.198360146323
6.980000000000000000e+02 6.374000000000000499e-02	0.207768075588
6.990000000000000000e+02 5.999999999999999778e-02	0.217091411498
7.000000000000000000e+02 5.999999999999999778e-02	0.226508020867
7.010000000000000000e+02 6.083000000000000212e-02	0.235557750646
7.020000000000000000e+02 6.325999999999999679e-02	0.244007747621
7.030000000000000000e+02 6.292000000000000370e-02	0.251719542519
7.040000000000000000e+02 6.047999999999999904e-02	0.258956929394
7.050000000000000000e+02 6.047999999999999904e-02	0.265856506908
7.060000000000000000e+02 6.020999999999999963e-02	0.272199968502
7.070000000000000000e+02 5.943999999999999978e-02	0.277964269749
7.080000000000000000e+02 5.934999999999999998e-02	0.283167926698
7.090000000000000000e+02 5.890000000000000097e-02	0.287767423494
7.100000000000000000e+02 5.888999999999999790e-02	0.291786852924
7.110000000000000000e+02 5.752999999999999781e-02	0.295221327507
7.120000000000000000e+02 5.752999999999999781e-02	0.298150254858
7.130000000000000000e+02 5.786999999999999783e-02	0.300546654303
7.140000000000000000e+02 5.884999999999999953e-02	0.302452131392
7.150000000000000000e+02 5.838000000000000134e-02	0.303922483507
7.160000000000000000e+02 5.619999999999999996e-02	0.305047984274
7.170000000000000000e+02 5.632999999999999813e-02	0.305900064342
7.180000000000000000e+02 5.791000000000000314e-02	0.306491679101
7.190000000000000000e+02 5.791000000000000314e-02	0.306891563266
7.200000000000000000e+02 5.829999999999999766e-02	0.307170867223
7.210000000000000000e+02 5.933999999999999692e-02	0.307380157805
7.220000000000000000e+02 5.917000000000000037e-02	0.307562435592
7.230000000000000000e+02 5.854000000000000176e-02	0.307756189132
7.240000000000000000e+02 5.852000000000000257e-02	0.307992842337
7.250000000000000000e+02 5.836000000000000215e-02	0.308287848543
7.260000000000000000e+02 5.836000000000000215e-02	0.308649921829
7.270000000000000000e+02 5.804999999999999744e-02	0.309076718662
7.280000000000000000e+02 5.729999999999999677e-02	0.309558102519
7.290000000000000000e+02 5.711999999999999716e-02	0.310076389103
7.300000000000000000e+02 5.659000000000000141e-02	0.310592182872
7.310000000000000000e+02 5.714000000000000329e-02	0.311062280019
7.320000000000000000e+02 5.927000000000000324e-02	0.311428951471
7.330000000000000000e+02 5.915000000000000119e-02	0.311630638343
7.340000000000000000e+02 5.809999999999999887e-02	0.311621831178
7.350000000000000000e+02 5.809999999999999887e-02	0.311340247973
7.360000000000000000e+02 5.772000000000000047e-02	0.310722572717
7.370000000000000000e+02 5.686000000000000082e-02	0.309703860639
7.380000000000000000e+02 5.748000000000000331e-02	0.308182912554
7.390000000000000000e+02 5.920999999999999874e-02	0.306165811029
7.400000000000000000e+02 5.888000000000000178e-02	0.303664112971
7.410000000000000000e+02 5.770000000000000129e-02	0.300603297871
7.420000000000000000e+02 5.759000000000000230e-02	0.296869961259
7.430000000000000000e+02 5.696999999999999981e-02	0.292520697338
7.440000000000000000e+02 5.711999999999999716e-02	0.28754479911
7.450000000000000000e+02 5.915999999999999731e-02	0.282011365125
7.460000000000000000e+02 5.915999999999999731e-02	0.276149981725
7.470000000000000000e+02 5.967000000000000082e-02	0.269884472756
7.480000000000000000e+02 6.096000000000000030e-02	0.263329766873
7.490000000000000000e+02 6.040000000000000230e-02	0.256646751435
7.500000000000000000e+02 5.863000000000000156e-02	0.249740022554
7.510000000000000000e+02 5.897000000000000158e-02	0.242598453314
7.520000000000000000e+02 6.044999999999999679e-02	0.23555365037
7.530000000000000000e+02 6.072000000000000314e-02	0.228825718852
7.540000000000000000e+02 6.446999999999999953e-02	0.222444204664
7.550000000000000000e+02 6.446999999999999953e-02	0.216768797474
7.560000000000000000e+02 6.539000000000000368e-02	0.21155620854
7.570000000000000000e+02 6.829999999999999960e-02	0.206936748576
7.580000000000000000e+02 6.794999999999999651e-02	0.203023582842
7.590000000000000000e+02 6.468000000000000138e-02	0.199695642044
7.600000000000000000e+02 6.468000000000000138e-02	0.196928406512
7.610000000000000000e+02 6.568000000000000227e-02	0.194906508758
7.620000000000000000e+02 6.859999999999999432e-02	0.193684309643
7.630000000000000000e+02 6.852999999999999370e-02	0.193241556812
7.640000000000000000e+02 6.809999999999999387e-02	0.193524915738
7.650000000000000000e+02 6.809999999999999387e-02	0.19452962164
7.660000000000000000e+02 6.779000000000000303e-02	0.196239161832
7.670000000000000000e+02 6.689000000000000501e-02	0.19863529992
7.680000000000000000e+02 6.622000000000000108e-02	0.201708760182
7.690000000000000000e+02 6.300999999999999657e-02	0.205439363757
7.700000000000000000e+02 6.285999999999999921e-02	0.209908383975
7.710000000000000000e+02 5.994000000000000022e-02	0.21494094361
7.720000000000000000e+02 5.994000000000000022e-02	0.220692413567
7.730000000000000000e+02 6.031000000000000250e-02	0.226815530509
7.740000000000000000e+02 6.117000000000000215e-02	0.23317485602
7.750000000000000000e+02 6.088999999999999968e-02	0.239620562801
7.760000000000000000e+02 6.015000000000000208e-02	0.246170983942
7.770000000000000000e+02 5.995000000000000329e-02	0.252775718692
7.780000000000000000e+02 5.929999999999999855e-02	0.259319006811
7.790000000000000000e+02 6.015999999999999820e-02	0.265752448934
7.800000000000000000e+02 6.378999999999999948e-02	0.271869627899
7.810000000000000000e+02 6.356000000000000538e-02	0.277450656757
7.820000000000000000e+02 6.037000000000000005e-02	0.282770620727
7.830000000000000000e+02 6.037000000000000005e-02	0.288044820522
7.840000000000000000e+02 5.899000000000000077e-02	0.293035737914
7.850000000000000000e+02 5.612999999999999934e-02	0.297821445695
7.860000000000000000e+02 5.619999999999999996e-02	0.302512758647
7.870000000000000000e+02 5.634000000000000119e-02	0.30692249448
7.880000000000000000e+02 5.677000000000000102e-02	0.31106878918
7.890000000000000000e+02 5.768999999999999823e-02	0.315005715483
7.900000000000000000e+02 5.752000000000000168e-02	0.318755609882
7.910000000000000000e+02 5.716000000000000247e-02	0.322453990067
7.920000000000000000e+02 5.695999999999999674e-02	0.326179451812
7.930000000000000000e+02 5.653999999999999998e-02	0.329978448401
7.940000000000000000e+02 5.704999999999999655e-02	0.333929070554
7.950000000000000000e+02 5.820000000000000173e-02	0.338020779238
7.960000000000000000e+02 5.752999999999999781e-02	0.342259727463
7.970000000000000000e+02 5.603000000000000341e-02	0.346794511469
7.980000000000000000e+02 5.548999999999999766e-02	0.351737059293
7.990000000000000000e+02 5.435000000000000248e-02	0.357052597801
8.000000000000000000e+02 5.383999999999999897e-02	0.362827994447
8.010000000000000000e+02 5.278999999999999665e-02	0.369001447733
8.020000000000000000e+02 5.185000000000000026e-02	0.375656965723
8.030000000000000000e+02 5.152999999999999942e-02	0.382768959499
8.040000000000000000e+02 5.011000000000000176e-02	0.390249857129
8.050000000000000000e+02 5.036000000000000199e-02	0.398189731479
8.060000000000000000e+02 5.102000000000000285e-02	0.40633902009
8.070000000000000000e+02 5.167999999999999677e-02	0.41454661854
8.080000000000000000e+02 5.313999999999999974e-02	0.422742889728
8.090000000000000000e+02 5.222999999999999865e-02	0.430802151809
8.100000000000000000e+02 5.013000000000000095e-02	0.438955025483
8.110000000000000000e+02 4.683999999999999969e-02	0.447396285246
8.120000000000000000e+02 4.667999999999999927e-02	0.456259181274
8.130000000000000000e+02 4.630999999999999700e-02	0.464954595829
8.140000000000000000e+02 4.646999999999999742e-02	0.473439474194
8.150000000000000000e+02 4.637999999999999762e-02	0.481575647283
8.160000000000000000e+02 4.513000000000000345e-02	0.489374888194
8.170000000000000000e+02 4.556999999999999940e-02	0.496939765168
8.180000000000000000e+02 4.605000000000000066e-02	0.504017289947
8.190000000000000000e+02 4.306000000000000105e-02	0.510590910768
8.200000000000000000e+02 4.399999999999999745e-02	0.517080513882
8.210000000000000000e+02 4.576000000000000206e-02	0.522938181498
8.220000000000000000e+02 4.290000000000000063e-02	0.528147084738
8.230000000000000000e+02 4.286999999999999839e-02	0.533142935721
8.240000000000000000e+02 4.281999999999999695e-02	0.537644622625
8.250000000000000000e+02 4.286000000000000226e-02	0.541654726264
8.260000000000000000e+02 4.259999999999999898e-02	0.545168102526
8.270000000000000000e+02 4.173000000000000320e-02	0.548229098174
8.280000000000000000e+02 4.018999999999999656e-02	0.550878605058
8.290000000000000000e+02 4.052999999999999658e-02	0.553142920968
8.300000000000000000e+02 4.138000000000000012e-02	0.554936642671
8.310000000000000000e+02 4.207999999999999935e-02	0.55630318576
8.320000000000000000e+02 4.186000000000000137e-02	0.557292987789
8.330000000000000000e+02 4.068000000000000088e-02	0.557988292013
8.340000000000000000e+02 4.036000000000000004e-02	0.558427388822
8.350000000000000000e+02 4.361999999999999905e-02	0.558641055826
8.360000000000000000e+02 4.227999999999999814e-02	0.558675858441
8.370000000000000000e+02 4.005000000000000226e-02	0.558586216854
8.380000000000000000e+02 3.980999999999999817e-02	0.558394382464
8.390000000000000000e+02 4.120999999999999663e-02	0.558138256213
8.400000000000000000e+02 4.125999999999999807e-02	0.557860407396
8.410000000000000000e+02 4.139999999999999930e-02	0.557578218451
8.420000000000000000e+02 4.154000000000000054e-02	0.557309327744
8.430000000000000000e+02 4.179000000000000076e-02	0.557065065056
8.440000000000000000e+02 4.193999999999999811e-02	0.556854195114
8.450000000000000000e+02 4.154000000000000054e-02	0.556679134859
8.460000000000000000e+02 4.161999999999999728e-02	0.556542904372
8.470000000000000000e+02 4.191000000000000281e-02	0.556452267282
8.480000000000000000e+02 4.179000000000000076e-02	0.55641595878
8.490000000000000000e+02 4.037000000000000310e-02	0.556449624026
8.500000000000000000e+02 4.021000000000000268e-02	0.556579784313
8.510000000000000000e+02 4.014000000000000207e-02	0.556841384333
8.520000000000000000e+02 4.068000000000000088e-02	0.557277196609
8.530000000000000000e+02 4.146999999999999992e-02	0.557918525185
8.540000000000000000e+02 4.136000000000000093e-02	0.558791912563
8.550000000000000000e+02 4.139000000000000318e-02	0.559946459711
8.560000000000000000e+02 4.179999999999999688e-02	0.561396210572
8.570000000000000000e+02 4.213000000000000078e-02	0.563127856075
8.580000000000000000e+02 4.188999999999999668e-02	0.565126232597
8.590000000000000000e+02 4.066000000000000170e-02	0.567373407086
8.600000000000000000e+02 3.928999999999999854e-02	0.569865459266
8.610000000000000000e+02 3.998999999999999777e-02	0.572547735895
8.620000000000000000e+02 4.003000000000000308e-02	0.575165627711
8.630000000000000000e+02 3.998000000000000165e-02	0.577629948645
8.640000000000000000e+02 4.003999999999999920e-02	0.579811200697
8.650000000000000000e+02 4.062000000000000333e-02	0.581573434006
8.660000000000000000e+02 4.012999999999999901e-02	0.582793113981
8.670000000000000000e+02 3.919999999999999873e-02	0.583401919599
8.680000000000000000e+02 3.892000000000000320e-02	0.583317843323
8.690000000000000000e+02 3.910000000000000281e-02	0.582485812748
8.700000000000000000e+02 3.887999999999999790e-02	0.580931780853
8.710000000000000000e+02 3.951999999999999957e-02	0.578712951788
8.720000000000000000e+02 4.005000000000000226e-02	0.575989724541
8.730000000000000000e+02 3.987999999999999878e-02	0.572914490586
8.740000000000000000e+02 4.061000000000000026e-02	0.569607720468
8.750000000000000000e+02 4.129000000000000031e-02	0.566297088758
8.760000000000000000e+02 4.222000000000000058e-02	0.563141327085
8.770000000000000000e+02 4.206000000000000016e-02	0.560287164394
8.780000000000000000e+02 4.164000000000000340e-02	0.557766958631
8.790000000000000000e+02 4.130999999999999950e-02	0.555664004431
8.800000000000000000e+02 4.100000000000000172e-02	0.554063300587
8.810000000000000000e+02 4.139000000000000318e-02	0.553014520576
8.820000000000000000e+02 4.175000000000000239e-02	0.552536015872
8.830000000000000000e+02 4.123000000000000276e-02	0.552592197609
8.840000000000000000e+02 4.078999999999999987e-02	0.553143061705
8.850000000000000000e+02 4.102999999999999703e-02	0.554141235741
8.860000000000000000e+02 4.096000000000000335e-02	0.555490643631
8.870000000000000000e+02 4.141000000000000236e-02	0.557101139661
8.880000000000000000e+02 4.186999999999999750e-02	0.55885331103
8.890000000000000000e+02 4.234999999999999876e-02	0.560644051602
8.900000000000000000e+02 4.179999999999999688e-02	0.562380162093
8.910000000000000000e+02 4.091000000000000192e-02	0.564015324016
8.920000000000000000e+02 4.086999999999999661e-02	0.565477215148
8.930000000000000000e+02 3.985999999999999960e-02	0.566671650934
8.940000000000000000e+02 3.898000000000000076e-02	0.567568656114
8.950000000000000000e+02 4.018999999999999656e-02	0.568126701553
8.960000000000000000e+02 4.175999999999999851e-02	0.568335602123
8.970000000000000000e+02 4.125999999999999807e-02	0.568262770651
8.980000000000000000e+02 4.043999999999999678e-02	0.567975137861
8.990000000000000000e+02 4.000000000000000083e-02	0.567539533895
9.000000000000000000e+02 3.975000000000000061e-02	0.567047874386
9.010000000000000000e+02 4.043000000000000066e-02	0.566604808106
9.020000000000000000e+02 4.127000000000000113e-02	0.566316710607
9.030000000000000000e+02 4.227000000000000202e-02	0.566260373739
9.040000000000000000e+02 4.168000000000000177e-02	0.566485170377
9.050000000000000000e+02 4.084999999999999742e-02	0.56704056741
9.060000000000000000e+02 4.082000000000000212e-02	0.56797438886
9.070000000000000000e+02 4.021000000000000268e-02	0.569285758956
9.080000000000000000e+02 3.932999999999999691e-02	0.570985736076
9.090000000000000000e+02 3.885000000000000259e-02	0.573066448476
9.100000000000000000e+02 3.891000000000000014e-02	0.575460973412
9.110000000000000000e+02 4.028000000000000330e-02	0.57805707232
9.120000000000000000e+02 4.078999999999999987e-02	0.580674799005
9.130000000000000000e+02 4.066999999999999782e-02	0.583251565626
9.140000000000000000e+02 3.957999999999999713e-02	0.585711691272
9.150000000000000000e+02 3.916000000000000036e-02	0.587974766236
9.160000000000000000e+02 3.907999999999999668e-02	0.589847236372
9.170000000000000000e+02 4.032000000000000167e-02	0.591165718755
9.180000000000000000e+02 3.993000000000000022e-02	0.591800815946
9.190000000000000000e+02 3.896999999999999770e-02	0.591709964774
9.200000000000000000e+02 3.855000000000000093e-02	0.59080977755
9.210000000000000000e+02 3.882000000000000034e-02	0.589088899145
9.220000000000000000e+02 3.846000000000000113e-02	0.586659695698
9.230000000000000000e+02 3.787000000000000088e-02	0.583631822214
9.240000000000000000e+02 3.801999999999999824e-02	0.580191772881
9.250000000000000000e+02 3.939999999999999752e-02	0.576657569402
9.260000000000000000e+02 4.112999999999999989e-02	0.573402162732
9.270000000000000000e+02 4.286000000000000226e-02	0.570619436642
9.280000000000000000e+02 4.136999999999999705e-02	0.568387661013
9.290000000000000000e+02 4.077999999999999681e-02	0.566625057081
9.300000000000000000e+02 4.216000000000000303e-02	0.565388545213
9.310000000000000000e+02 4.252999999999999836e-02	0.564637727682
9.320000000000000000e+02 4.234999999999999876e-02	0.564184597567
9.330000000000000000e+02 4.055999999999999883e-02	0.563828035433
9.340000000000000000e+02 3.916000000000000036e-02	0.563326220022
9.350000000000000000e+02 3.885999999999999871e-02	0.562415453197
9.360000000000000000e+02 3.925000000000000017e-02	0.560883809878
9.370000000000000000e+02 4.091000000000000192e-02	0.558615554155
9.380000000000000000e+02 4.150000000000000216e-02	0.555710993249
9.390000000000000000e+02 4.252000000000000224e-02	0.552236924116
9.400000000000000000e+02 4.284000000000000308e-02	0.548414731095
9.410000000000000000e+02 4.270000000000000184e-02	0.544432431516
9.420000000000000000e+02 4.257999999999999979e-02	0.540526115337
9.430000000000000000e+02 4.197000000000000036e-02	0.537004720963
9.440000000000000000e+02 4.161000000000000115e-02	0.534158203729
9.450000000000000000e+02 4.141000000000000236e-02	0.532318853272
9.460000000000000000e+02 4.381999999999999784e-02	0.531753128754
9.470000000000000000e+02 4.628000000000000169e-02	0.532552327701
9.480000000000000000e+02 4.377000000000000335e-02	0.534563097114
9.490000000000000000e+02 4.286999999999999839e-02	0.537945884778
9.500000000000000000e+02 4.179999999999999688e-02	0.542621033643
9.510000000000000000e+02 4.220999999999999752e-02	0.548481072988
9.520000000000000000e+02 4.213000000000000078e-02	0.555043656833
9.530000000000000000e+02 4.037999999999999923e-02	0.56204176183
9.540000000000000000e+02 3.882000000000000034e-02	0.569391246223
9.550000000000000000e+02 3.876000000000000278e-02	0.576701335263
9.560000000000000000e+02 3.933999999999999997e-02	0.58333135087
9.570000000000000000e+02 3.862999999999999767e-02	0.588936136386
9.580000000000000000e+02 3.907999999999999668e-02	0.59349073399
9.590000000000000000e+02 4.005999999999999839e-02	0.596793152167
9.600000000000000000e+02 3.903999999999999831e-02	0.598877499274
9.610000000000000000e+02 3.887000000000000177e-02	0.599884422552
9.620000000000000000e+02 3.896000000000000157e-02	0.599859414056
9.630000000000000000e+02 3.776000000000000190e-02	0.598911365067
9.640000000000000000e+02 3.783000000000000251e-02	0.597078195519
9.650000000000000000e+02 3.982000000000000123e-02	0.59451151623
9.660000000000000000e+02 4.073000000000000231e-02	0.591475932966
9.670000000000000000e+02 3.966000000000000081e-02	0.588041870638
9.680000000000000000e+02 3.905999999999999750e-02	0.584142722854
9.690000000000000000e+02 3.921000000000000180e-02	0.579937059898
9.700000000000000000e+02 3.908999999999999975e-02	0.575661486193
9.710000000000000000e+02 3.908999999999999975e-02	0.571507778814
9.720000000000000000e+02 3.987000000000000266e-02	0.567740712383
9.730000000000000000e+02 4.041000000000000147e-02	0.564660727113
9.740000000000000000e+02 4.145000000000000073e-02	0.562432885211
9.750000000000000000e+02 4.259000000000000286e-02	0.5611991344
9.760000000000000000e+02 4.168999999999999789e-02	0.560917901169
9.770000000000000000e+02 4.087999999999999967e-02	0.561543400193
9.780000000000000000e+02 4.132999999999999868e-02	0.562937351168
9.790000000000000000e+02 4.177999999999999770e-02	0.564793391887
9.800000000000000000e+02 4.166999999999999871e-02	0.56672329634
9.810000000000000000e+02 4.129000000000000031e-02	0.568338663665
9.820000000000000000e+02 4.100999999999999784e-02	0.569220837987
9.830000000000000000e+02 4.048999999999999821e-02	0.569004806808
9.840000000000000000e+02 3.851999999999999869e-02	0.567424436945
9.850000000000000000e+02 3.703999999999999654e-02	0.564225077099
9.860000000000000000e+02 3.951999999999999957e-02	0.559459912366
9.870000000000000000e+02 4.198999999999999955e-02	0.554072141403
9.880000000000000000e+02 4.333000000000000046e-02	0.548718331078
9.890000000000000000e+02 4.488999999999999935e-02	0.543819564326
9.900000000000000000e+02 4.372000000000000192e-02	0.539790752476
9.910000000000000000e+02 4.311000000000000248e-02	0.536802621134
9.920000000000000000e+02 4.349000000000000088e-02	0.53522509248
9.930000000000000000e+02 4.227999999999999814e-02	0.535235610523
9.940000000000000000e+02 4.193000000000000199e-02	0.536803716672
9.950000000000000000e+02 4.270999999999999797e-02	0.539745890487
9.960000000000000000e+02 4.222000000000000058e-02	0.543541175762
9.970000000000000000e+02 4.145000000000000073e-02	0.547743429533
9.980000000000000000e+02 4.161999999999999728e-02	0.551784093838
9.990000000000000000e+02 4.159000000000000197e-02	0.554940419818
1.000000000000000000e+03 4.071999999999999925e-02	0.556685515525
1.001000000000000000e+03 4.080000000000000293e-02	0.55658209767
1.002000000000000000e+03 4.173000000000000320e-02	0.554347596992
1.003000000000000000e+03 4.175000000000000239e-02	0.550082468649
1.004000000000000000e+03 4.211000000000000160e-02	0.543982970838
1.005000000000000000e+03 4.270999999999999797e-02	0.536507814341
1.006000000000000000e+03 4.331000000000000127e-02	0.528274034468
1.007000000000000000e+03 4.420000000000000318e-02	0.51993228376
1.008000000000000000e+03 4.442999999999999727e-02	0.512142844594
1.009000000000000000e+03 4.449000000000000177e-02	0.505365879649
1.010000000000000000e+03 4.510999999999999732e-02	0.500095574375
1.011000000000000000e+03 4.517000000000000182e-02	0.496726404759
1.012000000000000000e+03 4.467999999999999750e-02	0.495451744321
1.013000000000000000e+03 4.551000000000000184e-02	0.496367833891
1.014000000000000000e+03 4.585999999999999799e-02	0.499326680805
1.015000000000000000e+03 4.488000000000000322e-02	0.504062684542
1.016000000000000000e+03 4.465000000000000219e-02	0.51029230905
1.017000000000000000e+03 4.503000000000000058e-02	0.517445837792
1.018000000000000000e+03 4.404999999999999888e-02	0.524807793195
1.019000000000000000e+03 4.313999999999999779e-02	0.531924687156
1.020000000000000000e+03 4.240000000000000019e-02	0.538134953152
1.021000000000000000e+03 4.136000000000000093e-02	0.542828562632
1.022000000000000000e+03 4.080999999999999905e-02	0.54558980336
1.023000000000000000e+03 4.039999999999999841e-02	0.546206925493
1.024000000000000000e+03 4.121999999999999970e-02	0.544824275489
1.025000000000000000e+03 4.270000000000000184e-02	0.541989676533
1.026000000000000000e+03 4.356999999999999762e-02	0.538442883031
1.027000000000000000e+03 4.383999999999999703e-02	0.534762774119
1.028000000000000000e+03 4.397999999999999826e-02	0.531374980218
1.029000000000000000e+03 4.370999999999999885e-02	0.5285645371
1.030000000000000000e+03 4.320999999999999841e-02	0.526398375398
1.031000000000000000e+03 4.370999999999999885e-02	0.524734665621
1.032000000000000000e+03 4.470999999999999974e-02	0.523245270501
1.033000000000000000e+03 4.426000000000000073e-02	0.521442434404
1.034000000000000000e+03 4.288000000000000145e-02	0.5187222514
1.035000000000000000e+03 4.283000000000000002e-02	0.514429478446
1.036000000000000000e+03 4.359999999999999987e-02	0.508212740856
1.037000000000000000e+03 4.467000000000000137e-02	0.500074009029
1.038000000000000000e+03 4.556999999999999940e-02	0.490315215344
1.039000000000000000e+03 4.624000000000000332e-02	0.479394311444
1.040000000000000000e+03 4.710999999999999910e-02	0.467898901217
1.041000000000000000e+03 4.755000000000000199e-02	0.456572401162
1.042000000000000000e+03 4.793000000000000038e-02	0.44601868343
1.043000000000000000e+03 4.923999999999999905e-02	0.436875712126
1.044000000000000000e+03 5.122000000000000164e-02	0.42971739994
1.045000000000000000e+03 5.242000000000000132e-02	0.424751738957
1.046000000000000000e+03 5.256999999999999867e-02	0.421851715487
1.047000000000000000e+03 5.186999999999999944e-02	0.420833412871
1.048000000000000000e+03 4.927000000000000129e-02	0.421489415097
1.049000000000000000e+03 4.778999999999999915e-02	0.423696020702
1.050000000000000000e+03 4.884999999999999759e-02	0.427089395815
1.051000000000000000e+03 4.895000000000000046e-02	0.431053058285
1.052000000000000000e+03 4.807999999999999774e-02	0.435211160679
1.053000000000000000e+03 4.871999999999999942e-02	0.439342119837
1.054000000000000000e+03 5.006000000000000033e-02	0.443172181291
1.055000000000000000e+03 4.984000000000000236e-02	0.446693306148
1.056000000000000000e+03 4.794000000000000344e-02	0.450166870575
1.057000000000000000e+03 4.689999999999999725e-02	0.454005866642
1.058000000000000000e+03 4.773999999999999772e-02	0.458534232201
1.059000000000000000e+03 4.805000000000000243e-02	0.463953234303
1.060000000000000000e+03 4.755000000000000199e-02	0.470573694928
1.061000000000000000e+03 4.700000000000000011e-02	0.4786541401
1.062000000000000000e+03 4.585999999999999799e-02	0.488203218143
1.063000000000000000e+03 4.522000000000000325e-02	0.499153941385
1.064000000000000000e+03 4.474000000000000199e-02	0.510902937071
1.065000000000000000e+03 4.379000000000000253e-02	0.522688771599
1.066000000000000000e+03 4.343000000000000332e-02	0.533743925894
1.067000000000000000e+03 4.327000000000000290e-02	0.542979637176
1.068000000000000000e+03 4.059000000000000108e-02	0.549590631526
1.069000000000000000e+03 3.978000000000000286e-02	0.553242004352
1.070000000000000000e+03 3.971000000000000224e-02	0.553462635907
1.071000000000000000e+03 4.179999999999999688e-02	0.550810872874
1.072000000000000000e+03 4.338000000000000189e-02	0.546720225868
1.073000000000000000e+03 4.329000000000000209e-02	0.542533173632
1.074000000000000000e+03 4.288000000000000145e-02	0.539219883249
1.075000000000000000e+03 4.248999999999999999e-02	0.53765976811
1.076000000000000000e+03 4.265000000000000041e-02	0.538397068247
1.077000000000000000e+03 4.311999999999999861e-02	0.54141808875
1.078000000000000000e+03 4.297000000000000125e-02	0.546122209689
1.079000000000000000e+03 4.107000000000000234e-02	0.551613053649
1.080000000000000000e+03 4.123000000000000276e-02	0.556889181895
1.081000000000000000e+03 4.039999999999999841e-02	0.560392784674
1.082000000000000000e+03 4.010999999999999982e-02	0.561076963494
1.083000000000000000e+03 4.132999999999999868e-02	0.558313279141
1.084000000000000000e+03 4.130000000000000338e-02	0.552470521747
1.085000000000000000e+03 4.184000000000000219e-02	0.544326251672
1.086000000000000000e+03 4.229000000000000120e-02	0.535293241065
1.087000000000000000e+03 4.379999999999999866e-02	0.526839650038
1.088000000000000000e+03 4.490999999999999853e-02	0.520396249818
1.089000000000000000e+03 4.547999999999999959e-02	0.516671438916
1.090000000000000000e+03 4.449999999999999789e-02	0.515967846527
1.091000000000000000e+03 4.333000000000000046e-02	0.518311771585
1.092000000000000000e+03 4.281999999999999695e-02	0.523459762109
1.093000000000000000e+03 4.191000000000000281e-02	0.530592846518
1.094000000000000000e+03 4.245000000000000162e-02	0.538635502046
1.095000000000000000e+03 4.293000000000000288e-02	0.546022573491
1.096000000000000000e+03 4.261999999999999816e-02	0.551647801692
1.097000000000000000e+03 4.064999999999999863e-02	0.554773223557
1.098000000000000000e+03 4.091000000000000192e-02	0.554813384137
1.099000000000000000e+03 4.107999999999999846e-02	0.5516046495
1.100000000000000000e+03 4.170000000000000095e-02	0.545636236086
1.101000000000000000e+03 4.261999999999999816e-02	0.537826270786
1.102000000000000000e+03 4.463999999999999913e-02	0.529179877935
1.103000000000000000e+03 4.551999999999999796e-02	0.52067539116
1.104000000000000000e+03 4.377000000000000335e-02	0.512614025627
1.105000000000000000e+03 4.390000000000000152e-02	0.504900954683
1.106000000000000000e+03 4.429999999999999910e-02	0.498015411526
1.107000000000000000e+03 4.506000000000000283e-02	0.492050226176
1.108000000000000000e+03 4.719999999999999890e-02	0.487020164147
1.109000000000000000e+03 4.585999999999999799e-02	0.48297790345
1.110000000000000000e+03 4.524999999999999856e-02	0.47966137676
1.111000000000000000e+03 4.687000000000000194e-02	0.477218524258
1.112000000000000000e+03 4.794000000000000344e-02	0.47578798221
1.113000000000000000e+03 4.712000000000000216e-02	0.475309342646
1.114000000000000000e+03 4.721999999999999809e-02	0.475749678188
1.115000000000000000e+03 4.621999999999999720e-02	0.477078520602
1.116000000000000000e+03 4.553000000000000103e-02	0.479283245252
1.117000000000000000e+03 4.553000000000000103e-02	0.482329453434
1.118000000000000000e+03 4.603000000000000147e-02	0.486148111263
1.119000000000000000e+03 4.615999999999999964e-02	0.490658562426
1.120000000000000000e+03 4.587999999999999717e-02	0.495838687009
1.121000000000000000e+03 4.472999999999999893e-02	0.501636903626
1.122000000000000000e+03 4.483999999999999792e-02	0.507984803678
1.123000000000000000e+03 4.470999999999999974e-02	0.514385372446
1.124000000000000000e+03 4.279999999999999777e-02	0.520407399658
1.125000000000000000e+03 4.322000000000000147e-02	0.525654719281
1.126000000000000000e+03 4.359999999999999987e-02	0.529223765841
1.127000000000000000e+03 4.363000000000000211e-02	0.530634628923
1.128000000000000000e+03 4.279000000000000165e-02	0.529622662363
1.129000000000000000e+03 4.279999999999999777e-02	0.52604045328
1.130000000000000000e+03 4.327000000000000290e-02	0.520111559212
1.131000000000000000e+03 4.302999999999999881e-02	0.512411166762
1.132000000000000000e+03 4.691000000000000031e-02	0.503502124795
1.133000000000000000e+03 4.669999999999999846e-02	0.494792302591
1.134000000000000000e+03 4.612999999999999740e-02	0.48606864579
1.135000000000000000e+03 4.594999999999999779e-02	0.47761011975
1.136000000000000000e+03 4.655000000000000110e-02	0.469778693438
1.137000000000000000e+03 4.630000000000000088e-02	0.462901259545
1.138000000000000000e+03 4.669999999999999846e-02	0.457027710068
1.139000000000000000e+03 4.941999999999999865e-02	0.452305680245
1.140000000000000000e+03 4.939999999999999947e-02	0.44877649468
1.141000000000000000e+03 4.961999999999999744e-02	0.445897434728
1.142000000000000000e+03 4.952999999999999764e-02	0.443193699937
1.143000000000000000e+03 4.837999999999999939e-02	0.439979668694
1.144000000000000000e+03 4.900999999999999801e-02	0.435408992108
1.145000000000000000e+03 4.947000000000000008e-02	0.428941497394
1.146000000000000000e+03 4.982999999999999929e-02	0.420220046614
1.147000000000000000e+03 5.029000000000000137e-02	0.409297824132
1.148000000000000000e+03 5.188999999999999863e-02	0.396680117466
1.149000000000000000e+03 5.287000000000000033e-02	0.383498978795
1.150000000000000000e+03 5.405999999999999694e-02	0.370608456083
1.151000000000000000e+03 5.501999999999999946e-02	0.359000684091
1.152000000000000000e+03 5.580000000000000238e-02	0.349415877825
1.153000000000000000e+03 5.566000000000000114e-02	0.342392745305
1.154000000000000000e+03 5.544000000000000317e-02	0.33821418593
1.155000000000000000e+03 5.543000000000000010e-02	0.337069013536
1.156000000000000000e+03 5.466000000000000025e-02	0.338910549662
1.157000000000000000e+03 5.494999999999999885e-02	0.343511387397
1.158000000000000000e+03 5.539000000000000173e-02	0.350313364766
1.159000000000000000e+03 5.523000000000000131e-02	0.358596083274
1.160000000000000000e+03 5.467999999999999944e-02	0.367672299606
1.161000000000000000e+03 5.272000000000000297e-02	0.37681994153
1.162000000000000000e+03 5.256999999999999867e-02	0.385449817687
1.163000000000000000e+03 5.211999999999999966e-02	0.392588217077
1.164000000000000000e+03 5.186000000000000332e-02	0.397865313147
1.165000000000000000e+03 5.149000000000000105e-02	0.401233594461
1.166000000000000000e+03 5.023999999999999994e-02	0.403115831114
1.167000000000000000e+03 5.032999999999999974e-02	0.404319987675
1.168000000000000000e+03 5.278999999999999665e-02	0.405872181467
1.169000000000000000e+03 5.176999999999999658e-02	0.408633609662
1.170000000000000000e+03 5.102999999999999897e-02	0.413401533555
1.171000000000000000e+03 5.097999999999999754e-02	0.420425699723
1.172000000000000000e+03 5.038000000000000117e-02	0.429302184846
1.173000000000000000e+03 4.766000000000000097e-02	0.439276736587
1.174000000000000000e+03 4.759000000000000036e-02	0.449529947679
1.175000000000000000e+03 4.800000000000000100e-02	0.458089073775
1.176000000000000000e+03 4.794999999999999957e-02	0.463694171115
1.177000000000000000e+03 4.728000000000000258e-02	0.465779419225
1.178000000000000000e+03 4.739000000000000157e-02	0.464216877465
1.179000000000000000e+03 4.769999999999999934e-02	0.459453784057
1.180000000000000000e+03 4.791000000000000120e-02	0.452468881157
1.181000000000000000e+03 4.973000000000000337e-02	0.444429792235
1.182000000000000000e+03 4.977000000000000174e-02	0.436750906076
1.183000000000000000e+03 4.880000000000000310e-02	0.430157071648
1.184000000000000000e+03 4.918000000000000149e-02	0.425371022743
1.185000000000000000e+03 4.961000000000000132e-02	0.423108478836
1.186000000000000000e+03 5.081000000000000100e-02	0.423509671837
1.187000000000000000e+03 5.099000000000000060e-02	0.426199749724
1.188000000000000000e+03 5.061000000000000221e-02	0.430484404559
1.189000000000000000e+03 4.954999999999999682e-02	0.435430856146
1.190000000000000000e+03 4.735000000000000320e-02	0.439983248407
1.191000000000000000e+03 4.803999999999999937e-02	0.443179197878
1.192000000000000000e+03 4.845000000000000001e-02	0.444279391511
1.193000000000000000e+03 4.995999999999999747e-02	0.443562245817
1.194000000000000000e+03 4.973999999999999949e-02	0.441831828036
1.195000000000000000e+03 4.866000000000000186e-02	0.439948266357
1.196000000000000000e+03 4.868000000000000105e-02	0.438676933368
1.197000000000000000e+03 4.929000000000000048e-02	0.438518142694
1.198000000000000000e+03 4.895999999999999658e-02	0.439416737797
1.199000000000000000e+03 4.857000000000000206e-02	0.440853438959
1.200000000000000000e+03 5.002999999999999808e-02	0.441932887637
1.201000000000000000e+03 4.945000000000000090e-02	0.441637237863
1.202000000000000000e+03 4.812999999999999917e-02	0.439183877003
1.203000000000000000e+03 4.855999999999999900e-02	0.434119321508
1.204000000000000000e+03 4.966000000000000275e-02	0.427025319538
1.205000000000000000e+03 5.127000000000000307e-02	0.419278152279
1.206000000000000000e+03 5.129999999999999838e-02	0.412490726931
1.207000000000000000e+03 5.095000000000000223e-02	0.407823785979
1.208000000000000000e+03 5.109999999999999959e-02	0.406208581023
1.209000000000000000e+03 5.124999999999999695e-02	0.407884546021
1.210000000000000000e+03 5.104999999999999816e-02	0.412175649637
1.211000000000000000e+03 5.061999999999999833e-02	0.417692639012
1.212000000000000000e+03 4.973000000000000337e-02	0.422541603325
1.213000000000000000e+03 5.016000000000000320e-02	0.424665181615
1.214000000000000000e+03 5.088999999999999774e-02	0.422384388007
1.215000000000000000e+03 5.027999999999999831e-02	0.415231700673
1.216000000000000000e+03 5.061000000000000221e-02	0.403633372354
1.217000000000000000e+03 5.142000000000000043e-02	0.389581537489
1.218000000000000000e+03 5.446000000000000146e-02	0.375835449534
1.219000000000000000e+03 5.451000000000000290e-02	0.365293276867
1.220000000000000000e+03 5.478000000000000230e-02	0.358983588682
1.221000000000000000e+03 5.462999999999999801e-02	0.357781939542
1.222000000000000000e+03 5.380999999999999672e-02	0.361568208874
1.223000000000000000e+03 5.351000000000000201e-02	0.369493201751
1.224000000000000000e+03 5.294999999999999707e-02	0.380011768074
1.225000000000000000e+03 5.163000000000000228e-02	0.391440561291
1.226000000000000000e+03 5.120000000000000245e-02	0.402333876046
1.227000000000000000e+03 5.093999999999999917e-02	0.411219047733
1.228000000000000000e+03 5.208999999999999742e-02	0.41726020834
1.229000000000000000e+03 5.156000000000000166e-02	0.420143896167
1.230000000000000000e+03 4.948000000000000315e-02	0.420365194644
1.231000000000000000e+03 4.807000000000000162e-02	0.419037442594
1.232000000000000000e+03 4.954999999999999682e-02	0.418558985562
1.233000000000000000e+03 5.192000000000000087e-02	0.422030119959
1.234000000000000000e+03 5.109000000000000347e-02	0.431130343617
1.235000000000000000e+03 4.900000000000000189e-02	0.446347020175
1.236000000000000000e+03 4.716000000000000053e-02	0.466123079403
1.237000000000000000e+03 4.569999999999999757e-02	0.485698109438
1.238000000000000000e+03 4.424999999999999767e-02	0.498670007854
1.239000000000000000e+03 4.402999999999999969e-02	0.500038589466
1.240000000000000000e+03 4.599999999999999922e-02	0.489319369563
1.241000000000000000e+03 4.834999999999999715e-02	0.47176379068
1.242000000000000000e+03 4.900999999999999801e-02	0.453303607598
1.243000000000000000e+03 4.887999999999999984e-02	0.437022484568
1.244000000000000000e+03 4.909000000000000169e-02	0.42427071629
1.245000000000000000e+03 5.025000000000000300e-02	0.415204316241
1.246000000000000000e+03 5.138999999999999818e-02	0.409118306582
1.247000000000000000e+03 5.122000000000000164e-02	0.404896565254
1.248000000000000000e+03 5.183000000000000107e-02	0.401298680925
1.249000000000000000e+03 5.292000000000000176e-02	0.397039039049
1.250000000000000000e+03 5.303000000000000075e-02	0.390767340036
1.251000000000000000e+03 5.120999999999999858e-02	0.381410259815
1.252000000000000000e+03 5.236999999999999988e-02	0.368578496783
1.253000000000000000e+03 5.494999999999999885e-02	0.354577198308
1.254000000000000000e+03 5.720999999999999697e-02	0.342452483754
1.255000000000000000e+03 5.639999999999999875e-02	0.334204472411
1.256000000000000000e+03 5.573000000000000176e-02	0.330522599775
1.257000000000000000e+03 5.625000000000000139e-02	0.331427949047
1.258000000000000000e+03 5.600999999999999729e-02	0.335530792245
1.259000000000000000e+03 5.530000000000000193e-02	0.340964203791
1.260000000000000000e+03 5.471999999999999781e-02	0.346296000808
1.261000000000000000e+03 5.475000000000000006e-02	0.351047516606
1.262000000000000000e+03 5.491999999999999660e-02	0.355870686939
1.263000000000000000e+03 5.417999999999999899e-02	0.362017551058
1.264000000000000000e+03 5.408000000000000307e-02	0.370417753931
1.265000000000000000e+03 5.337000000000000077e-02	0.380587979015
1.266000000000000000e+03 5.213999999999999885e-02	0.390758567729
1.267000000000000000e+03 5.133000000000000063e-02	0.398375089022
1.268000000000000000e+03 5.106999999999999734e-02	0.401383835663
1.269000000000000000e+03 5.143999999999999961e-02	0.400106317824
1.270000000000000000e+03 5.224999999999999784e-02	0.397580238505
1.271000000000000000e+03 5.228000000000000008e-02	0.397899510982
1.272000000000000000e+03 5.167999999999999677e-02	0.404117056069
1.273000000000000000e+03 5.122000000000000164e-02	0.417258947844
1.274000000000000000e+03 4.782000000000000139e-02	0.435943739863
1.275000000000000000e+03 4.734000000000000014e-02	0.458474055892
1.276000000000000000e+03 4.719999999999999890e-02	0.480087673992
1.277000000000000000e+03 4.571999999999999675e-02	0.496789076587
1.278000000000000000e+03 4.517000000000000182e-02	0.504702957006
1.279000000000000000e+03 4.463999999999999913e-02	0.499933049864
1.280000000000000000e+03 4.417999999999999705e-02	0.483074743619
1.281000000000000000e+03 4.859000000000000125e-02	0.461590751384
1.282000000000000000e+03 4.984000000000000236e-02	0.447495034421
1.283000000000000000e+03 5.011999999999999789e-02	0.444064592814
1.284000000000000000e+03 4.664999999999999702e-02	0.449625085364
1.285000000000000000e+03 4.671000000000000152e-02	0.459523543925
1.286000000000000000e+03 4.766000000000000097e-02	0.467589995745
1.287000000000000000e+03 4.798000000000000181e-02	0.471988870863
1.288000000000000000e+03 4.712999999999999828e-02	0.474256164084
1.289000000000000000e+03 4.547999999999999959e-02	0.476107113671
1.290000000000000000e+03 4.655000000000000110e-02	0.478410668545
1.291000000000000000e+03 4.662000000000000172e-02	0.481415616662
1.292000000000000000e+03 4.635000000000000231e-02	0.485016306693
1.293000000000000000e+03 4.603000000000000147e-02	0.488071996699
1.294000000000000000e+03 4.542000000000000204e-02	0.488959531593
1.295000000000000000e+03 4.504999999999999977e-02	0.487521130624
1.296000000000000000e+03 4.676999999999999907e-02	0.485743425584
1.297000000000000000e+03 4.671999999999999764e-02	0.484492775818
1.298000000000000000e+03 4.633999999999999925e-02	0.479385469654
1.299000000000000000e+03 4.707000000000000073e-02	0.462092735504
1.300000000000000000e+03 4.893999999999999739e-02	0.428874980693
1.301000000000000000e+03 5.310999999999999749e-02	0.387842135427
1.302000000000000000e+03 5.496000000000000191e-02	0.354854478632
1.303000000000000000e+03 5.582999999999999768e-02	0.339629188231
1.304000000000000000e+03 5.473000000000000087e-02	0.346290936013
1.305000000000000000e+03 5.423000000000000043e-02	0.371191993165
1.306000000000000000e+03 5.242999999999999744e-02	0.4010381203
1.307000000000000000e+03 4.941000000000000253e-02	0.417244085155
1.308000000000000000e+03 5.142000000000000043e-02	0.402303555362
1.309000000000000000e+03 5.267999999999999766e-02	0.359132128249
1.310000000000000000e+03 5.865999999999999687e-02	0.310316708618
1.311000000000000000e+03 6.037000000000000005e-02	0.282364030833
1.312000000000000000e+03 6.049000000000000210e-02	0.281572075573
1.313000000000000000e+03 5.893000000000000321e-02	0.304756097388
1.314000000000000000e+03 5.369000000000000161e-02	0.339665915017
1.315000000000000000e+03 5.276000000000000134e-02	0.369948587013
1.316000000000000000e+03 5.253000000000000030e-02	0.379209731817
1.317000000000000000e+03 5.526999999999999968e-02	0.370150379715
1.318000000000000000e+03 5.519999999999999907e-02	0.356960828829
1.319000000000000000e+03 5.442999999999999922e-02	0.348246236618
1.320000000000000000e+03 5.475000000000000006e-02	0.343684449605
1.321000000000000000e+03 5.603999999999999954e-02	0.33704309215
1.322000000000000000e+03 5.664000000000000284e-02	0.323445608059
1.323000000000000000e+03 5.804999999999999744e-02	0.303342590507
1.324000000000000000e+03 5.911000000000000282e-02	0.281718182093
1.325000000000000000e+03 6.153999999999999748e-02	0.262956424627
1.326000000000000000e+03 6.174000000000000321e-02	0.248168772585
1.327000000000000000e+03 6.292999999999999983e-02	0.234168961711
1.328000000000000000e+03 6.288000000000000533e-02	0.218125956361
1.329000000000000000e+03 6.335000000000000353e-02	0.199862587979
1.330000000000000000e+03 6.705999999999999461e-02	0.184009512677
1.331000000000000000e+03 6.754999999999999893e-02	0.176621281048
1.332000000000000000e+03 6.737999999999999545e-02	0.17939128064
1.333000000000000000e+03 6.381000000000000560e-02	0.190794622208
1.334000000000000000e+03 6.365999999999999437e-02	0.208147914175
1.335000000000000000e+03 6.315999999999999392e-02	0.228791832836
1.336000000000000000e+03 6.146999999999999686e-02	0.254944150514
1.337000000000000000e+03 5.965999999999999776e-02	0.291142554302
1.338000000000000000e+03 5.584000000000000075e-02	0.337537912127
1.339000000000000000e+03 5.204000000000000292e-02	0.385959493406
1.340000000000000000e+03 5.020999999999999769e-02	0.416423559444
1.341000000000000000e+03 5.084000000000000324e-02	0.410392860258
1.342000000000000000e+03 5.342000000000000220e-02	0.373503100901
1.343000000000000000e+03 5.653999999999999998e-02	0.330464998023
1.344000000000000000e+03 5.843999999999999889e-02	0.2996057091
1.345000000000000000e+03 5.917000000000000037e-02	0.283898854502
1.346000000000000000e+03 5.974000000000000143e-02	0.276986024954
1.347000000000000000e+03 6.044999999999999679e-02	0.269952204027
1.348000000000000000e+03 6.076000000000000151e-02	0.257253617623
1.349000000000000000e+03 6.198000000000000037e-02	0.239787121485
1.350000000000000000e+03 6.393999999999999684e-02	0.223875727065
1.351000000000000000e+03 6.382999999999999785e-02	0.215614830697
1.352000000000000000e+03 6.354999999999999538e-02	0.216626025074
1.353000000000000000e+03 6.339000000000000190e-02	0.2245952064
1.354000000000000000e+03 6.230999999999999733e-02	0.234704177864
1.355000000000000000e+03 6.219999999999999835e-02	0.242811092498
1.356000000000000000e+03 6.169000000000000178e-02	0.246976667391
1.357000000000000000e+03 6.180999999999999689e-02	0.248003714737
1.358000000000000000e+03 6.178999999999999770e-02	0.248407921325
1.359000000000000000e+03 6.090999999999999887e-02	0.251550778131
1.360000000000000000e+03 6.101000000000000173e-02	0.260253757209
1.361000000000000000e+03 6.067999999999999783e-02	0.273112968001
1.362000000000000000e+03 5.947000000000000203e-02	0.281976014862
1.363000000000000000e+03 5.913000000000000200e-02	0.276381836689
1.364000000000000000e+03 6.045999999999999985e-02	0.257519980528
1.365000000000000000e+03 6.230000000000000121e-02	0.245696038961
1.366000000000000000e+03 6.307000000000000106e-02	0.260701769094
1.367000000000000000e+03 5.643000000000000099e-02	0.301002487328
1.368000000000000000e+03 5.476999999999999924e-02	0.349649694772
1.369000000000000000e+03 5.362000000000000099e-02	0.373087511912
1.370000000000000000e+03 5.353000000000000119e-02	0.361470084784
1.371000000000000000e+03 5.806999999999999662e-02	0.323299918113
1.372000000000000000e+03 5.999999999999999778e-02	0.269344419163
1.373000000000000000e+03 6.117000000000000215e-02	0.20897400077
1.374000000000000000e+03 7.015000000000000402e-02	0.170183887385
1.375000000000000000e+03 6.754999999999999893e-02	0.177042232974
1.376000000000000000e+03 6.253999999999999837e-02	0.222107227343
1.377000000000000000e+03 5.788999999999999702e-02	0.279995081809
1.378000000000000000e+03 5.813000000000000111e-02	0.313260252231
1.379000000000000000e+03 5.804000000000000131e-02	0.312122060701
1.380000000000000000e+03 5.813999999999999724e-02	0.296816965791
1.381000000000000000e+03 5.893999999999999934e-02	0.280772083663
1.382000000000000000e+03 6.062000000000000027e-02	0.267914511051
1.383000000000000000e+03 6.140000000000000319e-02	0.255980209409
1.384000000000000000e+03 6.374000000000000499e-02	0.228418179935
1.385000000000000000e+03 6.468000000000000138e-02	0.164425261328
1.386000000000000000e+03 7.500999999999999335e-02	0.15
1.387000000000000000e+03 7.896000000000000241e-02	0.15
1.388000000000000000e+03 8.445999999999999341e-02	0.15
1.389000000000000000e+03 8.375000000000000500e-02	0.15
1.390000000000000000e+03 8.232000000000000428e-02	0.15
1.391000000000000000e+03 8.154999999999999749e-02	0.15
1.392000000000000000e+03 8.019999999999999352e-02	0.15
1.393000000000000000e+03 7.900999999999999690e-02	0.15
1.394000000000000000e+03 7.745000000000000495e-02	0.15
1.395000000000000000e+03 7.709000000000000574e-02	0.15
1.396000000000000000e+03 7.696000000000000063e-02	0.15
1.397000000000000000e+03 7.721000000000000085e-02	0.15
1.398000000000000000e+03 7.656000000000000305e-02	0.15
1.399000000000000000e+03 7.556000000000000216e-02	0.15
1.400000000000000000e+03 7.492999999999999661e-02	0.15
1.401000000000000000e+03 7.434999999999999942e-02	0.15
1.402000000000000000e+03 7.428999999999999493e-02	0.15
1.403000000000000000e+03 7.495000000000000273e-02	0.15
1.404000000000000000e+03 8.272999999999999798e-02	0.15
1.405000000000000000e+03 8.586000000000000576e-02	0.15
1.406000000000000000e+03 8.802000000000000102e-02	0.171105459558
1.407000000000000000e+03 9.199000000000000232e-02	0.229364828311
1.408000000000000000e+03 9.822999999999999787e-02	0.275372560858
1.409000000000000000e+03 9.851999999999999647e-02	0.299965804283
1.410000000000000000e+03 9.687999999999999390e-02	0.299451175442
1.411000000000000000e+03 9.470000000000000639e-02	0.271717677197
1.412000000000000000e+03 9.424000000000000432e-02	0.218092333684
1.413000000000000000e+03 8.860999999999999432e-02	0.15027427376
1.414000000000000000e+03 8.078000000000000458e-02	0.15
1.415000000000000000e+03 7.817000000000000337e-02	0.15
1.416000000000000000e+03 7.503999999999999559e-02	0.15
1.417000000000000000e+03 6.954000000000000459e-02	0.15
1.418000000000000000e+03 6.496000000000000385e-02	0.203323637614
1.419000000000000000e+03 5.872999999999999748e-02	0.283818124069
1.420000000000000000e+03 5.594999999999999973e-02	0.338106341708
1.421000000000000000e+03 5.303000000000000075e-02	0.377478257192
1.422000000000000000e+03 4.923999999999999905e-02	0.444837165549
1.423000000000000000e+03 4.279999999999999777e-02	0.520017728901
1.424000000000000000e+03 4.274000000000000021e-02	0.541723305605
1.425000000000000000e+03 4.132000000000000256e-02	0.552323342241
1.426000000000000000e+03 4.141999999999999849e-02	0.557006644749
1.427000000000000000e+03 4.170999999999999708e-02	0.549142431785
1.428000000000000000e+03 4.272000000000000103e-02	0.537726456645
1.429000000000000000e+03 4.300999999999999962e-02	0.529434027876
1.430000000000000000e+03 4.440999999999999809e-02	0.511175158502
1.431000000000000000e+03 4.488000000000000322e-02	0.507345082358
1.432000000000000000e+03 4.293999999999999900e-02	0.52778406808
1.433000000000000000e+03 4.374000000000000110e-02	0.517957768229
1.434000000000000000e+03 4.678999999999999826e-02	0.475192355066
1.435000000000000000e+03 4.818000000000000060e-02	0.459419310315
1.436000000000000000e+03 4.612999999999999740e-02	0.478967033364
1.437000000000000000e+03 4.639999999999999680e-02	0.481278983456
1.438000000000000000e+03 4.669999999999999846e-02	0.474969509914
1.439000000000000000e+03 4.682000000000000051e-02	0.475022786122
1.440000000000000000e+03 4.628000000000000169e-02	0.481474017681
1.441000000000000000e+03 4.571999999999999675e-02	0.491908654302
1.442000000000000000e+03 4.402999999999999969e-02	0.516659241301
1.443000000000000000e+03 4.211999999999999772e-02	0.538218460062
1.444000000000000000e+03 4.492000000000000159e-02	0.498400575003
1.445000000000000000e+03 5.086000000000000243e-02	0.414908314199
1.446000000000000000e+03 5.322000000000000342e-02	0.389485610912
1.447000000000000000e+03 4.800000000000000100e-02	0.449058729173
1.448000000000000000e+03 4.528999999999999693e-02	0.494552475493
1.449000000000000000e+03 4.508999999999999814e-02	0.49891408303
1.450000000000000000e+03 4.544000000000000122e-02	0.49513351052
1.451000000000000000e+03 4.546999999999999653e-02	0.49513009055
1.452000000000000000e+03 4.481999999999999873e-02	0.502730770563
1.453000000000000000e+03 4.503999999999999670e-02	0.500225178942
1.454000000000000000e+03 4.558000000000000246e-02	0.493607247206
1.455000000000000000e+03 4.531999999999999917e-02	0.496837323364
1.456000000000000000e+03 4.474999999999999811e-02	0.503716766864
1.457000000000000000e+03 4.515000000000000263e-02	0.498632447547
1.458000000000000000e+03 4.581999999999999962e-02	0.489632958428
1.459000000000000000e+03 4.592999999999999861e-02	0.487454946396
1.460000000000000000e+03 4.587999999999999717e-02	0.485352849629
1.461000000000000000e+03 4.778000000000000302e-02	0.456370248698
1.462000000000000000e+03 5.156000000000000166e-02	0.404402213885
1.463000000000000000e+03 5.276000000000000134e-02	0.393316090197
1.464000000000000000e+03 4.753999999999999893e-02	0.456342444505
1.465000000000000000e+03 4.587999999999999717e-02	0.486916415957
1.466000000000000000e+03 4.497000000000000303e-02	0.501653529751
1.467000000000000000e+03 4.433000000000000135e-02	0.510392997563
1.468000000000000000e+03 4.436999999999999972e-02	0.509297582977
1.469000000000000000e+03 4.578999999999999737e-02	0.488199282033
1.470000000000000000e+03 4.771999999999999853e-02	0.45913216443
1.471000000000000000e+03 5.043999999999999873e-02	0.426363870785
1.472000000000000000e+03 4.730000000000000177e-02	0.466171342497
1.473000000000000000e+03 4.401999999999999663e-02	0.512567611622
1.474000000000000000e+03 4.336999999999999883e-02	0.524926094528
1.475000000000000000e+03 4.336000000000000271e-02	0.524647084732
1.476000000000000000e+03 4.485999999999999710e-02	0.50392533477
1.477000000000000000e+03 4.560999999999999777e-02	0.492728644082
1.478000000000000000e+03 4.617000000000000270e-02	0.486820475853
1.479000000000000000e+03 4.367000000000000048e-02	0.520122493244
1.480000000000000000e+03 4.245000000000000162e-02	0.538166660977
1.481000000000000000e+03 4.261000000000000204e-02	0.53606774961
1.482000000000000000e+03 4.388999999999999846e-02	0.515795675829
1.483000000000000000e+03 4.692999999999999949e-02	0.469473542005
1.484000000000000000e+03 5.238000000000000295e-02	0.393180709215
1.485000000000000000e+03 5.356999999999999956e-02	0.376742805268
1.486000000000000000e+03 5.356999999999999956e-02	0.376742805268
