#Sigma on accu for TALDICE from AICC2012.
0.15
0.15
0.15
0.15
0.15
0.15
0.15
0.15
0.15
0.15
0.15
0.15
0.15
0.15
0.15
0.15
0.15
0.15
0.15
0.15
0.15
0.15
0.15
0.15
0.15
0.15
0.15
0.15
0.15
0.15
0.15
0.15
0.15
0.15
0.15
0.15
0.15
0.15
0.15
0.15
0.15
0.15
0.15
0.15
0.15
0.15
0.15
0.15
0.15
0.15
0.15
0.15
0.15
0.15
0.15
0.15
0.15
0.15
0.15
0.15
0.15
0.15
0.15
0.15
0.15
0.15
0.15
0.15
0.15
0.15
0.15
0.15
0.15
0.15
0.15
0.15
0.15
0.15
0.15
0.15
0.15
0.15
0.15
0.15
0.15
0.15
0.15
0.15
0.15
0.15
0.15
0.15
0.15
0.15
0.15
0.15
0.15
0.15
0.15
0.15
0.15
0.15
0.15
0.15
0.15
0.15
0.15
0.15
0.15
0.15
0.15
0.15
0.15
0.15
0.15
0.15
0.15
0.15
0.15
0.15
0.15
0.15
0.15
0.15
0.15
0.15
0.15
0.15
0.15
0.15
0.15
0.15
0.15
0.15
0.15
0.15
0.15
0.15
0.15
0.15
0.15
0.15
0.15
0.15
0.15
0.15
0.15
0.15
0.15
0.15
0.15
0.15
0.15
0.15
0.15
0.15
0.15
0.15
0.15
0.15
0.15
0.15
0.15
0.15
0.15
0.15
0.15
0.15
0.15
0.15
0.15
0.15
0.15
0.15
0.15
0.15
0.15
0.15
0.15
0.15
0.15
0.15
0.15
0.15
0.15
0.15
0.15
0.15
0.15
0.15
0.15
0.15
0.15
0.15
0.15
0.15
0.15
0.15
0.15
0.15
0.15
0.15
0.15
0.15
0.15
0.15
0.15
0.15
0.15
0.15
0.15
0.15
0.15
0.15
0.15
0.15
0.15
0.15
0.15
0.15
0.15
0.15
0.15
0.15
0.15
0.15
0.15
0.15
0.15
0.15
0.15
0.15
0.15
0.15
0.15
0.15
0.15
0.15
0.15
0.15
0.15
0.15
0.15
0.15
0.15
0.15
0.15
0.15
0.15
0.15
0.15
0.15
0.15
0.15
0.15
0.15
0.15
0.15
0.15
0.15
0.15
0.15
0.15
0.15
0.15
0.15
0.15
0.15
0.15
0.15
0.15
0.15
0.15
0.15
0.15
0.15
0.15
0.15
0.15
0.15
0.15
0.15
0.15
0.15
0.15
0.15
0.15
0.15
0.15
0.15
0.15
0.15
0.15
0.15
0.15
0.15
0.15
0.15
0.15
0.15
0.15
0.15
0.15
0.15
0.15
0.15
0.15
0.15
0.15
0.15
0.15
0.15
0.15
0.15
0.15
0.15
0.15
0.15
0.15
0.15
0.15
0.15
0.15
0.15
0.15
0.15
0.15
0.15
0.15
0.15
0.15
0.15
0.15
0.15
0.15
0.15
0.15
0.15
0.15
0.15
0.15
0.15
0.15
0.15
0.15
0.15
0.15
0.15
0.15
0.15
0.15
0.15
0.15
0.15
0.15
0.15
0.15
0.15
0.15
0.15
0.15
0.15
0.15
0.15
0.15
0.15
0.15
0.15
0.15
0.15
0.15
0.15
0.15
0.15
0.15
0.15
0.15
0.15
0.15
0.15
0.15
0.15
0.15
0.15
0.15
0.15
0.15
0.15
0.15
0.15
0.15
0.15
0.15
0.15
0.15
0.15
0.15
0.15
0.15
0.15
0.15
0.15
0.15
0.15
0.15
0.15
0.15
0.15
0.15
0.15
0.15
0.15
0.15
0.15
0.15
0.15
0.15
0.15
0.15
0.15
0.15
0.15
0.15
0.15
0.15
0.15
0.15
0.15
0.15
0.15
0.15
0.15
0.15
0.15
0.15
0.15
0.15
0.15
0.15
0.15
0.15
0.15
0.15
0.15
0.15
0.15
0.15
0.15
0.15
0.15
0.15
0.15
0.15
0.15
0.15
0.15
0.15
0.15
0.15
0.15
0.15
0.15
0.15
0.15
0.15
0.15
0.15
0.15
0.15
0.15
0.15
0.15
0.15
0.15
0.15
0.15
0.15
0.15
0.15
0.15
0.15
0.15
0.15
0.15
0.15
0.15
0.15
0.15
0.15
0.15
0.15
0.15
0.15
0.15
0.15
0.15
0.15
0.15
0.15
0.15
0.15
0.15
0.15
0.15
0.15
0.15
0.15
0.15
0.15
0.15
0.15
0.15
0.15
0.15
0.15
0.15
0.15
0.15
0.15
0.15
0.15
0.15
0.15
0.15
0.15
0.15
0.15
0.15
0.15
0.15
0.15
0.15
0.15
0.15
0.15
0.15
0.15
0.15
0.15
0.15
0.15
0.15
0.15
0.15
0.15
0.15
0.15
0.15
0.15
0.15
0.15
0.15
0.15
0.15
0.15
0.15
0.15
0.15
0.15
0.15
0.15
0.15
0.15
0.15
0.15
0.15
0.15
0.15
0.15
0.15
0.15
0.15
0.15
0.15
0.15
0.15
0.15
0.15
0.15
0.15
0.15
0.15
0.15
0.15
0.15
0.15
0.15
0.15
0.15
0.15
0.15
0.15
0.15
0.15
0.15
0.15
0.15
0.15
0.15
0.15
0.15
0.15
0.15
0.15
0.15
0.15
0.15
0.15
0.15
0.15
0.15
0.15
0.15
0.15
0.15
0.15
0.15
0.15
0.15
0.15
0.15
0.15
0.15
0.15
0.15
0.15
0.15
0.15
0.15
0.15
0.15
0.15
0.15
0.15
0.15
0.15
0.15
0.15
0.15
0.15
0.15
0.15
0.15
0.15
0.15
0.15
0.15
0.15
0.15
0.15
0.15
0.15
0.15
0.15
0.15
0.15
0.15
0.15
0.15
0.15
0.15
0.15
0.15
0.15
0.15
0.15
0.15
0.15
0.15
0.15
0.15
0.15
0.15
0.15
0.15
0.15
0.15
0.15
0.15
0.15
0.15
0.15
0.15
0.15
0.15
0.15
0.15
0.15
0.15
0.15
0.15
0.15
0.152288753723
0.161449559942
0.170771736327
0.180004640603
0.189150503595
0.198360146323
0.207768075588
0.217091411498
0.226508020867
0.235557750646
0.244007747621
0.251719542519
0.258956929394
0.265856506908
0.272199968502
0.277964269749
0.283167926698
0.287767423494
0.291786852924
0.295221327507
0.298150254858
0.300546654303
0.302452131392
0.303922483507
0.305047984274
0.305900064342
0.306491679101
0.306891563266
0.307170867223
0.307380157805
0.307562435592
0.307756189132
0.307992842337
0.308287848543
0.308649921829
0.309076718662
0.309558102519
0.310076389103
0.310592182872
0.311062280019
0.311428951471
0.311630638343
0.311621831178
0.311340247973
0.310722572717
0.309703860639
0.308182912554
0.306165811029
0.303664112971
0.300603297871
0.296869961259
0.292520697338
0.28754479911
0.282011365125
0.276149981725
0.269884472756
0.263329766873
0.256646751435
0.249740022554
0.242598453314
0.23555365037
0.228825718852
0.222444204664
0.216768797474
0.21155620854
0.206936748576
0.203023582842
0.199695642044
0.196928406512
0.194906508758
0.193684309643
0.193241556812
0.193524915738
0.19452962164
0.196239161832
0.19863529992
0.201708760182
0.205439363757
0.209908383975
0.21494094361
0.220692413567
0.226815530509
0.23317485602
0.239620562801
0.246170983942
0.252775718692
0.259319006811
0.265752448934
0.271869627899
0.277450656757
0.282770620727
0.288044820522
0.293035737914
0.297821445695
0.302512758647
0.30692249448
0.31106878918
0.315005715483
0.318755609882
0.322453990067
0.326179451812
0.329978448401
0.333929070554
0.338020779238
0.342259727463
0.346794511469
0.351737059293
0.357052597801
0.362827994447
0.369001447733
0.375656965723
0.382768959499
0.390249857129
0.398189731479
0.40633902009
0.41454661854
0.422742889728
0.430802151809
0.438955025483
0.447396285246
0.456259181274
0.464954595829
0.473439474194
0.481575647283
0.489374888194
0.496939765168
0.504017289947
0.510590910768
0.517080513882
0.522938181498
0.528147084738
0.533142935721
0.537644622625
0.541654726264
0.545168102526
0.548229098174
0.550878605058
0.553142920968
0.554936642671
0.55630318576
0.557292987789
0.557988292013
0.558427388822
0.558641055826
0.558675858441
0.558586216854
0.558394382464
0.558138256213
0.557860407396
0.557578218451
0.557309327744
0.557065065056
0.556854195114
0.556679134859
0.556542904372
0.556452267282
0.55641595878
0.556449624026
0.556579784313
0.556841384333
0.557277196609
0.557918525185
0.558791912563
0.559946459711
0.561396210572
0.563127856075
0.565126232597
0.567373407086
0.569865459266
0.572547735895
0.575165627711
0.577629948645
0.579811200697
0.581573434006
0.582793113981
0.583401919599
0.583317843323
0.582485812748
0.580931780853
0.578712951788
0.575989724541
0.572914490586
0.569607720468
0.566297088758
0.563141327085
0.560287164394
0.557766958631
0.555664004431
0.554063300587
0.553014520576
0.552536015872
0.552592197609
0.553143061705
0.554141235741
0.555490643631
0.557101139661
0.55885331103
0.560644051602
0.562380162093
0.564015324016
0.565477215148
0.566671650934
0.567568656114
0.568126701553
0.568335602123
0.568262770651
0.567975137861
0.567539533895
0.567047874386
0.566604808106
0.566316710607
0.566260373739
0.566485170377
0.56704056741
0.56797438886
0.569285758956
0.570985736076
0.573066448476
0.575460973412
0.57805707232
0.580674799005
0.583251565626
0.585711691272
0.587974766236
0.589847236372
0.591165718755
0.591800815946
0.591709964774
0.59080977755
0.589088899145
0.586659695698
0.583631822214
0.580191772881
0.576657569402
0.573402162732
0.570619436642
0.568387661013
0.566625057081
0.565388545213
0.564637727682
0.564184597567
0.563828035433
0.563326220022
0.562415453197
0.560883809878
0.558615554155
0.555710993249
0.552236924116
0.548414731095
0.544432431516
0.540526115337
0.537004720963
0.534158203729
0.532318853272
0.531753128754
0.532552327701
0.534563097114
0.537945884778
0.542621033643
0.548481072988
0.555043656833
0.56204176183
0.569391246223
0.576701335263
0.58333135087
0.588936136386
0.59349073399
0.596793152167
0.598877499274
0.599884422552
0.599859414056
0.598911365067
0.597078195519
0.59451151623
0.591475932966
0.588041870638
0.584142722854
0.579937059898
0.575661486193
0.571507778814
0.567740712383
0.564660727113
0.562432885211
0.5611991344
0.560917901169
0.561543400193
0.562937351168
0.564793391887
0.56672329634
0.568338663665
0.569220837987
0.569004806808
0.567424436945
0.564225077099
0.559459912366
0.554072141403
0.548718331078
0.543819564326
0.539790752476
0.536802621134
0.53522509248
0.535235610523
0.536803716672
0.539745890487
0.543541175762
0.547743429533
0.551784093838
0.554940419818
0.556685515525
0.55658209767
0.554347596992
0.550082468649
0.543982970838
0.536507814341
0.528274034468
0.51993228376
0.512142844594
0.505365879649
0.500095574375
0.496726404759
0.495451744321
0.496367833891
0.499326680805
0.504062684542
0.51029230905
0.517445837792
0.524807793195
0.531924687156
0.538134953152
0.542828562632
0.54558980336
0.546206925493
0.544824275489
0.541989676533
0.538442883031
0.534762774119
0.531374980218
0.5285645371
0.526398375398
0.524734665621
0.523245270501
0.521442434404
0.5187222514
0.514429478446
0.508212740856
0.500074009029
0.490315215344
0.479394311444
0.467898901217
0.456572401162
0.44601868343
0.436875712126
0.42971739994
0.424751738957
0.421851715487
0.420833412871
0.421489415097
0.423696020702
0.427089395815
0.431053058285
0.435211160679
0.439342119837
0.443172181291
0.446693306148
0.450166870575
0.454005866642
0.458534232201
0.463953234303
0.470573694928
0.4786541401
0.488203218143
0.499153941385
0.510902937071
0.522688771599
0.533743925894
0.542979637176
0.549590631526
0.553242004352
0.553462635907
0.550810872874
0.546720225868
0.542533173632
0.539219883249
0.53765976811
0.538397068247
0.54141808875
0.546122209689
0.551613053649
0.556889181895
0.560392784674
0.561076963494
0.558313279141
0.552470521747
0.544326251672
0.535293241065
0.526839650038
0.520396249818
0.516671438916
0.515967846527
0.518311771585
0.523459762109
0.530592846518
0.538635502046
0.546022573491
0.551647801692
0.554773223557
0.554813384137
0.5516046495
0.545636236086
0.537826270786
0.529179877935
0.52067539116
0.512614025627
0.504900954683
0.498015411526
0.492050226176
0.487020164147
0.48297790345
0.47966137676
0.477218524258
0.47578798221
0.475309342646
0.475749678188
0.477078520602
0.479283245252
0.482329453434
0.486148111263
0.490658562426
0.495838687009
0.501636903626
0.507984803678
0.514385372446
0.520407399658
0.525654719281
0.529223765841
0.530634628923
0.529622662363
0.52604045328
0.520111559212
0.512411166762
0.503502124795
0.494792302591
0.48606864579
0.47761011975
0.469778693438
0.462901259545
0.457027710068
0.452305680245
0.44877649468
0.445897434728
0.443193699937
0.439979668694
0.435408992108
0.428941497394
0.420220046614
0.409297824132
0.396680117466
0.383498978795
0.370608456083
0.359000684091
0.349415877825
0.342392745305
0.33821418593
0.337069013536
0.338910549662
0.343511387397
0.350313364766
0.358596083274
0.367672299606
0.37681994153
0.385449817687
0.392588217077
0.397865313147
0.401233594461
0.403115831114
0.404319987675
0.405872181467
0.408633609662
0.413401533555
0.420425699723
0.429302184846
0.439276736587
0.449529947679
0.458089073775
0.463694171115
0.465779419225
0.464216877465
0.459453784057
0.452468881157
0.444429792235
0.436750906076
0.430157071648
0.425371022743
0.423108478836
0.423509671837
0.426199749724
0.430484404559
0.435430856146
0.439983248407
0.443179197878
0.444279391511
0.443562245817
0.441831828036
0.439948266357
0.438676933368
0.438518142694
0.439416737797
0.440853438959
0.441932887637
0.441637237863
0.439183877003
0.434119321508
0.427025319538
0.419278152279
0.412490726931
0.407823785979
0.406208581023
0.407884546021
0.412175649637
0.417692639012
0.422541603325
0.424665181615
0.422384388007
0.415231700673
0.403633372354
0.389581537489
0.375835449534
0.365293276867
0.358983588682
0.357781939542
0.361568208874
0.369493201751
0.380011768074
0.391440561291
0.402333876046
0.411219047733
0.41726020834
0.420143896167
0.420365194644
0.419037442594
0.418558985562
0.422030119959
0.431130343617
0.446347020175
0.466123079403
0.485698109438
0.498670007854
0.500038589466
0.489319369563
0.47176379068
0.453303607598
0.437022484568
0.42427071629
0.415204316241
0.409118306582
0.404896565254
0.401298680925
0.397039039049
0.390767340036
0.381410259815
0.368578496783
0.354577198308
0.342452483754
0.334204472411
0.330522599775
0.331427949047
0.335530792245
0.340964203791
0.346296000808
0.351047516606
0.355870686939
0.362017551058
0.370417753931
0.380587979015
0.390758567729
0.398375089022
0.401383835663
0.400106317824
0.397580238505
0.397899510982
0.404117056069
0.417258947844
0.435943739863
0.458474055892
0.480087673992
0.496789076587
0.504702957006
0.499933049864
0.483074743619
0.461590751384
0.447495034421
0.444064592814
0.449625085364
0.459523543925
0.467589995745
0.471988870863
0.474256164084
0.476107113671
0.478410668545
0.481415616662
0.485016306693
0.488071996699
0.488959531593
0.487521130624
0.485743425584
0.484492775818
0.479385469654
0.462092735504
0.428874980693
0.387842135427
0.354854478632
0.339629188231
0.346290936013
0.371191993165
0.4010381203
0.417244085155
0.402303555362
0.359132128249
0.310316708618
0.282364030833
0.281572075573
0.304756097388
0.339665915017
0.369948587013
0.379209731817
0.370150379715
0.356960828829
0.348246236618
0.343684449605
0.33704309215
0.323445608059
0.303342590507
0.281718182093
0.262956424627
0.248168772585
0.234168961711
0.218125956361
0.199862587979
0.184009512677
0.176621281048
0.17939128064
0.190794622208
0.208147914175
0.228791832836
0.254944150514
0.291142554302
0.337537912127
0.385959493406
0.416423559444
0.410392860258
0.373503100901
0.330464998023
0.2996057091
0.283898854502
0.276986024954
0.269952204027
0.257253617623
0.239787121485
0.223875727065
0.215614830697
0.216626025074
0.2245952064
0.234704177864
0.242811092498
0.246976667391
0.248003714737
0.248407921325
0.251550778131
0.260253757209
0.273112968001
0.281976014862
0.276381836689
0.257519980528
0.245696038961
0.260701769094
0.301002487328
0.349649694772
0.373087511912
0.361470084784
0.323299918113
0.269344419163
0.20897400077
0.170183887385
0.177042232974
0.222107227343
0.279995081809
0.313260252231
0.312122060701
0.296816965791
0.280772083663
0.267914511051
0.255980209409
0.228418179935
0.164425261328
0.15
0.15
0.15
0.15
0.15
0.15
0.15
0.15
0.15
0.15
0.15
0.15
0.15
0.15
0.15
0.15
0.15
0.15
0.15
0.15
0.171105459558
0.229364828311
0.275372560858
0.299965804283
0.299451175442
0.271717677197
0.218092333684
0.15027427376
0.15
0.15
0.15
0.15
0.203323637614
0.283818124069
0.338106341708
0.377478257192
0.444837165549
0.520017728901
0.541723305605
0.552323342241
0.557006644749
0.549142431785
0.537726456645
0.529434027876
0.511175158502
0.507345082358
0.52778406808
0.517957768229
0.475192355066
0.459419310315
0.478967033364
0.481278983456
0.474969509914
0.475022786122
0.481474017681
0.491908654302
0.516659241301
0.538218460062
0.498400575003
0.414908314199
0.389485610912
0.449058729173
0.494552475493
0.49891408303
0.49513351052
0.49513009055
0.502730770563
0.500225178942
0.493607247206
0.496837323364
0.503716766864
0.498632447547
0.489632958428
0.487454946396
0.485352849629
0.456370248698
0.404402213885
0.393316090197
0.456342444505
0.486916415957
0.501653529751
0.510392997563
0.509297582977
0.488199282033
0.45913216443
0.426363870785
0.466171342497
0.512567611622
0.524926094528
0.524647084732
0.50392533477
0.492728644082
0.486820475853
0.520122493244
0.538166660977
0.53606774961
0.515795675829
0.469473542005
0.393180709215
0.376742805268
