# Relative density for TALDICE from AICC2012
5.000000000000000000e-01 3.903699999999999948e-01
1.500000000000000000e+00 4.012100000000000111e-01
2.500000000000000000e+00 3.686800000000000077e-01
3.500000000000000000e+00 3.903699999999999948e-01
4.500000000000000000e+00 4.337500000000000244e-01
5.500000000000000000e+00 4.662799999999999723e-01
6.500000000000000000e+00 4.988099999999999756e-01
7.500000000000000000e+00 5.096500000000000474e-01
8.500000000000000000e+00 5.421799999999999953e-01
9.500000000000000000e+00 5.638699999999999823e-01
1.050000000000000000e+01 5.638699999999999823e-01
1.150000000000000000e+01 5.855599999999999694e-01
1.250000000000000000e+01 5.964000000000000412e-01
1.350000000000000000e+01 5.855599999999999694e-01
1.450000000000000000e+01 5.964000000000000412e-01
1.550000000000000000e+01 6.180900000000000283e-01
1.650000000000000000e+01 6.397699999999999498e-01
1.750000000000000000e+01 6.289299999999999891e-01
1.850000000000000000e+01 6.289299999999999891e-01
1.950000000000000000e+01 6.289299999999999891e-01
2.050000000000000000e+01 6.614600000000000479e-01
2.150000000000000000e+01 6.614600000000000479e-01
2.250000000000000000e+01 6.614600000000000479e-01
2.350000000000000000e+01 6.614600000000000479e-01
2.450000000000000000e+01 6.831500000000000350e-01
2.550000000000000000e+01 6.939899999999999958e-01
2.650000000000000000e+01 6.831500000000000350e-01
2.750000000000000000e+01 6.831500000000000350e-01
2.850000000000000000e+01 6.831500000000000350e-01
2.950000000000000000e+01 7.048400000000000221e-01
3.050000000000000000e+01 6.939899999999999958e-01
3.150000000000000000e+01 7.265200000000000546e-01
3.250000000000000000e+01 7.265200000000000546e-01
3.350000000000000000e+01 7.373699999999999699e-01
3.450000000000000000e+01 7.373699999999999699e-01
3.550000000000000000e+01 7.265200000000000546e-01
3.650000000000000000e+01 7.373699999999999699e-01
3.750000000000000000e+01 7.482100000000000417e-01
3.850000000000000000e+01 7.482100000000000417e-01
3.950000000000000000e+01 7.373699999999999699e-01
4.050000000000000000e+01 7.699000000000000288e-01
4.150000000000000000e+01 7.699000000000000288e-01
4.250000000000000000e+01 7.915900000000000158e-01
4.350000000000000000e+01 7.807399999999999896e-01
4.450000000000000000e+01 7.915900000000000158e-01
4.550000000000000000e+01 7.915900000000000158e-01
4.650000000000000000e+01 7.807399999999999896e-01
4.750000000000000000e+01 7.915900000000000158e-01
4.850000000000000000e+01 8.024299999999999766e-01
4.950000000000000000e+01 8.024299999999999766e-01
5.050000000000000000e+01 8.132700000000000484e-01
5.150000000000000000e+01 8.132700000000000484e-01
5.250000000000000000e+01 8.132700000000000484e-01
5.350000000000000000e+01 8.241199999999999637e-01
5.450000000000000000e+01 8.132700000000000484e-01
5.550000000000000000e+01 8.349600000000000355e-01
5.650000000000000000e+01 8.566500000000000226e-01
5.750000000000000000e+01 8.349600000000000355e-01
5.850000000000000000e+01 8.566500000000000226e-01
5.950000000000000000e+01 8.566500000000000226e-01
6.050000000000000000e+01 8.457999999999999963e-01
6.150000000000000000e+01 8.566500000000000226e-01
6.250000000000000000e+01 8.566500000000000226e-01
6.350000000000000000e+01 8.566500000000000226e-01
6.450000000000000000e+01 8.674899999999999833e-01
6.550000000000000000e+01 8.891799999999999704e-01
6.650000000000000000e+01 8.783300000000000551e-01
6.750000000000000000e+01 8.783300000000000551e-01
6.850000000000000000e+01 8.891799999999999704e-01
6.950000000000000000e+01 8.891799999999999704e-01
7.050000000000000000e+01 8.783300000000000551e-01
7.150000000000000000e+01 9.000200000000000422e-01
7.250000000000000000e+01 8.891799999999999704e-01
7.350000000000000000e+01 9.108699999999999575e-01
7.450000000000000000e+01 9.108699999999999575e-01
7.550000000000000000e+01 9.108699999999999575e-01
7.650000000000000000e+01 9.217100000000000293e-01
7.750000000000000000e+01 9.217100000000000293e-01
7.850000000000000000e+01 9.217100000000000293e-01
7.950000000000000000e+01 9.434000000000000163e-01
8.050000000000000000e+01 9.325499999999999901e-01
8.150000000000000000e+01 9.217100000000000293e-01
8.250000000000000000e+01 9.325499999999999901e-01
8.350000000000000000e+01 9.325499999999999901e-01
8.450000000000000000e+01 9.434000000000000163e-01
8.550000000000000000e+01 9.434000000000000163e-01
8.650000000000000000e+01 9.542399999999999771e-01
8.750000000000000000e+01 9.542399999999999771e-01
8.850000000000000000e+01 9.650800000000000489e-01
8.950000000000000000e+01 9.650800000000000489e-01
9.050000000000000000e+01 9.650800000000000489e-01
9.150000000000000000e+01 9.650800000000000489e-01
9.250000000000000000e+01 9.542399999999999771e-01
9.350000000000000000e+01 9.542399999999999771e-01
9.450000000000000000e+01 9.759299999999999642e-01
9.550000000000000000e+01 9.759299999999999642e-01
9.650000000000000000e+01 9.650800000000000489e-01
9.750000000000000000e+01 9.650800000000000489e-01
9.850000000000000000e+01 9.542399999999999771e-01
9.950000000000000000e+01 9.759299999999999642e-01
1.005000000000000000e+02 9.650800000000000489e-01
1.015000000000000000e+02 9.542399999999999771e-01
1.025000000000000000e+02 9.650800000000000489e-01
1.035000000000000000e+02 9.759299999999999642e-01
1.045000000000000000e+02 9.759299999999999642e-01
1.055000000000000000e+02 9.759299999999999642e-01
1.065000000000000000e+02 9.759299999999999642e-01
1.075000000000000000e+02 9.867700000000000360e-01
1.085000000000000000e+02 9.867700000000000360e-01
1.095000000000000000e+02 9.867700000000000360e-01
1.105000000000000000e+02 9.759299999999999642e-01
1.115000000000000000e+02 9.976099999999999968e-01
1.125000000000000000e+02 9.717000000000000082e-01
1.135000000000000000e+02 9.727799999999999780e-01
1.145000000000000000e+02 9.736500000000000155e-01
1.155000000000000000e+02 9.745200000000000529e-01
1.165000000000000000e+02 9.753899999999999793e-01
1.175000000000000000e+02 9.762499999999999512e-01
1.185000000000000000e+02 9.770100000000000451e-01
1.195000000000000000e+02 9.777700000000000280e-01
1.205000000000000000e+02 9.784199999999999564e-01
1.215000000000000000e+02 9.790699999999999958e-01
1.225000000000000000e+02 9.797200000000000353e-01
1.235000000000000000e+02 9.803699999999999637e-01
1.245000000000000000e+02 9.809200000000000141e-01
1.255000000000000000e+02 9.814599999999999991e-01
1.265000000000000000e+02 9.819999999999999840e-01
1.275000000000000000e+02 9.825399999999999689e-01
1.285000000000000000e+02 9.829799999999999649e-01
1.295000000000000000e+02 9.835199999999999498e-01
1.305000000000000000e+02 9.839499999999999913e-01
1.315000000000000000e+02 9.843899999999999872e-01
1.325000000000000000e+02 9.847099999999999742e-01
1.335000000000000000e+02 9.851400000000000157e-01
1.345000000000000000e+02 9.854699999999999571e-01
1.355000000000000000e+02 9.858999999999999986e-01
1.365000000000000000e+02 9.862300000000000511e-01
1.375000000000000000e+02 9.865500000000000380e-01
1.385000000000000000e+02 9.868799999999999795e-01
1.395000000000000000e+02 9.870999999999999774e-01
1.405000000000000000e+02 9.874199999999999644e-01
1.415000000000000000e+02 9.876399999999999624e-01
1.425000000000000000e+02 9.879599999999999493e-01
1.435000000000000000e+02 9.881799999999999473e-01
1.445000000000000000e+02 9.883999999999999453e-01
1.455000000000000000e+02 9.887200000000000433e-01
1.465000000000000000e+02 9.889400000000000412e-01
1.475000000000000000e+02 9.891600000000000392e-01
1.485000000000000000e+02 9.893699999999999717e-01
1.495000000000000000e+02 9.895899999999999697e-01
1.505000000000000000e+02 9.897000000000000242e-01
1.515000000000000000e+02 9.899200000000000221e-01
1.525000000000000000e+02 9.901299999999999546e-01
1.535000000000000000e+02 9.903300000000000436e-01
1.545000000000000000e+02 9.905000000000000471e-01
1.555000000000000000e+02 9.906700000000000506e-01
1.565000000000000000e+02 9.908000000000000140e-01
1.575000000000000000e+02 9.909299999999999775e-01
1.585000000000000000e+02 9.910900000000000265e-01
1.595000000000000000e+02 9.912600000000000300e-01
1.605000000000000000e+02 9.914300000000000335e-01
1.615000000000000000e+02 9.915599999999999969e-01
1.625000000000000000e+02 9.916899999999999604e-01
1.635000000000000000e+02 9.918200000000000349e-01
1.645000000000000000e+02 9.919499999999999984e-01
1.655000000000000000e+02 9.920799999999999619e-01
1.665000000000000000e+02 9.922100000000000364e-01
1.675000000000000000e+02 9.923399999999999999e-01
1.685000000000000000e+02 9.924699999999999633e-01
1.695000000000000000e+02 9.926000000000000378e-01
1.705000000000000000e+02 9.927300000000000013e-01
1.715000000000000000e+02 9.928599999999999648e-01
1.725000000000000000e+02 9.929999999999999938e-01
1.735000000000000000e+02 9.930999999999999828e-01
1.745000000000000000e+02 9.931900000000000173e-01
1.755000000000000000e+02 9.932800000000000518e-01
1.765000000000000000e+02 9.934100000000000152e-01
1.775000000000000000e+02 9.935399999999999787e-01
1.785000000000000000e+02 9.936500000000000332e-01
1.795000000000000000e+02 9.937300000000000022e-01
1.805000000000000000e+02 9.938200000000000367e-01
1.815000000000000000e+02 9.939099999999999602e-01
1.825000000000000000e+02 9.939900000000000402e-01
1.835000000000000000e+02 9.940600000000000547e-01
1.845000000000000000e+02 9.940999999999999837e-01
1.855000000000000000e+02 9.941400000000000237e-01
1.865000000000000000e+02 9.942299999999999471e-01
1.875000000000000000e+02 9.943199999999999816e-01
1.885000000000000000e+02 9.943999999999999506e-01
1.895000000000000000e+02 9.944899999999999851e-01
1.905000000000000000e+02 9.945800000000000196e-01
1.915000000000000000e+02 9.967000000000000304e-01
1.925000000000000000e+02 9.988299999999999956e-01
1.935000000000000000e+02 9.999099999999999655e-01
1.945000000000000000e+02 9.999599999999999600e-01
1.955000000000000000e+02 1.000000000000000000e+00
1.965000000000000000e+02 1.000000000000000000e+00
1.975000000000000000e+02 1.000000000000000000e+00
1.985000000000000000e+02 1.000000000000000000e+00
1.995000000000000000e+02 1.000000000000000000e+00
2.005000000000000000e+02 1.000000000000000000e+00
2.015000000000000000e+02 1.000000000000000000e+00
2.025000000000000000e+02 1.000000000000000000e+00
2.035000000000000000e+02 1.000000000000000000e+00
2.045000000000000000e+02 1.000000000000000000e+00
2.055000000000000000e+02 1.000000000000000000e+00
2.065000000000000000e+02 1.000000000000000000e+00
2.075000000000000000e+02 1.000000000000000000e+00
2.085000000000000000e+02 1.000000000000000000e+00
2.095000000000000000e+02 1.000000000000000000e+00
2.105000000000000000e+02 1.000000000000000000e+00
2.115000000000000000e+02 1.000000000000000000e+00
2.125000000000000000e+02 1.000000000000000000e+00
2.135000000000000000e+02 1.000000000000000000e+00
2.145000000000000000e+02 1.000000000000000000e+00
2.155000000000000000e+02 1.000000000000000000e+00
2.165000000000000000e+02 1.000000000000000000e+00
2.175000000000000000e+02 1.000000000000000000e+00
2.185000000000000000e+02 1.000000000000000000e+00
2.195000000000000000e+02 1.000000000000000000e+00
2.205000000000000000e+02 1.000000000000000000e+00
2.215000000000000000e+02 1.000000000000000000e+00
2.225000000000000000e+02 1.000000000000000000e+00
2.235000000000000000e+02 1.000000000000000000e+00
2.245000000000000000e+02 1.000000000000000000e+00
2.255000000000000000e+02 1.000000000000000000e+00
2.265000000000000000e+02 1.000000000000000000e+00
2.275000000000000000e+02 1.000000000000000000e+00
2.285000000000000000e+02 1.000000000000000000e+00
2.295000000000000000e+02 1.000000000000000000e+00
2.305000000000000000e+02 1.000000000000000000e+00
2.315000000000000000e+02 1.000000000000000000e+00
2.325000000000000000e+02 1.000000000000000000e+00
2.335000000000000000e+02 1.000000000000000000e+00
2.345000000000000000e+02 1.000000000000000000e+00
2.355000000000000000e+02 1.000000000000000000e+00
2.365000000000000000e+02 1.000000000000000000e+00
2.375000000000000000e+02 1.000000000000000000e+00
2.385000000000000000e+02 1.000000000000000000e+00
2.395000000000000000e+02 1.000000000000000000e+00
2.405000000000000000e+02 1.000000000000000000e+00
2.415000000000000000e+02 1.000000000000000000e+00
2.425000000000000000e+02 1.000000000000000000e+00
2.435000000000000000e+02 1.000000000000000000e+00
2.445000000000000000e+02 1.000000000000000000e+00
2.455000000000000000e+02 1.000000000000000000e+00
2.465000000000000000e+02 1.000000000000000000e+00
2.475000000000000000e+02 1.000000000000000000e+00
2.485000000000000000e+02 1.000000000000000000e+00
2.495000000000000000e+02 1.000000000000000000e+00
2.505000000000000000e+02 1.000000000000000000e+00
2.515000000000000000e+02 1.000000000000000000e+00
2.525000000000000000e+02 1.000000000000000000e+00
2.535000000000000000e+02 1.000000000000000000e+00
2.545000000000000000e+02 1.000000000000000000e+00
2.555000000000000000e+02 1.000000000000000000e+00
2.565000000000000000e+02 1.000000000000000000e+00
2.575000000000000000e+02 1.000000000000000000e+00
2.585000000000000000e+02 1.000000000000000000e+00
2.595000000000000000e+02 1.000000000000000000e+00
2.605000000000000000e+02 1.000000000000000000e+00
2.615000000000000000e+02 1.000000000000000000e+00
2.625000000000000000e+02 1.000000000000000000e+00
2.635000000000000000e+02 1.000000000000000000e+00
2.645000000000000000e+02 1.000000000000000000e+00
2.655000000000000000e+02 1.000000000000000000e+00
2.665000000000000000e+02 1.000000000000000000e+00
2.675000000000000000e+02 1.000000000000000000e+00
2.685000000000000000e+02 1.000000000000000000e+00
2.695000000000000000e+02 1.000000000000000000e+00
2.705000000000000000e+02 1.000000000000000000e+00
2.715000000000000000e+02 1.000000000000000000e+00
2.725000000000000000e+02 1.000000000000000000e+00
2.735000000000000000e+02 1.000000000000000000e+00
2.745000000000000000e+02 1.000000000000000000e+00
2.755000000000000000e+02 1.000000000000000000e+00
2.765000000000000000e+02 1.000000000000000000e+00
2.775000000000000000e+02 1.000000000000000000e+00
2.785000000000000000e+02 1.000000000000000000e+00
2.795000000000000000e+02 1.000000000000000000e+00
2.805000000000000000e+02 1.000000000000000000e+00
2.815000000000000000e+02 1.000000000000000000e+00
2.825000000000000000e+02 1.000000000000000000e+00
2.835000000000000000e+02 1.000000000000000000e+00
2.845000000000000000e+02 1.000000000000000000e+00
2.855000000000000000e+02 1.000000000000000000e+00
2.865000000000000000e+02 1.000000000000000000e+00
2.875000000000000000e+02 1.000000000000000000e+00
2.885000000000000000e+02 1.000000000000000000e+00
2.895000000000000000e+02 1.000000000000000000e+00
2.905000000000000000e+02 1.000000000000000000e+00
2.915000000000000000e+02 1.000000000000000000e+00
2.925000000000000000e+02 1.000000000000000000e+00
2.935000000000000000e+02 1.000000000000000000e+00
2.945000000000000000e+02 1.000000000000000000e+00
2.955000000000000000e+02 1.000000000000000000e+00
2.965000000000000000e+02 1.000000000000000000e+00
2.975000000000000000e+02 1.000000000000000000e+00
2.985000000000000000e+02 1.000000000000000000e+00
2.995000000000000000e+02 1.000000000000000000e+00
3.005000000000000000e+02 1.000000000000000000e+00
3.015000000000000000e+02 1.000000000000000000e+00
3.025000000000000000e+02 1.000000000000000000e+00
3.035000000000000000e+02 1.000000000000000000e+00
3.045000000000000000e+02 1.000000000000000000e+00
3.055000000000000000e+02 1.000000000000000000e+00
3.065000000000000000e+02 1.000000000000000000e+00
3.075000000000000000e+02 1.000000000000000000e+00
3.085000000000000000e+02 1.000000000000000000e+00
3.095000000000000000e+02 1.000000000000000000e+00
3.105000000000000000e+02 1.000000000000000000e+00
3.115000000000000000e+02 1.000000000000000000e+00
3.125000000000000000e+02 1.000000000000000000e+00
3.135000000000000000e+02 1.000000000000000000e+00
3.145000000000000000e+02 1.000000000000000000e+00
3.155000000000000000e+02 1.000000000000000000e+00
3.165000000000000000e+02 1.000000000000000000e+00
3.175000000000000000e+02 1.000000000000000000e+00
3.185000000000000000e+02 1.000000000000000000e+00
3.195000000000000000e+02 1.000000000000000000e+00
3.205000000000000000e+02 1.000000000000000000e+00
3.215000000000000000e+02 1.000000000000000000e+00
3.225000000000000000e+02 1.000000000000000000e+00
3.235000000000000000e+02 1.000000000000000000e+00
3.245000000000000000e+02 1.000000000000000000e+00
3.255000000000000000e+02 1.000000000000000000e+00
3.265000000000000000e+02 1.000000000000000000e+00
3.275000000000000000e+02 1.000000000000000000e+00
3.285000000000000000e+02 1.000000000000000000e+00
3.295000000000000000e+02 1.000000000000000000e+00
3.305000000000000000e+02 1.000000000000000000e+00
3.315000000000000000e+02 1.000000000000000000e+00
3.325000000000000000e+02 1.000000000000000000e+00
3.335000000000000000e+02 1.000000000000000000e+00
3.345000000000000000e+02 1.000000000000000000e+00
3.355000000000000000e+02 1.000000000000000000e+00
3.365000000000000000e+02 1.000000000000000000e+00
3.375000000000000000e+02 1.000000000000000000e+00
3.385000000000000000e+02 1.000000000000000000e+00
3.395000000000000000e+02 1.000000000000000000e+00
3.405000000000000000e+02 1.000000000000000000e+00
3.415000000000000000e+02 1.000000000000000000e+00
3.425000000000000000e+02 1.000000000000000000e+00
3.435000000000000000e+02 1.000000000000000000e+00
3.445000000000000000e+02 1.000000000000000000e+00
3.455000000000000000e+02 1.000000000000000000e+00
3.465000000000000000e+02 1.000000000000000000e+00
3.475000000000000000e+02 1.000000000000000000e+00
3.485000000000000000e+02 1.000000000000000000e+00
3.495000000000000000e+02 1.000000000000000000e+00
3.505000000000000000e+02 1.000000000000000000e+00
3.515000000000000000e+02 1.000000000000000000e+00
3.525000000000000000e+02 1.000000000000000000e+00
3.535000000000000000e+02 1.000000000000000000e+00
3.545000000000000000e+02 1.000000000000000000e+00
3.555000000000000000e+02 1.000000000000000000e+00
3.565000000000000000e+02 1.000000000000000000e+00
3.575000000000000000e+02 1.000000000000000000e+00
3.585000000000000000e+02 1.000000000000000000e+00
3.595000000000000000e+02 1.000000000000000000e+00
3.605000000000000000e+02 1.000000000000000000e+00
3.615000000000000000e+02 1.000000000000000000e+00
3.625000000000000000e+02 1.000000000000000000e+00
3.635000000000000000e+02 1.000000000000000000e+00
3.645000000000000000e+02 1.000000000000000000e+00
3.655000000000000000e+02 1.000000000000000000e+00
3.665000000000000000e+02 1.000000000000000000e+00
3.675000000000000000e+02 1.000000000000000000e+00
3.685000000000000000e+02 1.000000000000000000e+00
3.695000000000000000e+02 1.000000000000000000e+00
3.705000000000000000e+02 1.000000000000000000e+00
3.715000000000000000e+02 1.000000000000000000e+00
3.725000000000000000e+02 1.000000000000000000e+00
3.735000000000000000e+02 1.000000000000000000e+00
3.745000000000000000e+02 1.000000000000000000e+00
3.755000000000000000e+02 1.000000000000000000e+00
3.765000000000000000e+02 1.000000000000000000e+00
3.775000000000000000e+02 1.000000000000000000e+00
3.785000000000000000e+02 1.000000000000000000e+00
3.795000000000000000e+02 1.000000000000000000e+00
3.805000000000000000e+02 1.000000000000000000e+00
3.815000000000000000e+02 1.000000000000000000e+00
3.825000000000000000e+02 1.000000000000000000e+00
3.835000000000000000e+02 1.000000000000000000e+00
3.845000000000000000e+02 1.000000000000000000e+00
3.855000000000000000e+02 1.000000000000000000e+00
3.865000000000000000e+02 1.000000000000000000e+00
3.875000000000000000e+02 1.000000000000000000e+00
3.885000000000000000e+02 1.000000000000000000e+00
3.895000000000000000e+02 1.000000000000000000e+00
3.905000000000000000e+02 1.000000000000000000e+00
3.915000000000000000e+02 1.000000000000000000e+00
3.925000000000000000e+02 1.000000000000000000e+00
3.935000000000000000e+02 1.000000000000000000e+00
3.945000000000000000e+02 1.000000000000000000e+00
3.955000000000000000e+02 1.000000000000000000e+00
3.965000000000000000e+02 1.000000000000000000e+00
3.975000000000000000e+02 1.000000000000000000e+00
3.985000000000000000e+02 1.000000000000000000e+00
3.995000000000000000e+02 1.000000000000000000e+00
4.005000000000000000e+02 1.000000000000000000e+00
4.015000000000000000e+02 1.000000000000000000e+00
4.025000000000000000e+02 1.000000000000000000e+00
4.035000000000000000e+02 1.000000000000000000e+00
4.045000000000000000e+02 1.000000000000000000e+00
4.055000000000000000e+02 1.000000000000000000e+00
4.065000000000000000e+02 1.000000000000000000e+00
4.075000000000000000e+02 1.000000000000000000e+00
4.085000000000000000e+02 1.000000000000000000e+00
4.095000000000000000e+02 1.000000000000000000e+00
4.105000000000000000e+02 1.000000000000000000e+00
4.115000000000000000e+02 1.000000000000000000e+00
4.125000000000000000e+02 1.000000000000000000e+00
4.135000000000000000e+02 1.000000000000000000e+00
4.145000000000000000e+02 1.000000000000000000e+00
4.155000000000000000e+02 1.000000000000000000e+00
4.165000000000000000e+02 1.000000000000000000e+00
4.175000000000000000e+02 1.000000000000000000e+00
4.185000000000000000e+02 1.000000000000000000e+00
4.195000000000000000e+02 1.000000000000000000e+00
4.205000000000000000e+02 1.000000000000000000e+00
4.215000000000000000e+02 1.000000000000000000e+00
4.225000000000000000e+02 1.000000000000000000e+00
4.235000000000000000e+02 1.000000000000000000e+00
4.245000000000000000e+02 1.000000000000000000e+00
4.255000000000000000e+02 1.000000000000000000e+00
4.265000000000000000e+02 1.000000000000000000e+00
4.275000000000000000e+02 1.000000000000000000e+00
4.285000000000000000e+02 1.000000000000000000e+00
4.295000000000000000e+02 1.000000000000000000e+00
4.305000000000000000e+02 1.000000000000000000e+00
4.315000000000000000e+02 1.000000000000000000e+00
4.325000000000000000e+02 1.000000000000000000e+00
4.335000000000000000e+02 1.000000000000000000e+00
4.345000000000000000e+02 1.000000000000000000e+00
4.355000000000000000e+02 1.000000000000000000e+00
4.365000000000000000e+02 1.000000000000000000e+00
4.375000000000000000e+02 1.000000000000000000e+00
4.385000000000000000e+02 1.000000000000000000e+00
4.395000000000000000e+02 1.000000000000000000e+00
4.405000000000000000e+02 1.000000000000000000e+00
4.415000000000000000e+02 1.000000000000000000e+00
4.425000000000000000e+02 1.000000000000000000e+00
4.435000000000000000e+02 1.000000000000000000e+00
4.445000000000000000e+02 1.000000000000000000e+00
4.455000000000000000e+02 1.000000000000000000e+00
4.465000000000000000e+02 1.000000000000000000e+00
4.475000000000000000e+02 1.000000000000000000e+00
4.485000000000000000e+02 1.000000000000000000e+00
4.495000000000000000e+02 1.000000000000000000e+00
4.505000000000000000e+02 1.000000000000000000e+00
4.515000000000000000e+02 1.000000000000000000e+00
4.525000000000000000e+02 1.000000000000000000e+00
4.535000000000000000e+02 1.000000000000000000e+00
4.545000000000000000e+02 1.000000000000000000e+00
4.555000000000000000e+02 1.000000000000000000e+00
4.565000000000000000e+02 1.000000000000000000e+00
4.575000000000000000e+02 1.000000000000000000e+00
4.585000000000000000e+02 1.000000000000000000e+00
4.595000000000000000e+02 1.000000000000000000e+00
4.605000000000000000e+02 1.000000000000000000e+00
4.615000000000000000e+02 1.000000000000000000e+00
4.625000000000000000e+02 1.000000000000000000e+00
4.635000000000000000e+02 1.000000000000000000e+00
4.645000000000000000e+02 1.000000000000000000e+00
4.655000000000000000e+02 1.000000000000000000e+00
4.665000000000000000e+02 1.000000000000000000e+00
4.675000000000000000e+02 1.000000000000000000e+00
4.685000000000000000e+02 1.000000000000000000e+00
4.695000000000000000e+02 1.000000000000000000e+00
4.705000000000000000e+02 1.000000000000000000e+00
4.715000000000000000e+02 1.000000000000000000e+00
4.725000000000000000e+02 1.000000000000000000e+00
4.735000000000000000e+02 1.000000000000000000e+00
4.745000000000000000e+02 1.000000000000000000e+00
4.755000000000000000e+02 1.000000000000000000e+00
4.765000000000000000e+02 1.000000000000000000e+00
4.775000000000000000e+02 1.000000000000000000e+00
4.785000000000000000e+02 1.000000000000000000e+00
4.795000000000000000e+02 1.000000000000000000e+00
4.805000000000000000e+02 1.000000000000000000e+00
4.815000000000000000e+02 1.000000000000000000e+00
4.825000000000000000e+02 1.000000000000000000e+00
4.835000000000000000e+02 1.000000000000000000e+00
4.845000000000000000e+02 1.000000000000000000e+00
4.855000000000000000e+02 1.000000000000000000e+00
4.865000000000000000e+02 1.000000000000000000e+00
4.875000000000000000e+02 1.000000000000000000e+00
4.885000000000000000e+02 1.000000000000000000e+00
4.895000000000000000e+02 1.000000000000000000e+00
4.905000000000000000e+02 1.000000000000000000e+00
4.915000000000000000e+02 1.000000000000000000e+00
4.925000000000000000e+02 1.000000000000000000e+00
4.935000000000000000e+02 1.000000000000000000e+00
4.945000000000000000e+02 1.000000000000000000e+00
4.955000000000000000e+02 1.000000000000000000e+00
4.965000000000000000e+02 1.000000000000000000e+00
4.975000000000000000e+02 1.000000000000000000e+00
4.985000000000000000e+02 1.000000000000000000e+00
4.995000000000000000e+02 1.000000000000000000e+00
5.005000000000000000e+02 1.000000000000000000e+00
5.015000000000000000e+02 1.000000000000000000e+00
5.025000000000000000e+02 1.000000000000000000e+00
5.035000000000000000e+02 1.000000000000000000e+00
5.045000000000000000e+02 1.000000000000000000e+00
5.055000000000000000e+02 1.000000000000000000e+00
5.065000000000000000e+02 1.000000000000000000e+00
5.075000000000000000e+02 1.000000000000000000e+00
5.085000000000000000e+02 1.000000000000000000e+00
5.095000000000000000e+02 1.000000000000000000e+00
5.105000000000000000e+02 1.000000000000000000e+00
5.115000000000000000e+02 1.000000000000000000e+00
5.125000000000000000e+02 1.000000000000000000e+00
5.135000000000000000e+02 1.000000000000000000e+00
5.145000000000000000e+02 1.000000000000000000e+00
5.155000000000000000e+02 1.000000000000000000e+00
5.165000000000000000e+02 1.000000000000000000e+00
5.175000000000000000e+02 1.000000000000000000e+00
5.185000000000000000e+02 1.000000000000000000e+00
5.195000000000000000e+02 1.000000000000000000e+00
5.205000000000000000e+02 1.000000000000000000e+00
5.215000000000000000e+02 1.000000000000000000e+00
5.225000000000000000e+02 1.000000000000000000e+00
5.235000000000000000e+02 1.000000000000000000e+00
5.245000000000000000e+02 1.000000000000000000e+00
5.255000000000000000e+02 1.000000000000000000e+00
5.265000000000000000e+02 1.000000000000000000e+00
5.275000000000000000e+02 1.000000000000000000e+00
5.285000000000000000e+02 1.000000000000000000e+00
5.295000000000000000e+02 1.000000000000000000e+00
5.305000000000000000e+02 1.000000000000000000e+00
5.315000000000000000e+02 1.000000000000000000e+00
5.325000000000000000e+02 1.000000000000000000e+00
5.335000000000000000e+02 1.000000000000000000e+00
5.345000000000000000e+02 1.000000000000000000e+00
5.355000000000000000e+02 1.000000000000000000e+00
5.365000000000000000e+02 1.000000000000000000e+00
5.375000000000000000e+02 1.000000000000000000e+00
5.385000000000000000e+02 1.000000000000000000e+00
5.395000000000000000e+02 1.000000000000000000e+00
5.405000000000000000e+02 1.000000000000000000e+00
5.415000000000000000e+02 1.000000000000000000e+00
5.425000000000000000e+02 1.000000000000000000e+00
5.435000000000000000e+02 1.000000000000000000e+00
5.445000000000000000e+02 1.000000000000000000e+00
5.455000000000000000e+02 1.000000000000000000e+00
5.465000000000000000e+02 1.000000000000000000e+00
5.475000000000000000e+02 1.000000000000000000e+00
5.485000000000000000e+02 1.000000000000000000e+00
5.495000000000000000e+02 1.000000000000000000e+00
5.505000000000000000e+02 1.000000000000000000e+00
5.515000000000000000e+02 1.000000000000000000e+00
5.525000000000000000e+02 1.000000000000000000e+00
5.535000000000000000e+02 1.000000000000000000e+00
5.545000000000000000e+02 1.000000000000000000e+00
5.555000000000000000e+02 1.000000000000000000e+00
5.565000000000000000e+02 1.000000000000000000e+00
5.575000000000000000e+02 1.000000000000000000e+00
5.585000000000000000e+02 1.000000000000000000e+00
5.595000000000000000e+02 1.000000000000000000e+00
5.605000000000000000e+02 1.000000000000000000e+00
5.615000000000000000e+02 1.000000000000000000e+00
5.625000000000000000e+02 1.000000000000000000e+00
5.635000000000000000e+02 1.000000000000000000e+00
5.645000000000000000e+02 1.000000000000000000e+00
5.655000000000000000e+02 1.000000000000000000e+00
5.665000000000000000e+02 1.000000000000000000e+00
5.675000000000000000e+02 1.000000000000000000e+00
5.685000000000000000e+02 1.000000000000000000e+00
5.695000000000000000e+02 1.000000000000000000e+00
5.705000000000000000e+02 1.000000000000000000e+00
5.715000000000000000e+02 1.000000000000000000e+00
5.725000000000000000e+02 1.000000000000000000e+00
5.735000000000000000e+02 1.000000000000000000e+00
5.745000000000000000e+02 1.000000000000000000e+00
5.755000000000000000e+02 1.000000000000000000e+00
5.765000000000000000e+02 1.000000000000000000e+00
5.775000000000000000e+02 1.000000000000000000e+00
5.785000000000000000e+02 1.000000000000000000e+00
5.795000000000000000e+02 1.000000000000000000e+00
5.805000000000000000e+02 1.000000000000000000e+00
5.815000000000000000e+02 1.000000000000000000e+00
5.825000000000000000e+02 1.000000000000000000e+00
5.835000000000000000e+02 1.000000000000000000e+00
5.845000000000000000e+02 1.000000000000000000e+00
5.855000000000000000e+02 1.000000000000000000e+00
5.865000000000000000e+02 1.000000000000000000e+00
5.875000000000000000e+02 1.000000000000000000e+00
5.885000000000000000e+02 1.000000000000000000e+00
5.895000000000000000e+02 1.000000000000000000e+00
5.905000000000000000e+02 1.000000000000000000e+00
5.915000000000000000e+02 1.000000000000000000e+00
5.925000000000000000e+02 1.000000000000000000e+00
5.935000000000000000e+02 1.000000000000000000e+00
5.945000000000000000e+02 1.000000000000000000e+00
5.955000000000000000e+02 1.000000000000000000e+00
5.965000000000000000e+02 1.000000000000000000e+00
5.975000000000000000e+02 1.000000000000000000e+00
5.985000000000000000e+02 1.000000000000000000e+00
5.995000000000000000e+02 1.000000000000000000e+00
6.005000000000000000e+02 1.000000000000000000e+00
6.015000000000000000e+02 1.000000000000000000e+00
6.025000000000000000e+02 1.000000000000000000e+00
6.035000000000000000e+02 1.000000000000000000e+00
6.045000000000000000e+02 1.000000000000000000e+00
6.055000000000000000e+02 1.000000000000000000e+00
6.065000000000000000e+02 1.000000000000000000e+00
6.075000000000000000e+02 1.000000000000000000e+00
6.085000000000000000e+02 1.000000000000000000e+00
6.095000000000000000e+02 1.000000000000000000e+00
6.105000000000000000e+02 1.000000000000000000e+00
6.115000000000000000e+02 1.000000000000000000e+00
6.125000000000000000e+02 1.000000000000000000e+00
6.135000000000000000e+02 1.000000000000000000e+00
6.145000000000000000e+02 1.000000000000000000e+00
6.155000000000000000e+02 1.000000000000000000e+00
6.165000000000000000e+02 1.000000000000000000e+00
6.175000000000000000e+02 1.000000000000000000e+00
6.185000000000000000e+02 1.000000000000000000e+00
6.195000000000000000e+02 1.000000000000000000e+00
6.205000000000000000e+02 1.000000000000000000e+00
6.215000000000000000e+02 1.000000000000000000e+00
6.225000000000000000e+02 1.000000000000000000e+00
6.235000000000000000e+02 1.000000000000000000e+00
6.245000000000000000e+02 1.000000000000000000e+00
6.255000000000000000e+02 1.000000000000000000e+00
6.265000000000000000e+02 1.000000000000000000e+00
6.275000000000000000e+02 1.000000000000000000e+00
6.285000000000000000e+02 1.000000000000000000e+00
6.295000000000000000e+02 1.000000000000000000e+00
6.305000000000000000e+02 1.000000000000000000e+00
6.315000000000000000e+02 1.000000000000000000e+00
6.325000000000000000e+02 1.000000000000000000e+00
6.335000000000000000e+02 1.000000000000000000e+00
6.345000000000000000e+02 1.000000000000000000e+00
6.355000000000000000e+02 1.000000000000000000e+00
6.365000000000000000e+02 1.000000000000000000e+00
6.375000000000000000e+02 1.000000000000000000e+00
6.385000000000000000e+02 1.000000000000000000e+00
6.395000000000000000e+02 1.000000000000000000e+00
6.405000000000000000e+02 1.000000000000000000e+00
6.415000000000000000e+02 1.000000000000000000e+00
6.425000000000000000e+02 1.000000000000000000e+00
6.435000000000000000e+02 1.000000000000000000e+00
6.445000000000000000e+02 1.000000000000000000e+00
6.455000000000000000e+02 1.000000000000000000e+00
6.465000000000000000e+02 1.000000000000000000e+00
6.475000000000000000e+02 1.000000000000000000e+00
6.485000000000000000e+02 1.000000000000000000e+00
6.495000000000000000e+02 1.000000000000000000e+00
6.505000000000000000e+02 1.000000000000000000e+00
6.515000000000000000e+02 1.000000000000000000e+00
6.525000000000000000e+02 1.000000000000000000e+00
6.535000000000000000e+02 1.000000000000000000e+00
6.545000000000000000e+02 1.000000000000000000e+00
6.555000000000000000e+02 1.000000000000000000e+00
6.565000000000000000e+02 1.000000000000000000e+00
6.575000000000000000e+02 1.000000000000000000e+00
6.585000000000000000e+02 1.000000000000000000e+00
6.595000000000000000e+02 1.000000000000000000e+00
6.605000000000000000e+02 1.000000000000000000e+00
6.615000000000000000e+02 1.000000000000000000e+00
6.625000000000000000e+02 1.000000000000000000e+00
6.635000000000000000e+02 1.000000000000000000e+00
6.645000000000000000e+02 1.000000000000000000e+00
6.655000000000000000e+02 1.000000000000000000e+00
6.665000000000000000e+02 1.000000000000000000e+00
6.675000000000000000e+02 1.000000000000000000e+00
6.685000000000000000e+02 1.000000000000000000e+00
6.695000000000000000e+02 1.000000000000000000e+00
6.705000000000000000e+02 1.000000000000000000e+00
6.715000000000000000e+02 1.000000000000000000e+00
6.725000000000000000e+02 1.000000000000000000e+00
6.735000000000000000e+02 1.000000000000000000e+00
6.745000000000000000e+02 1.000000000000000000e+00
6.755000000000000000e+02 1.000000000000000000e+00
6.765000000000000000e+02 1.000000000000000000e+00
6.775000000000000000e+02 1.000000000000000000e+00
6.785000000000000000e+02 1.000000000000000000e+00
6.795000000000000000e+02 1.000000000000000000e+00
6.805000000000000000e+02 1.000000000000000000e+00
6.815000000000000000e+02 1.000000000000000000e+00
6.825000000000000000e+02 1.000000000000000000e+00
6.835000000000000000e+02 1.000000000000000000e+00
6.845000000000000000e+02 1.000000000000000000e+00
6.855000000000000000e+02 1.000000000000000000e+00
6.865000000000000000e+02 1.000000000000000000e+00
6.875000000000000000e+02 1.000000000000000000e+00
6.885000000000000000e+02 1.000000000000000000e+00
6.895000000000000000e+02 1.000000000000000000e+00
6.905000000000000000e+02 1.000000000000000000e+00
6.915000000000000000e+02 1.000000000000000000e+00
6.925000000000000000e+02 1.000000000000000000e+00
6.935000000000000000e+02 1.000000000000000000e+00
6.945000000000000000e+02 1.000000000000000000e+00
6.955000000000000000e+02 1.000000000000000000e+00
6.965000000000000000e+02 1.000000000000000000e+00
6.975000000000000000e+02 1.000000000000000000e+00
6.985000000000000000e+02 1.000000000000000000e+00
6.995000000000000000e+02 1.000000000000000000e+00
7.005000000000000000e+02 1.000000000000000000e+00
7.015000000000000000e+02 1.000000000000000000e+00
7.025000000000000000e+02 1.000000000000000000e+00
7.035000000000000000e+02 1.000000000000000000e+00
7.045000000000000000e+02 1.000000000000000000e+00
7.055000000000000000e+02 1.000000000000000000e+00
7.065000000000000000e+02 1.000000000000000000e+00
7.075000000000000000e+02 1.000000000000000000e+00
7.085000000000000000e+02 1.000000000000000000e+00
7.095000000000000000e+02 1.000000000000000000e+00
7.105000000000000000e+02 1.000000000000000000e+00
7.115000000000000000e+02 1.000000000000000000e+00
7.125000000000000000e+02 1.000000000000000000e+00
7.135000000000000000e+02 1.000000000000000000e+00
7.145000000000000000e+02 1.000000000000000000e+00
7.155000000000000000e+02 1.000000000000000000e+00
7.165000000000000000e+02 1.000000000000000000e+00
7.175000000000000000e+02 1.000000000000000000e+00
7.185000000000000000e+02 1.000000000000000000e+00
7.195000000000000000e+02 1.000000000000000000e+00
7.205000000000000000e+02 1.000000000000000000e+00
7.215000000000000000e+02 1.000000000000000000e+00
7.225000000000000000e+02 1.000000000000000000e+00
7.235000000000000000e+02 1.000000000000000000e+00
7.245000000000000000e+02 1.000000000000000000e+00
7.255000000000000000e+02 1.000000000000000000e+00
7.265000000000000000e+02 1.000000000000000000e+00
7.275000000000000000e+02 1.000000000000000000e+00
7.285000000000000000e+02 1.000000000000000000e+00
7.295000000000000000e+02 1.000000000000000000e+00
7.305000000000000000e+02 1.000000000000000000e+00
7.315000000000000000e+02 1.000000000000000000e+00
7.325000000000000000e+02 1.000000000000000000e+00
7.335000000000000000e+02 1.000000000000000000e+00
7.345000000000000000e+02 1.000000000000000000e+00
7.355000000000000000e+02 1.000000000000000000e+00
7.365000000000000000e+02 1.000000000000000000e+00
7.375000000000000000e+02 1.000000000000000000e+00
7.385000000000000000e+02 1.000000000000000000e+00
7.395000000000000000e+02 1.000000000000000000e+00
7.405000000000000000e+02 1.000000000000000000e+00
7.415000000000000000e+02 1.000000000000000000e+00
7.425000000000000000e+02 1.000000000000000000e+00
7.435000000000000000e+02 1.000000000000000000e+00
7.445000000000000000e+02 1.000000000000000000e+00
7.455000000000000000e+02 1.000000000000000000e+00
7.465000000000000000e+02 1.000000000000000000e+00
7.475000000000000000e+02 1.000000000000000000e+00
7.485000000000000000e+02 1.000000000000000000e+00
7.495000000000000000e+02 1.000000000000000000e+00
7.505000000000000000e+02 1.000000000000000000e+00
7.515000000000000000e+02 1.000000000000000000e+00
7.525000000000000000e+02 1.000000000000000000e+00
7.535000000000000000e+02 1.000000000000000000e+00
7.545000000000000000e+02 1.000000000000000000e+00
7.555000000000000000e+02 1.000000000000000000e+00
7.565000000000000000e+02 1.000000000000000000e+00
7.575000000000000000e+02 1.000000000000000000e+00
7.585000000000000000e+02 1.000000000000000000e+00
7.595000000000000000e+02 1.000000000000000000e+00
7.605000000000000000e+02 1.000000000000000000e+00
7.615000000000000000e+02 1.000000000000000000e+00
7.625000000000000000e+02 1.000000000000000000e+00
7.635000000000000000e+02 1.000000000000000000e+00
7.645000000000000000e+02 1.000000000000000000e+00
7.655000000000000000e+02 1.000000000000000000e+00
7.665000000000000000e+02 1.000000000000000000e+00
7.675000000000000000e+02 1.000000000000000000e+00
7.685000000000000000e+02 1.000000000000000000e+00
7.695000000000000000e+02 1.000000000000000000e+00
7.705000000000000000e+02 1.000000000000000000e+00
7.715000000000000000e+02 1.000000000000000000e+00
7.725000000000000000e+02 1.000000000000000000e+00
7.735000000000000000e+02 1.000000000000000000e+00
7.745000000000000000e+02 1.000000000000000000e+00
7.755000000000000000e+02 1.000000000000000000e+00
7.765000000000000000e+02 1.000000000000000000e+00
7.775000000000000000e+02 1.000000000000000000e+00
7.785000000000000000e+02 1.000000000000000000e+00
7.795000000000000000e+02 1.000000000000000000e+00
7.805000000000000000e+02 1.000000000000000000e+00
7.815000000000000000e+02 1.000000000000000000e+00
7.825000000000000000e+02 1.000000000000000000e+00
7.835000000000000000e+02 1.000000000000000000e+00
7.845000000000000000e+02 1.000000000000000000e+00
7.855000000000000000e+02 1.000000000000000000e+00
7.865000000000000000e+02 1.000000000000000000e+00
7.875000000000000000e+02 1.000000000000000000e+00
7.885000000000000000e+02 1.000000000000000000e+00
7.895000000000000000e+02 1.000000000000000000e+00
7.905000000000000000e+02 1.000000000000000000e+00
7.915000000000000000e+02 1.000000000000000000e+00
7.925000000000000000e+02 1.000000000000000000e+00
7.935000000000000000e+02 1.000000000000000000e+00
7.945000000000000000e+02 1.000000000000000000e+00
7.955000000000000000e+02 1.000000000000000000e+00
7.965000000000000000e+02 1.000000000000000000e+00
7.975000000000000000e+02 1.000000000000000000e+00
7.985000000000000000e+02 1.000000000000000000e+00
7.995000000000000000e+02 1.000000000000000000e+00
8.005000000000000000e+02 1.000000000000000000e+00
8.015000000000000000e+02 1.000000000000000000e+00
8.025000000000000000e+02 1.000000000000000000e+00
8.035000000000000000e+02 1.000000000000000000e+00
8.045000000000000000e+02 1.000000000000000000e+00
8.055000000000000000e+02 1.000000000000000000e+00
8.065000000000000000e+02 1.000000000000000000e+00
8.075000000000000000e+02 1.000000000000000000e+00
8.085000000000000000e+02 1.000000000000000000e+00
8.095000000000000000e+02 1.000000000000000000e+00
8.105000000000000000e+02 1.000000000000000000e+00
8.115000000000000000e+02 1.000000000000000000e+00
8.125000000000000000e+02 1.000000000000000000e+00
8.135000000000000000e+02 1.000000000000000000e+00
8.145000000000000000e+02 1.000000000000000000e+00
8.155000000000000000e+02 1.000000000000000000e+00
8.165000000000000000e+02 1.000000000000000000e+00
8.175000000000000000e+02 1.000000000000000000e+00
8.185000000000000000e+02 1.000000000000000000e+00
8.195000000000000000e+02 1.000000000000000000e+00
8.205000000000000000e+02 1.000000000000000000e+00
8.215000000000000000e+02 1.000000000000000000e+00
8.225000000000000000e+02 1.000000000000000000e+00
8.235000000000000000e+02 1.000000000000000000e+00
8.245000000000000000e+02 1.000000000000000000e+00
8.255000000000000000e+02 1.000000000000000000e+00
8.265000000000000000e+02 1.000000000000000000e+00
8.275000000000000000e+02 1.000000000000000000e+00
8.285000000000000000e+02 1.000000000000000000e+00
8.295000000000000000e+02 1.000000000000000000e+00
8.305000000000000000e+02 1.000000000000000000e+00
8.315000000000000000e+02 1.000000000000000000e+00
8.325000000000000000e+02 1.000000000000000000e+00
8.335000000000000000e+02 1.000000000000000000e+00
8.345000000000000000e+02 1.000000000000000000e+00
8.355000000000000000e+02 1.000000000000000000e+00
8.365000000000000000e+02 1.000000000000000000e+00
8.375000000000000000e+02 1.000000000000000000e+00
8.385000000000000000e+02 1.000000000000000000e+00
8.395000000000000000e+02 1.000000000000000000e+00
8.405000000000000000e+02 1.000000000000000000e+00
8.415000000000000000e+02 1.000000000000000000e+00
8.425000000000000000e+02 1.000000000000000000e+00
8.435000000000000000e+02 1.000000000000000000e+00
8.445000000000000000e+02 1.000000000000000000e+00
8.455000000000000000e+02 1.000000000000000000e+00
8.465000000000000000e+02 1.000000000000000000e+00
8.475000000000000000e+02 1.000000000000000000e+00
8.485000000000000000e+02 1.000000000000000000e+00
8.495000000000000000e+02 1.000000000000000000e+00
8.505000000000000000e+02 1.000000000000000000e+00
8.515000000000000000e+02 1.000000000000000000e+00
8.525000000000000000e+02 1.000000000000000000e+00
8.535000000000000000e+02 1.000000000000000000e+00
8.545000000000000000e+02 1.000000000000000000e+00
8.555000000000000000e+02 1.000000000000000000e+00
8.565000000000000000e+02 1.000000000000000000e+00
8.575000000000000000e+02 1.000000000000000000e+00
8.585000000000000000e+02 1.000000000000000000e+00
8.595000000000000000e+02 1.000000000000000000e+00
8.605000000000000000e+02 1.000000000000000000e+00
8.615000000000000000e+02 1.000000000000000000e+00
8.625000000000000000e+02 1.000000000000000000e+00
8.635000000000000000e+02 1.000000000000000000e+00
8.645000000000000000e+02 1.000000000000000000e+00
8.655000000000000000e+02 1.000000000000000000e+00
8.665000000000000000e+02 1.000000000000000000e+00
8.675000000000000000e+02 1.000000000000000000e+00
8.685000000000000000e+02 1.000000000000000000e+00
8.695000000000000000e+02 1.000000000000000000e+00
8.705000000000000000e+02 1.000000000000000000e+00
8.715000000000000000e+02 1.000000000000000000e+00
8.725000000000000000e+02 1.000000000000000000e+00
8.735000000000000000e+02 1.000000000000000000e+00
8.745000000000000000e+02 1.000000000000000000e+00
8.755000000000000000e+02 1.000000000000000000e+00
8.765000000000000000e+02 1.000000000000000000e+00
8.775000000000000000e+02 1.000000000000000000e+00
8.785000000000000000e+02 1.000000000000000000e+00
8.795000000000000000e+02 1.000000000000000000e+00
8.805000000000000000e+02 1.000000000000000000e+00
8.815000000000000000e+02 1.000000000000000000e+00
8.825000000000000000e+02 1.000000000000000000e+00
8.835000000000000000e+02 1.000000000000000000e+00
8.845000000000000000e+02 1.000000000000000000e+00
8.855000000000000000e+02 1.000000000000000000e+00
8.865000000000000000e+02 1.000000000000000000e+00
8.875000000000000000e+02 1.000000000000000000e+00
8.885000000000000000e+02 1.000000000000000000e+00
8.895000000000000000e+02 1.000000000000000000e+00
8.905000000000000000e+02 1.000000000000000000e+00
8.915000000000000000e+02 1.000000000000000000e+00
8.925000000000000000e+02 1.000000000000000000e+00
8.935000000000000000e+02 1.000000000000000000e+00
8.945000000000000000e+02 1.000000000000000000e+00
8.955000000000000000e+02 1.000000000000000000e+00
8.965000000000000000e+02 1.000000000000000000e+00
8.975000000000000000e+02 1.000000000000000000e+00
8.985000000000000000e+02 1.000000000000000000e+00
8.995000000000000000e+02 1.000000000000000000e+00
9.005000000000000000e+02 1.000000000000000000e+00
9.015000000000000000e+02 1.000000000000000000e+00
9.025000000000000000e+02 1.000000000000000000e+00
9.035000000000000000e+02 1.000000000000000000e+00
9.045000000000000000e+02 1.000000000000000000e+00
9.055000000000000000e+02 1.000000000000000000e+00
9.065000000000000000e+02 1.000000000000000000e+00
9.075000000000000000e+02 1.000000000000000000e+00
9.085000000000000000e+02 1.000000000000000000e+00
9.095000000000000000e+02 1.000000000000000000e+00
9.105000000000000000e+02 1.000000000000000000e+00
9.115000000000000000e+02 1.000000000000000000e+00
9.125000000000000000e+02 1.000000000000000000e+00
9.135000000000000000e+02 1.000000000000000000e+00
9.145000000000000000e+02 1.000000000000000000e+00
9.155000000000000000e+02 1.000000000000000000e+00
9.165000000000000000e+02 1.000000000000000000e+00
9.175000000000000000e+02 1.000000000000000000e+00
9.185000000000000000e+02 1.000000000000000000e+00
9.195000000000000000e+02 1.000000000000000000e+00
9.205000000000000000e+02 1.000000000000000000e+00
9.215000000000000000e+02 1.000000000000000000e+00
9.225000000000000000e+02 1.000000000000000000e+00
9.235000000000000000e+02 1.000000000000000000e+00
9.245000000000000000e+02 1.000000000000000000e+00
9.255000000000000000e+02 1.000000000000000000e+00
9.265000000000000000e+02 1.000000000000000000e+00
9.275000000000000000e+02 1.000000000000000000e+00
9.285000000000000000e+02 1.000000000000000000e+00
9.295000000000000000e+02 1.000000000000000000e+00
9.305000000000000000e+02 1.000000000000000000e+00
9.315000000000000000e+02 1.000000000000000000e+00
9.325000000000000000e+02 1.000000000000000000e+00
9.335000000000000000e+02 1.000000000000000000e+00
9.345000000000000000e+02 1.000000000000000000e+00
9.355000000000000000e+02 1.000000000000000000e+00
9.365000000000000000e+02 1.000000000000000000e+00
9.375000000000000000e+02 1.000000000000000000e+00
9.385000000000000000e+02 1.000000000000000000e+00
9.395000000000000000e+02 1.000000000000000000e+00
9.405000000000000000e+02 1.000000000000000000e+00
9.415000000000000000e+02 1.000000000000000000e+00
9.425000000000000000e+02 1.000000000000000000e+00
9.435000000000000000e+02 1.000000000000000000e+00
9.445000000000000000e+02 1.000000000000000000e+00
9.455000000000000000e+02 1.000000000000000000e+00
9.465000000000000000e+02 1.000000000000000000e+00
9.475000000000000000e+02 1.000000000000000000e+00
9.485000000000000000e+02 1.000000000000000000e+00
9.495000000000000000e+02 1.000000000000000000e+00
9.505000000000000000e+02 1.000000000000000000e+00
9.515000000000000000e+02 1.000000000000000000e+00
9.525000000000000000e+02 1.000000000000000000e+00
9.535000000000000000e+02 1.000000000000000000e+00
9.545000000000000000e+02 1.000000000000000000e+00
9.555000000000000000e+02 1.000000000000000000e+00
9.565000000000000000e+02 1.000000000000000000e+00
9.575000000000000000e+02 1.000000000000000000e+00
9.585000000000000000e+02 1.000000000000000000e+00
9.595000000000000000e+02 1.000000000000000000e+00
9.605000000000000000e+02 1.000000000000000000e+00
9.615000000000000000e+02 1.000000000000000000e+00
9.625000000000000000e+02 1.000000000000000000e+00
9.635000000000000000e+02 1.000000000000000000e+00
9.645000000000000000e+02 1.000000000000000000e+00
9.655000000000000000e+02 1.000000000000000000e+00
9.665000000000000000e+02 1.000000000000000000e+00
9.675000000000000000e+02 1.000000000000000000e+00
9.685000000000000000e+02 1.000000000000000000e+00
9.695000000000000000e+02 1.000000000000000000e+00
9.705000000000000000e+02 1.000000000000000000e+00
9.715000000000000000e+02 1.000000000000000000e+00
9.725000000000000000e+02 1.000000000000000000e+00
9.735000000000000000e+02 1.000000000000000000e+00
9.745000000000000000e+02 1.000000000000000000e+00
9.755000000000000000e+02 1.000000000000000000e+00
9.765000000000000000e+02 1.000000000000000000e+00
9.775000000000000000e+02 1.000000000000000000e+00
9.785000000000000000e+02 1.000000000000000000e+00
9.795000000000000000e+02 1.000000000000000000e+00
9.805000000000000000e+02 1.000000000000000000e+00
9.815000000000000000e+02 1.000000000000000000e+00
9.825000000000000000e+02 1.000000000000000000e+00
9.835000000000000000e+02 1.000000000000000000e+00
9.845000000000000000e+02 1.000000000000000000e+00
9.855000000000000000e+02 1.000000000000000000e+00
9.865000000000000000e+02 1.000000000000000000e+00
9.875000000000000000e+02 1.000000000000000000e+00
9.885000000000000000e+02 1.000000000000000000e+00
9.895000000000000000e+02 1.000000000000000000e+00
9.905000000000000000e+02 1.000000000000000000e+00
9.915000000000000000e+02 1.000000000000000000e+00
9.925000000000000000e+02 1.000000000000000000e+00
9.935000000000000000e+02 1.000000000000000000e+00
9.945000000000000000e+02 1.000000000000000000e+00
9.955000000000000000e+02 1.000000000000000000e+00
9.965000000000000000e+02 1.000000000000000000e+00
9.975000000000000000e+02 1.000000000000000000e+00
9.985000000000000000e+02 1.000000000000000000e+00
9.995000000000000000e+02 1.000000000000000000e+00
1.000500000000000000e+03 1.000000000000000000e+00
1.001500000000000000e+03 1.000000000000000000e+00
1.002500000000000000e+03 1.000000000000000000e+00
1.003500000000000000e+03 1.000000000000000000e+00
1.004500000000000000e+03 1.000000000000000000e+00
1.005500000000000000e+03 1.000000000000000000e+00
1.006500000000000000e+03 1.000000000000000000e+00
1.007500000000000000e+03 1.000000000000000000e+00
1.008500000000000000e+03 1.000000000000000000e+00
1.009500000000000000e+03 1.000000000000000000e+00
1.010500000000000000e+03 1.000000000000000000e+00
1.011500000000000000e+03 1.000000000000000000e+00
1.012500000000000000e+03 1.000000000000000000e+00
1.013500000000000000e+03 1.000000000000000000e+00
1.014500000000000000e+03 1.000000000000000000e+00
1.015500000000000000e+03 1.000000000000000000e+00
1.016500000000000000e+03 1.000000000000000000e+00
1.017500000000000000e+03 1.000000000000000000e+00
1.018500000000000000e+03 1.000000000000000000e+00
1.019500000000000000e+03 1.000000000000000000e+00
1.020500000000000000e+03 1.000000000000000000e+00
1.021500000000000000e+03 1.000000000000000000e+00
1.022500000000000000e+03 1.000000000000000000e+00
1.023500000000000000e+03 1.000000000000000000e+00
1.024500000000000000e+03 1.000000000000000000e+00
1.025500000000000000e+03 1.000000000000000000e+00
1.026500000000000000e+03 1.000000000000000000e+00
1.027500000000000000e+03 1.000000000000000000e+00
1.028500000000000000e+03 1.000000000000000000e+00
1.029500000000000000e+03 1.000000000000000000e+00
1.030500000000000000e+03 1.000000000000000000e+00
1.031500000000000000e+03 1.000000000000000000e+00
1.032500000000000000e+03 1.000000000000000000e+00
1.033500000000000000e+03 1.000000000000000000e+00
1.034500000000000000e+03 1.000000000000000000e+00
1.035500000000000000e+03 1.000000000000000000e+00
1.036500000000000000e+03 1.000000000000000000e+00
1.037500000000000000e+03 1.000000000000000000e+00
1.038500000000000000e+03 1.000000000000000000e+00
1.039500000000000000e+03 1.000000000000000000e+00
1.040500000000000000e+03 1.000000000000000000e+00
1.041500000000000000e+03 1.000000000000000000e+00
1.042500000000000000e+03 1.000000000000000000e+00
1.043500000000000000e+03 1.000000000000000000e+00
1.044500000000000000e+03 1.000000000000000000e+00
1.045500000000000000e+03 1.000000000000000000e+00
1.046500000000000000e+03 1.000000000000000000e+00
1.047500000000000000e+03 1.000000000000000000e+00
1.048500000000000000e+03 1.000000000000000000e+00
1.049500000000000000e+03 1.000000000000000000e+00
1.050500000000000000e+03 1.000000000000000000e+00
1.051500000000000000e+03 1.000000000000000000e+00
1.052500000000000000e+03 1.000000000000000000e+00
1.053500000000000000e+03 1.000000000000000000e+00
1.054500000000000000e+03 1.000000000000000000e+00
1.055500000000000000e+03 1.000000000000000000e+00
1.056500000000000000e+03 1.000000000000000000e+00
1.057500000000000000e+03 1.000000000000000000e+00
1.058500000000000000e+03 1.000000000000000000e+00
1.059500000000000000e+03 1.000000000000000000e+00
1.060500000000000000e+03 1.000000000000000000e+00
1.061500000000000000e+03 1.000000000000000000e+00
1.062500000000000000e+03 1.000000000000000000e+00
1.063500000000000000e+03 1.000000000000000000e+00
1.064500000000000000e+03 1.000000000000000000e+00
1.065500000000000000e+03 1.000000000000000000e+00
1.066500000000000000e+03 1.000000000000000000e+00
1.067500000000000000e+03 1.000000000000000000e+00
1.068500000000000000e+03 1.000000000000000000e+00
1.069500000000000000e+03 1.000000000000000000e+00
1.070500000000000000e+03 1.000000000000000000e+00
1.071500000000000000e+03 1.000000000000000000e+00
1.072500000000000000e+03 1.000000000000000000e+00
1.073500000000000000e+03 1.000000000000000000e+00
1.074500000000000000e+03 1.000000000000000000e+00
1.075500000000000000e+03 1.000000000000000000e+00
1.076500000000000000e+03 1.000000000000000000e+00
1.077500000000000000e+03 1.000000000000000000e+00
1.078500000000000000e+03 1.000000000000000000e+00
1.079500000000000000e+03 1.000000000000000000e+00
1.080500000000000000e+03 1.000000000000000000e+00
1.081500000000000000e+03 1.000000000000000000e+00
1.082500000000000000e+03 1.000000000000000000e+00
1.083500000000000000e+03 1.000000000000000000e+00
1.084500000000000000e+03 1.000000000000000000e+00
1.085500000000000000e+03 1.000000000000000000e+00
1.086500000000000000e+03 1.000000000000000000e+00
1.087500000000000000e+03 1.000000000000000000e+00
1.088500000000000000e+03 1.000000000000000000e+00
1.089500000000000000e+03 1.000000000000000000e+00
1.090500000000000000e+03 1.000000000000000000e+00
1.091500000000000000e+03 1.000000000000000000e+00
1.092500000000000000e+03 1.000000000000000000e+00
1.093500000000000000e+03 1.000000000000000000e+00
1.094500000000000000e+03 1.000000000000000000e+00
1.095500000000000000e+03 1.000000000000000000e+00
1.096500000000000000e+03 1.000000000000000000e+00
1.097500000000000000e+03 1.000000000000000000e+00
1.098500000000000000e+03 1.000000000000000000e+00
1.099500000000000000e+03 1.000000000000000000e+00
1.100500000000000000e+03 1.000000000000000000e+00
1.101500000000000000e+03 1.000000000000000000e+00
1.102500000000000000e+03 1.000000000000000000e+00
1.103500000000000000e+03 1.000000000000000000e+00
1.104500000000000000e+03 1.000000000000000000e+00
1.105500000000000000e+03 1.000000000000000000e+00
1.106500000000000000e+03 1.000000000000000000e+00
1.107500000000000000e+03 1.000000000000000000e+00
1.108500000000000000e+03 1.000000000000000000e+00
1.109500000000000000e+03 1.000000000000000000e+00
1.110500000000000000e+03 1.000000000000000000e+00
1.111500000000000000e+03 1.000000000000000000e+00
1.112500000000000000e+03 1.000000000000000000e+00
1.113500000000000000e+03 1.000000000000000000e+00
1.114500000000000000e+03 1.000000000000000000e+00
1.115500000000000000e+03 1.000000000000000000e+00
1.116500000000000000e+03 1.000000000000000000e+00
1.117500000000000000e+03 1.000000000000000000e+00
1.118500000000000000e+03 1.000000000000000000e+00
1.119500000000000000e+03 1.000000000000000000e+00
1.120500000000000000e+03 1.000000000000000000e+00
1.121500000000000000e+03 1.000000000000000000e+00
1.122500000000000000e+03 1.000000000000000000e+00
1.123500000000000000e+03 1.000000000000000000e+00
1.124500000000000000e+03 1.000000000000000000e+00
1.125500000000000000e+03 1.000000000000000000e+00
1.126500000000000000e+03 1.000000000000000000e+00
1.127500000000000000e+03 1.000000000000000000e+00
1.128500000000000000e+03 1.000000000000000000e+00
1.129500000000000000e+03 1.000000000000000000e+00
1.130500000000000000e+03 1.000000000000000000e+00
1.131500000000000000e+03 1.000000000000000000e+00
1.132500000000000000e+03 1.000000000000000000e+00
1.133500000000000000e+03 1.000000000000000000e+00
1.134500000000000000e+03 1.000000000000000000e+00
1.135500000000000000e+03 1.000000000000000000e+00
1.136500000000000000e+03 1.000000000000000000e+00
1.137500000000000000e+03 1.000000000000000000e+00
1.138500000000000000e+03 1.000000000000000000e+00
1.139500000000000000e+03 1.000000000000000000e+00
1.140500000000000000e+03 1.000000000000000000e+00
1.141500000000000000e+03 1.000000000000000000e+00
1.142500000000000000e+03 1.000000000000000000e+00
1.143500000000000000e+03 1.000000000000000000e+00
1.144500000000000000e+03 1.000000000000000000e+00
1.145500000000000000e+03 1.000000000000000000e+00
1.146500000000000000e+03 1.000000000000000000e+00
1.147500000000000000e+03 1.000000000000000000e+00
1.148500000000000000e+03 1.000000000000000000e+00
1.149500000000000000e+03 1.000000000000000000e+00
1.150500000000000000e+03 1.000000000000000000e+00
1.151500000000000000e+03 1.000000000000000000e+00
1.152500000000000000e+03 1.000000000000000000e+00
1.153500000000000000e+03 1.000000000000000000e+00
1.154500000000000000e+03 1.000000000000000000e+00
1.155500000000000000e+03 1.000000000000000000e+00
1.156500000000000000e+03 1.000000000000000000e+00
1.157500000000000000e+03 1.000000000000000000e+00
1.158500000000000000e+03 1.000000000000000000e+00
1.159500000000000000e+03 1.000000000000000000e+00
1.160500000000000000e+03 1.000000000000000000e+00
1.161500000000000000e+03 1.000000000000000000e+00
1.162500000000000000e+03 1.000000000000000000e+00
1.163500000000000000e+03 1.000000000000000000e+00
1.164500000000000000e+03 1.000000000000000000e+00
1.165500000000000000e+03 1.000000000000000000e+00
1.166500000000000000e+03 1.000000000000000000e+00
1.167500000000000000e+03 1.000000000000000000e+00
1.168500000000000000e+03 1.000000000000000000e+00
1.169500000000000000e+03 1.000000000000000000e+00
1.170500000000000000e+03 1.000000000000000000e+00
1.171500000000000000e+03 1.000000000000000000e+00
1.172500000000000000e+03 1.000000000000000000e+00
1.173500000000000000e+03 1.000000000000000000e+00
1.174500000000000000e+03 1.000000000000000000e+00
1.175500000000000000e+03 1.000000000000000000e+00
1.176500000000000000e+03 1.000000000000000000e+00
1.177500000000000000e+03 1.000000000000000000e+00
1.178500000000000000e+03 1.000000000000000000e+00
1.179500000000000000e+03 1.000000000000000000e+00
1.180500000000000000e+03 1.000000000000000000e+00
1.181500000000000000e+03 1.000000000000000000e+00
1.182500000000000000e+03 1.000000000000000000e+00
1.183500000000000000e+03 1.000000000000000000e+00
1.184500000000000000e+03 1.000000000000000000e+00
1.185500000000000000e+03 1.000000000000000000e+00
1.186500000000000000e+03 1.000000000000000000e+00
1.187500000000000000e+03 1.000000000000000000e+00
1.188500000000000000e+03 1.000000000000000000e+00
1.189500000000000000e+03 1.000000000000000000e+00
1.190500000000000000e+03 1.000000000000000000e+00
1.191500000000000000e+03 1.000000000000000000e+00
1.192500000000000000e+03 1.000000000000000000e+00
1.193500000000000000e+03 1.000000000000000000e+00
1.194500000000000000e+03 1.000000000000000000e+00
1.195500000000000000e+03 1.000000000000000000e+00
1.196500000000000000e+03 1.000000000000000000e+00
1.197500000000000000e+03 1.000000000000000000e+00
1.198500000000000000e+03 1.000000000000000000e+00
1.199500000000000000e+03 1.000000000000000000e+00
1.200500000000000000e+03 1.000000000000000000e+00
1.201500000000000000e+03 1.000000000000000000e+00
1.202500000000000000e+03 1.000000000000000000e+00
1.203500000000000000e+03 1.000000000000000000e+00
1.204500000000000000e+03 1.000000000000000000e+00
1.205500000000000000e+03 1.000000000000000000e+00
1.206500000000000000e+03 1.000000000000000000e+00
1.207500000000000000e+03 1.000000000000000000e+00
1.208500000000000000e+03 1.000000000000000000e+00
1.209500000000000000e+03 1.000000000000000000e+00
1.210500000000000000e+03 1.000000000000000000e+00
1.211500000000000000e+03 1.000000000000000000e+00
1.212500000000000000e+03 1.000000000000000000e+00
1.213500000000000000e+03 1.000000000000000000e+00
1.214500000000000000e+03 1.000000000000000000e+00
1.215500000000000000e+03 1.000000000000000000e+00
1.216500000000000000e+03 1.000000000000000000e+00
1.217500000000000000e+03 1.000000000000000000e+00
1.218500000000000000e+03 1.000000000000000000e+00
1.219500000000000000e+03 1.000000000000000000e+00
1.220500000000000000e+03 1.000000000000000000e+00
1.221500000000000000e+03 1.000000000000000000e+00
1.222500000000000000e+03 1.000000000000000000e+00
1.223500000000000000e+03 1.000000000000000000e+00
1.224500000000000000e+03 1.000000000000000000e+00
1.225500000000000000e+03 1.000000000000000000e+00
1.226500000000000000e+03 1.000000000000000000e+00
1.227500000000000000e+03 1.000000000000000000e+00
1.228500000000000000e+03 1.000000000000000000e+00
1.229500000000000000e+03 1.000000000000000000e+00
1.230500000000000000e+03 1.000000000000000000e+00
1.231500000000000000e+03 1.000000000000000000e+00
1.232500000000000000e+03 1.000000000000000000e+00
1.233500000000000000e+03 1.000000000000000000e+00
1.234500000000000000e+03 1.000000000000000000e+00
1.235500000000000000e+03 1.000000000000000000e+00
1.236500000000000000e+03 1.000000000000000000e+00
1.237500000000000000e+03 1.000000000000000000e+00
1.238500000000000000e+03 1.000000000000000000e+00
1.239500000000000000e+03 1.000000000000000000e+00
1.240500000000000000e+03 1.000000000000000000e+00
1.241500000000000000e+03 1.000000000000000000e+00
1.242500000000000000e+03 1.000000000000000000e+00
1.243500000000000000e+03 1.000000000000000000e+00
1.244500000000000000e+03 1.000000000000000000e+00
1.245500000000000000e+03 1.000000000000000000e+00
1.246500000000000000e+03 1.000000000000000000e+00
1.247500000000000000e+03 1.000000000000000000e+00
1.248500000000000000e+03 1.000000000000000000e+00
1.249500000000000000e+03 1.000000000000000000e+00
1.250500000000000000e+03 1.000000000000000000e+00
1.251500000000000000e+03 1.000000000000000000e+00
1.252500000000000000e+03 1.000000000000000000e+00
1.253500000000000000e+03 1.000000000000000000e+00
1.254500000000000000e+03 1.000000000000000000e+00
1.255500000000000000e+03 1.000000000000000000e+00
1.256500000000000000e+03 1.000000000000000000e+00
1.257500000000000000e+03 1.000000000000000000e+00
1.258500000000000000e+03 1.000000000000000000e+00
1.259500000000000000e+03 1.000000000000000000e+00
1.260500000000000000e+03 1.000000000000000000e+00
1.261500000000000000e+03 1.000000000000000000e+00
1.262500000000000000e+03 1.000000000000000000e+00
1.263500000000000000e+03 1.000000000000000000e+00
1.264500000000000000e+03 1.000000000000000000e+00
1.265500000000000000e+03 1.000000000000000000e+00
1.266500000000000000e+03 1.000000000000000000e+00
1.267500000000000000e+03 1.000000000000000000e+00
1.268500000000000000e+03 1.000000000000000000e+00
1.269500000000000000e+03 1.000000000000000000e+00
1.270500000000000000e+03 1.000000000000000000e+00
1.271500000000000000e+03 1.000000000000000000e+00
1.272500000000000000e+03 1.000000000000000000e+00
1.273500000000000000e+03 1.000000000000000000e+00
1.274500000000000000e+03 1.000000000000000000e+00
1.275500000000000000e+03 1.000000000000000000e+00
1.276500000000000000e+03 1.000000000000000000e+00
1.277500000000000000e+03 1.000000000000000000e+00
1.278500000000000000e+03 1.000000000000000000e+00
1.279500000000000000e+03 1.000000000000000000e+00
1.280500000000000000e+03 1.000000000000000000e+00
1.281500000000000000e+03 1.000000000000000000e+00
1.282500000000000000e+03 1.000000000000000000e+00
1.283500000000000000e+03 1.000000000000000000e+00
1.284500000000000000e+03 1.000000000000000000e+00
1.285500000000000000e+03 1.000000000000000000e+00
1.286500000000000000e+03 1.000000000000000000e+00
1.287500000000000000e+03 1.000000000000000000e+00
1.288500000000000000e+03 1.000000000000000000e+00
1.289500000000000000e+03 1.000000000000000000e+00
1.290500000000000000e+03 1.000000000000000000e+00
1.291500000000000000e+03 1.000000000000000000e+00
1.292500000000000000e+03 1.000000000000000000e+00
1.293500000000000000e+03 1.000000000000000000e+00
1.294500000000000000e+03 1.000000000000000000e+00
1.295500000000000000e+03 1.000000000000000000e+00
1.296500000000000000e+03 1.000000000000000000e+00
1.297500000000000000e+03 1.000000000000000000e+00
1.298500000000000000e+03 1.000000000000000000e+00
1.299500000000000000e+03 1.000000000000000000e+00
1.300500000000000000e+03 1.000000000000000000e+00
1.301500000000000000e+03 1.000000000000000000e+00
1.302500000000000000e+03 1.000000000000000000e+00
1.303500000000000000e+03 1.000000000000000000e+00
1.304500000000000000e+03 1.000000000000000000e+00
1.305500000000000000e+03 1.000000000000000000e+00
1.306500000000000000e+03 1.000000000000000000e+00
1.307500000000000000e+03 1.000000000000000000e+00
1.308500000000000000e+03 1.000000000000000000e+00
1.309500000000000000e+03 1.000000000000000000e+00
1.310500000000000000e+03 1.000000000000000000e+00
1.311500000000000000e+03 1.000000000000000000e+00
1.312500000000000000e+03 1.000000000000000000e+00
1.313500000000000000e+03 1.000000000000000000e+00
1.314500000000000000e+03 1.000000000000000000e+00
1.315500000000000000e+03 1.000000000000000000e+00
1.316500000000000000e+03 1.000000000000000000e+00
1.317500000000000000e+03 1.000000000000000000e+00
1.318500000000000000e+03 1.000000000000000000e+00
1.319500000000000000e+03 1.000000000000000000e+00
1.320500000000000000e+03 1.000000000000000000e+00
1.321500000000000000e+03 1.000000000000000000e+00
1.322500000000000000e+03 1.000000000000000000e+00
1.323500000000000000e+03 1.000000000000000000e+00
1.324500000000000000e+03 1.000000000000000000e+00
1.325500000000000000e+03 1.000000000000000000e+00
1.326500000000000000e+03 1.000000000000000000e+00
1.327500000000000000e+03 1.000000000000000000e+00
1.328500000000000000e+03 1.000000000000000000e+00
1.329500000000000000e+03 1.000000000000000000e+00
1.330500000000000000e+03 1.000000000000000000e+00
1.331500000000000000e+03 1.000000000000000000e+00
1.332500000000000000e+03 1.000000000000000000e+00
1.333500000000000000e+03 1.000000000000000000e+00
1.334500000000000000e+03 1.000000000000000000e+00
1.335500000000000000e+03 1.000000000000000000e+00
1.336500000000000000e+03 1.000000000000000000e+00
1.337500000000000000e+03 1.000000000000000000e+00
1.338500000000000000e+03 1.000000000000000000e+00
1.339500000000000000e+03 1.000000000000000000e+00
1.340500000000000000e+03 1.000000000000000000e+00
1.341500000000000000e+03 1.000000000000000000e+00
1.342500000000000000e+03 1.000000000000000000e+00
1.343500000000000000e+03 1.000000000000000000e+00
1.344500000000000000e+03 1.000000000000000000e+00
1.345500000000000000e+03 1.000000000000000000e+00
1.346500000000000000e+03 1.000000000000000000e+00
1.347500000000000000e+03 1.000000000000000000e+00
1.348500000000000000e+03 1.000000000000000000e+00
1.349500000000000000e+03 1.000000000000000000e+00
1.350500000000000000e+03 1.000000000000000000e+00
1.351500000000000000e+03 1.000000000000000000e+00
1.352500000000000000e+03 1.000000000000000000e+00
1.353500000000000000e+03 1.000000000000000000e+00
1.354500000000000000e+03 1.000000000000000000e+00
1.355500000000000000e+03 1.000000000000000000e+00
1.356500000000000000e+03 1.000000000000000000e+00
1.357500000000000000e+03 1.000000000000000000e+00
1.358500000000000000e+03 1.000000000000000000e+00
1.359500000000000000e+03 1.000000000000000000e+00
1.360500000000000000e+03 1.000000000000000000e+00
1.361500000000000000e+03 1.000000000000000000e+00
1.362500000000000000e+03 1.000000000000000000e+00
1.363500000000000000e+03 1.000000000000000000e+00
1.364500000000000000e+03 1.000000000000000000e+00
1.365500000000000000e+03 1.000000000000000000e+00
1.366500000000000000e+03 1.000000000000000000e+00
1.367500000000000000e+03 1.000000000000000000e+00
1.368500000000000000e+03 1.000000000000000000e+00
1.369500000000000000e+03 1.000000000000000000e+00
1.370500000000000000e+03 1.000000000000000000e+00
1.371500000000000000e+03 1.000000000000000000e+00
1.372500000000000000e+03 1.000000000000000000e+00
1.373500000000000000e+03 1.000000000000000000e+00
1.374500000000000000e+03 1.000000000000000000e+00
1.375500000000000000e+03 1.000000000000000000e+00
1.376500000000000000e+03 1.000000000000000000e+00
1.377500000000000000e+03 1.000000000000000000e+00
1.378500000000000000e+03 1.000000000000000000e+00
1.379500000000000000e+03 1.000000000000000000e+00
1.380500000000000000e+03 1.000000000000000000e+00
1.381500000000000000e+03 1.000000000000000000e+00
1.382500000000000000e+03 1.000000000000000000e+00
1.383500000000000000e+03 1.000000000000000000e+00
1.384500000000000000e+03 1.000000000000000000e+00
1.385500000000000000e+03 1.000000000000000000e+00
1.386500000000000000e+03 1.000000000000000000e+00
1.387500000000000000e+03 1.000000000000000000e+00
1.388500000000000000e+03 1.000000000000000000e+00
1.389500000000000000e+03 1.000000000000000000e+00
1.390500000000000000e+03 1.000000000000000000e+00
1.391500000000000000e+03 1.000000000000000000e+00
1.392500000000000000e+03 1.000000000000000000e+00
1.393500000000000000e+03 1.000000000000000000e+00
1.394500000000000000e+03 1.000000000000000000e+00
1.395500000000000000e+03 1.000000000000000000e+00
1.396500000000000000e+03 1.000000000000000000e+00
1.397500000000000000e+03 1.000000000000000000e+00
1.398500000000000000e+03 1.000000000000000000e+00
1.399500000000000000e+03 1.000000000000000000e+00
1.400500000000000000e+03 1.000000000000000000e+00
1.401500000000000000e+03 1.000000000000000000e+00
1.402500000000000000e+03 1.000000000000000000e+00
1.403500000000000000e+03 1.000000000000000000e+00
1.404500000000000000e+03 1.000000000000000000e+00
1.405500000000000000e+03 1.000000000000000000e+00
1.406500000000000000e+03 1.000000000000000000e+00
1.407500000000000000e+03 1.000000000000000000e+00
1.408500000000000000e+03 1.000000000000000000e+00
1.409500000000000000e+03 1.000000000000000000e+00
1.410500000000000000e+03 1.000000000000000000e+00
1.411500000000000000e+03 1.000000000000000000e+00
1.412500000000000000e+03 1.000000000000000000e+00
1.413500000000000000e+03 1.000000000000000000e+00
1.414500000000000000e+03 1.000000000000000000e+00
1.415500000000000000e+03 1.000000000000000000e+00
1.416500000000000000e+03 1.000000000000000000e+00
1.417500000000000000e+03 1.000000000000000000e+00
1.418500000000000000e+03 1.000000000000000000e+00
1.419500000000000000e+03 1.000000000000000000e+00
1.420500000000000000e+03 1.000000000000000000e+00
1.421500000000000000e+03 1.000000000000000000e+00
1.422500000000000000e+03 1.000000000000000000e+00
1.423500000000000000e+03 1.000000000000000000e+00
1.424500000000000000e+03 1.000000000000000000e+00
1.425500000000000000e+03 1.000000000000000000e+00
1.426500000000000000e+03 1.000000000000000000e+00
1.427500000000000000e+03 1.000000000000000000e+00
1.428500000000000000e+03 1.000000000000000000e+00
1.429500000000000000e+03 1.000000000000000000e+00
1.430500000000000000e+03 1.000000000000000000e+00
1.431500000000000000e+03 1.000000000000000000e+00
1.432500000000000000e+03 1.000000000000000000e+00
1.433500000000000000e+03 1.000000000000000000e+00
1.434500000000000000e+03 1.000000000000000000e+00
1.435500000000000000e+03 1.000000000000000000e+00
1.436500000000000000e+03 1.000000000000000000e+00
1.437500000000000000e+03 1.000000000000000000e+00
1.438500000000000000e+03 1.000000000000000000e+00
1.439500000000000000e+03 1.000000000000000000e+00
1.440500000000000000e+03 1.000000000000000000e+00
1.441500000000000000e+03 1.000000000000000000e+00
1.442500000000000000e+03 1.000000000000000000e+00
1.443500000000000000e+03 1.000000000000000000e+00
1.444500000000000000e+03 1.000000000000000000e+00
1.445500000000000000e+03 1.000000000000000000e+00
1.446500000000000000e+03 1.000000000000000000e+00
1.447500000000000000e+03 1.000000000000000000e+00
1.448500000000000000e+03 1.000000000000000000e+00
1.449500000000000000e+03 1.000000000000000000e+00
1.450500000000000000e+03 1.000000000000000000e+00
1.451500000000000000e+03 1.000000000000000000e+00
1.452500000000000000e+03 1.000000000000000000e+00
1.453500000000000000e+03 1.000000000000000000e+00
1.454500000000000000e+03 1.000000000000000000e+00
1.455500000000000000e+03 1.000000000000000000e+00
1.456500000000000000e+03 1.000000000000000000e+00
1.457500000000000000e+03 1.000000000000000000e+00
1.458500000000000000e+03 1.000000000000000000e+00
1.459500000000000000e+03 1.000000000000000000e+00
1.460500000000000000e+03 1.000000000000000000e+00
1.461500000000000000e+03 1.000000000000000000e+00
1.462500000000000000e+03 1.000000000000000000e+00
1.463500000000000000e+03 1.000000000000000000e+00
1.464500000000000000e+03 1.000000000000000000e+00
1.465500000000000000e+03 1.000000000000000000e+00
1.466500000000000000e+03 1.000000000000000000e+00
1.467500000000000000e+03 1.000000000000000000e+00
1.468500000000000000e+03 1.000000000000000000e+00
1.469500000000000000e+03 1.000000000000000000e+00
1.470500000000000000e+03 1.000000000000000000e+00
1.471500000000000000e+03 1.000000000000000000e+00
1.472500000000000000e+03 1.000000000000000000e+00
1.473500000000000000e+03 1.000000000000000000e+00
1.474500000000000000e+03 1.000000000000000000e+00
1.475500000000000000e+03 1.000000000000000000e+00
1.476500000000000000e+03 1.000000000000000000e+00
1.477500000000000000e+03 1.000000000000000000e+00
1.478500000000000000e+03 1.000000000000000000e+00
1.479500000000000000e+03 1.000000000000000000e+00
1.480500000000000000e+03 1.000000000000000000e+00
1.481500000000000000e+03 1.000000000000000000e+00
1.482500000000000000e+03 1.000000000000000000e+00
1.483500000000000000e+03 1.000000000000000000e+00
1.484500000000000000e+03 1.000000000000000000e+00
1.485500000000000000e+03 1.000000000000000000e+00
