#Sigma on LID for TALDICE from AICC2012.
0.23719863046143
0.23719863046143
0.23719863046143
0.23719863046143
0.23719863046143
0.23719863046143
0.23719863046143
0.23719863046143
0.23719863046143
0.23719863046143
0.23719863046143
0.23719863046143
0.23719863046143
0.23719863046143
0.23719863046143
0.23719863046143
0.23719863046143
0.23719863046143
0.23719863046143
0.23719863046143
0.23719863046143
0.23719863046143
0.23719863046143
0.23719863046143
0.23719863046143
0.23719863046143
0.23719863046143
0.23719863046143
0.23719863046143
0.23719863046143
0.23719863046143
0.23719863046143
0.23719863046143
0.23719863046143
0.23719863046143
0.23719863046143
0.23719863046143
0.23719863046143
0.23719863046143
0.23719863046143
0.23719863046143
0.23719863046143
0.23719863046143
0.23719863046143
0.23719863046143
0.23719863046143
0.23719863046143
0.23719863046143
0.23719863046143
0.23719863046143
0.23719863046143
0.23719863046143
0.23719863046143
0.23719863046143
0.23719863046143
0.23719863046143
0.23719863046143
0.23719863046143
0.23719863046143
0.23719863046143
0.23719863046143
0.23719863046143
0.23719863046143
0.23719863046143
0.23719863046143
0.23719863046143
0.23719863046143
0.23719863046143
0.23719863046143
0.23719863046143
0.23719863046143
0.23738802505286
0.23757912640714
0.23777012967143
0.23796084436571
0.23815129060857
0.23834115121571
0.23852210013714
0.23869487233857
0.23886739642286
0.23903969910714
0.23921190544
0.23939402842
0.23957632503
0.23975838024571
0.23994018863
0.24012182779857
0.24030457832429
0.24048716832857
0.24066952424143
0.24085163415571
0.24103377111429
0.24122347095857
0.24141316113857
0.24160257929571
0.24179175234857
0.24197930507429
0.24216018802
0.24234085213714
0.24252125833
0.24270144897143
0.24288227804857
0.24306787681857
0.24325324335286
0.24343833802
0.24362320689286
0.24380755092571
0.24398674226714
0.24416195769714
0.24433692832714
0.24451169084143
0.24468610727
0.24485913763571
0.24503196277429
0.24520457361143
0.24537695017143
0.24554901566857
0.24571930143714
0.24588896824286
0.24605843470286
0.24622770094
0.24639818505143
0.24657379596571
0.24674919524
0.24692434205714
0.24709927253429
0.24727356931143
0.24744000305286
0.24760624039857
0.24777228147
0.24793811508143
0.24810720550571
0.24828361732571
0.24845979425714
0.24863572699857
0.24881144302429
0.24898529882429
0.24915148153286
0.24931746710286
0.24948325166286
0.24964880556714
0.24981425461429
0.24998062614
0.25014729269
0.25031374113857
0.25047998886714
0.25064633574714
0.25081712482714
0.25098778530429
0.25115823564429
0.25132844831286
0.25149789145857
0.25166095995
0.25182081638
0.25198045569
0.25213990535143
0.25229935426143
0.25246059865571
0.25262220702857
0.25278361389286
0.25294482635429
0.25310642911143
0.25327524567
0.25344434011857
0.25361322358857
0.25378188030286
0.25395032962571
0.25411862454143
0.25428670796857
0.25445454326714
0.25462216849857
0.25478924178571
0.25495207547857
0.25511428562571
0.25527629615429
0.2554381072
0.25559809720429
0.25574920565286
0.25590013638857
0.25605088955
0.25620146527571
0.25635312287286
0.25651809832429
0.25668383283857
0.25684935790143
0.25701466406857
0.25717625379
0.25732802798714
0.25747962081571
0.25763103241571
0.25778226452286
0.25793427368429
0.25809157789286
0.25824868800143
0.25840560540857
0.25856232984
0.25871974410143
0.25888113079143
0.25904231349429
0.25920329386429
0.25936401181143
0.25952146915857
0.25967193058714
0.25982221115857
0.25997230982
0.26012222672
0.26027193111
0.26042142760429
0.26057074301143
0.26071987748286
0.26086883238857
0.26101770478714
0.26116723206857
0.26131669085143
0.26146596737143
0.26161511212714
0.26176958406571
0.26192909009714
0.26208838029857
0.26224744510857
0.26240630620286
0.26256342703429
0.26270821112429
0.26284971759571
0.26299105250714
0.26313222441714
0.26327350229857
0.26341535664
0.26355704210571
0.26369855885429
0.26383981104143
0.26397417198714
0.26410397988286
0.26423364557143
0.26436316884571
0.26449274844286
0.26463187494
0.26477737388
0.26492269548143
0.26506783540714
0.26521276252
0.26535698900429
0.26549974876571
0.26564233460429
0.26578474768571
0.26592691364143
0.26606126291714
0.26619169506429
0.26632198052571
0.26645212012286
0.26658221250429
0.26672243095714
0.26686720956857
0.26701180800286
0.26715621101571
0.26730020185429
0.26743983342143
0.26757120178857
0.26770242035714
0.26783348855714
0.26796451181714
0.26809669679
0.26823091474571
0.26836497416
0.26849887604
0.26863277610143
0.26876915829714
0.26890794545
0.26904656346571
0.26918501298857
0.26932329346143
0.26946042488
0.26959183006857
0.26972216712857
0.26985235411143
0.26998238981143
0.27011282436714
0.27024606999571
0.27037958999429
0.27051295015
0.27064615231286
0.27077988102571
0.27091758504
0.27105512048429
0.27119248597143
0.27132953732286
0.27146450000429
0.27159553944857
0.27172642362143
0.27185715351571
0.27198771798857
0.27211805111429
0.27224811044143
0.27237801666857
0.27250776923857
0.27263757100714
0.27276940772143
0.27290493396857
0.27304029259286
0.27317548421286
0.27331045213286
0.27344448621857
0.27357767677286
0.27371070456714
0.27384356954857
0.27397577863857
0.27409986424857
0.27421911606286
0.27433823754714
0.27445722867286
0.27457622153143
0.27469600334714
0.27481831601286
0.27494049117429
0.27506252611857
0.27518441537571
0.27530555403
0.27542399888571
0.27554182166571
0.27565948831857
0.2757771415
0.27589581686
0.27601571214857
0.27613541065
0.27625491278143
0.27637424119429
0.27649360259429
0.27661405509857
0.27673430845143
0.27685436164429
0.27697421639857
0.27709386233714
0.27721330572
0.27733255228714
0.27745160246714
0.27757051984286
0.27768964992571
0.27780951204
0.27792917449714
0.27804863335143
0.27816780314429
0.27828442209286
0.27840053882143
0.27851646758143
0.27863220881286
0.27874771211
0.27886274160857
0.27897703153143
0.27909113901429
0.27920503524
0.27931846122143
0.27942851076571
0.27953714347571
0.27964561092714
0.27975392439857
0.27986212803286
0.27997214249143
0.28008214685857
0.28019198167143
0.28030164739429
0.28041112601143
0.28052035766571
0.28062893336857
0.28073734178857
0.28084558505714
0.28095387582286
0.28106289418
0.28117389250571
0.28128469183429
0.28139530738143
0.28150508028857
0.28161083390429
0.28171304773286
0.28181511097857
0.28191697977714
0.28201938650143
0.28212474673429
0.28223365966429
0.28234240368857
0.28245094893857
0.28255935663571
0.28266791890429
0.28277648342143
0.28288488032286
0.28299310754143
0.28310109508
0.28320844271571
0.28331554725143
0.28342248917857
0.28352927243429
0.28363590407286
0.28374262562286
0.28384918675143
0.28395558562714
0.28406183297714
0.28416820306571
0.28427643364143
0.28438447301
0.28449234418429
0.28460004846286
0.28470752958
0.28481463664429
0.28492077797143
0.28502673843429
0.28513253833429
0.28523816645143
0.28534359170714
0.28544872646571
0.2855536659
0.28565844771429
0.28576333536286
0.28586901448286
0.28597669199143
0.28608416323143
0.28619146179286
0.28629865417429
0.28640595653857
0.28651345677571
0.28662078527571
0.28672790601286
0.28683468540857
0.28694040017143
0.28704525237
0.28714994684429
0.28725444615857
0.28735921654286
0.28746610056286
0.28757435333857
0.28768243522714
0.28779034304
0.28789820565286
0.28800711861429
0.28811620339857
0.28822511328143
0.28833385969429
0.28844248461429
0.28855177514286
0.28866088752571
0.28876982412
0.28887856740429
0.28898573007571
0.28908836314143
0.28919079191286
0.28929306870286
0.28939521710857
0.28949754896429
0.28960125856714
0.28970477534429
0.28980813455571
0.28991133753571
0.29001437387143
0.29011715854714
0.29021975980429
0.29032220625
0.29042451263571
0.29052673847143
0.29062936798429
0.29073182781714
0.29083413342
0.29093618583429
0.29103781000429
0.29113501632286
0.29123203843286
0.29132892579857
0.29142567356714
0.29152293517714
0.29162305433857
0.29172473361429
0.29182626551857
0.29192760935429
0.29202874090286
0.29212955780714
0.29223008348286
0.29233045543143
0.29243064766
0.29253023254714
0.29262835073429
0.29272412121286
0.29281970826429
0.29291516698857
0.29301043980286
0.29310538501571
0.29320016398286
0.29329482486429
0.29338938200143
0.29348386432286
0.29357877871286
0.2936737547
0.29376861142286
0.29386328206286
0.29395787916143
0.29405247319857
0.29414715978143
0.29424167403
0.2943360706
0.29443036374714
0.29452457145286
0.29461863134286
0.29471257374
0.29480639610571
0.29489979557714
0.29499229752286
0.29508421564429
0.29517598614429
0.29526768893857
0.29536082617714
0.29545634425143
0.29555167265286
0.29564687413714
0.29574199313571
0.29583707302143
0.29593293573143
0.29602875072714
0.29612444066429
0.29621997697571
0.29631353755714
0.29640268519
0.29648709380286
0.29657133865857
0.29665594123714
0.29674114380429
0.29683207511857
0.29692387126429
0.29701555749714
0.29710705887857
0.29719839411571
0.29728952961857
0.29738025613143
0.29747083991143
0.29756126347429
0.29765144489714
0.29774056353714
0.29782945777
0.29791824353429
0.29800696665714
0.29809738834429
0.29818954372857
0.29828152434857
0.29837337674714
0.29846489758571
0.29855564156
0.29864254435
0.29872857986143
0.29881449014857
0.29890044383429
0.29898705108286
0.29907519442143
0.29916318400714
0.29925107564571
0.29933884476143
0.29942542986571
0.29951028603429
0.29959242401714
0.29967442316857
0.29975659562571
0.29983963441857
0.29992594455714
0.30001412316
0.30010214384429
0.30019013829714
0.30027833836429
0.30036736271571
0.30045624526143
0.30054502550429
0.30063366974429
0.30072186684571
0.30080946774571
0.30089613577857
0.30098264592857
0.30106914208429
0.30115566391143
0.30124296907286
0.30133034647714
0.30141760373571
0.30150460743143
0.30159112487571
0.30167691149857
0.30176253671571
0.30184807205429
0.30193348639
0.30201846647286
0.30210296747571
0.3021865573
0.30227000918286
0.30235346380714
0.30243713196714
0.30252182604
0.30260708423286
0.30269217590429
0.30277658021286
0.30286028509143
0.30293878805857
0.30301722315143
0.30309555013571
0.30317329318714
0.30325064447143
0.30332486537857
0.30339903452
0.30347308438286
0.30354756887143
0.30362241064857
0.3037004111
0.30377911008429
0.30385768001286
0.30393570218571
0.3040132001
0.30408742316286
0.30416099134714
0.30423444603714
0.30430792295286
0.30438145122857
0.30445525383286
0.30452929412429
0.30460323792857
0.30467712016286
0.30474963834143
0.30482129237
0.30489011594857
0.30495868150571
0.30502676127857
0.30509303904857
0.30515701663429
0.30522095019714
0.30528482023857
0.30534898208286
0.30541362820429
0.30547918061286
0.30554629578857
0.30561320640143
0.30567984807714
0.30574518927286
0.30580913978857
0.30587304125571
0.30593688336571
0.3060005618
0.30606401254143
0.30612712232
0.30618965507429
0.30625212859714
0.30631446028714
0.30637667027
0.30643842530857
0.30650016780571
0.30656180680286
0.30662344408714
0.30668355797429
0.30674367186143
0.30680369905429
0.30686370982286
0.30692389139
0.30698415459429
0.30704489504714
0.30710607329429
0.30716701559714
0.30722760212286
0.30728758596429
0.30734581082
0.30740403650857
0.30746229508143
0.30752055365286
0.30758003077143
0.30763982114286
0.30769954680286
0.30775923337429
0.30781905375
0.30787903930143
0.30793929755
0.30800024834714
0.30806115654286
0.30812182666714
0.30818248840857
0.30824240915143
0.30830232989429
0.30836214613429
0.30842194303143
0.30848155977571
0.30854108857571
0.30860056682714
0.30865999253714
0.30871929073
0.30877829823571
0.30883721592571
0.30889535984143
0.30895350375857
0.30901140087
0.30906926123429
0.30912672211
0.30918394417143
0.30924132841286
0.30929900568143
0.30935689691143
0.30941661951
0.30947634210714
0.30953585506857
0.30959535226429
0.30965398354
0.30971232194
0.30977060685857
0.30982884262857
0.30988693787286
0.30994469079429
0.31000240305571
0.31005919504571
0.31011598703571
0.31017317018714
0.3102304799
0.31028858263429
0.31034751262857
0.31040631910286
0.31046481664857
0.31052323068571
0.31058045397143
0.31063767725714
0.31069473272857
0.31075174519286
0.31080838753286
0.31086468558
0.31092099362429
0.31097733900143
0.31103368437857
0.31109175892143
0.31115001212857
0.31120819459429
0.31126634329714
0.31132466758571
0.31138321216714
0.31144201754857
0.31150172011571
0.31156139004857
0.31162043904286
0.31167948803571
0.31173697710286
0.31179419212
0.31185153932143
0.31190898196429
0.31196685156143
0.31202562908857
0.31208442392
0.31214335829571
0.31220229267
0.31226442386571
0.31232688407857
0.31238925006
0.31245159639
0.31251451901857
0.31257763953429
0.31264260667857
0.31270841554714
0.31277389943714
0.31283925280571
0.31290223909
0.31296433316429
0.31302635578
0.31308833727857
0.31315077313143
0.31321359688714
0.31327768237286
0.31334317796714
0.31340858249143
0.31347389197857
0.31353893599
0.31360371538857
0.31366843599714
0.31373309686857
0.31379756358571
0.31386182621286
0.31392564534857
0.3139889575
0.31405196982429
0.31411456008143
0.31417609468143
0.31423558378
0.31429504006714
0.31435432059571
0.31441360112571
0.31447016136429
0.31452662744286
0.31458305200429
0.31463945579857
0.31469596353714
0.31475265283571
0.31480939662429
0.31486683073143
0.31492426483857
0.31498143411
0.31503854204714
0.31509524308857
0.31515159448857
0.31520788803143
0.31526399132571
0.31532009462
0.31537558411286
0.31543101903714
0.31548688073143
0.31554305709
0.31560010918571
0.31565960557571
0.31571907912143
0.31577829329714
0.31583750747143
0.31938894205286
0.32511301861714
0.33127269463857
0.33786176040714
0.34478741602571
0.35210806371
0.35963875607571
0.36724175454571
0.37484996376286
0.38236393810857
0.38998393569857
0.39789734308857
0.40623186247571
0.41443034643429
0.42244621055429
0.43015098826857
0.43757007044286
0.44484433752857
0.45167994709
0.45805167177286
0.46435322206571
0.47008622241571
0.47525080382571
0.48023393521
0.48477635000143
0.48889884084857
0.49264387283429
0.49600934521714
0.49903735632
0.50169613732429
0.50398228004143
0.50595844053
0.50766223176571
0.50919028371
0.51047018286857
0.51149430738429
0.5123900438
0.51322538072571
0.51403274443
0.51475215121429
0.51534336658857
0.51586526192571
0.51635245928
0.51684712455429
0.51733596287143
0.51785399718143
0.51844334336143
0.51920844206714
0.51996384244571
0.52071007665857
0.52143232659
0.52222695827
0.52321701045
0.52445246220143
0.52589566841571
0.52760650413143
0.52963718283714
0.53198889947143
0.53454848777286
0.53729680098714
0.54021325553
0.54326010969429
0.54620355460714
0.54898998344857
0.55154006750429
0.55374033504857
0.55544831466714
0.55650761304714
0.55678908816
0.55633917923429
0.55519663270143
0.55341377968429
0.55111593957
0.54850170647857
0.54562789823
0.54264928439
0.53981716792571
0.53714636103714
0.53475421828714
0.53280321423714
0.53133564217429
0.53033734723
0.52982379603286
0.52980523885286
0.53034280384429
0.53139712679571
0.5328132268
0.53443697395
0.53614436934429
0.53793375493857
0.53961857812
0.54109240707571
0.54238003962857
0.54345793120714
0.54426450707857
0.54477444795857
0.54497562362429
0.54491700822143
0.54457215606286
0.54398520023
0.54340008853
0.54291038090143
0.54256257024
0.54242847678
0.54256546441286
0.54308242422143
0.54405006582143
0.54541834992286
0.54716864648286
0.54929225731857
0.55173288894
0.55429984270857
0.55679988355571
0.55929513757
0.56170322471714
0.56392549527429
0.56580234614
0.56719184019571
0.56787310287857
0.56776021723143
0.56682576937429
0.56512793142143
0.56280639713286
0.55994098012714
0.55668619245
0.55337955866571
0.55036440711
0.54778983636143
0.54570039356857
0.54400482407143
0.54276156875
0.54201916508857
0.54160679670143
0.54126754168571
0.54075400562
0.53984465883857
0.53835666577143
0.53620233261286
0.53347451240429
0.53022234717857
0.52666654459286
0.52298744782571
0.51928615521143
0.51584079770571
0.51301308651
0.51114923924714
0.51045479876857
0.51108371069286
0.51288335972143
0.51598522617286
0.52038524385286
0.52598372479714
0.53225994700714
0.53891558107857
0.5459107128
0.55285956034143
0.55910344863143
0.56435047044714
0.56862935502857
0.57175699469143
0.57370461524857
0.57457949843
0.57440186422714
0.57330072459143
0.57135885826571
0.56866389864429
0.56547176865143
0.56188402042857
0.55782531654143
0.55344749212286
0.54900442599714
0.54468932243143
0.54083163707
0.53776477895143
0.53548549531571
0.53412985347286
0.53377499482571
0.53433859126571
0.53562946092
0.53731551228286
0.53905674930714
0.54052096671143
0.54133098304857
0.54109872550286
0.53955982546857
0.53647027005286
0.53187153910857
0.52666601176857
0.52148976949143
0.51675080607286
0.51289875012714
0.51010557662714
0.50859329683286
0.50858095795857
0.51002799557857
0.51276617006429
0.51622802765
0.51994207477429
0.52341941927143
0.52603243497857
0.52725635543143
0.52670435110429
0.52413042014286
0.51953496054714
0.51312415906429
0.50540823452857
0.49699779799714
0.48862656689571
0.48092981635286
0.47420907855571
0.46887200065429
0.46532842041857
0.46373596018429
0.46414223282857
0.46645826084143
0.47051430477571
0.47602714825286
0.48242485037571
0.48903452393286
0.4953861042
0.50086993310286
0.50498592910857
0.50735825741286
0.50775242085857
0.50630172190857
0.50351658619286
0.50001610608
0.49635790614571
0.49311623791857
0.49056113883571
0.48869930896714
0.48732439244429
0.48601234036429
0.48433433180857
0.48180728345714
0.47778947807429
0.47199785903429
0.46443354313429
0.45532188536429
0.44511581432571
0.43440957842143
0.42389101492143
0.41407710216286
0.40560915902857
0.39901517220143
0.39445782756286
0.39180433549714
0.39090806615
0.39158407940143
0.39371798302143
0.39695505009714
0.40069662474571
0.40459786290286
0.40844295618571
0.41198763020429
0.41529258588143
0.41858891073571
0.42222741585429
0.42652966308143
0.43167816884429
0.43789280604857
0.44541401096429
0.45425765247143
0.46439678759857
0.47531602298429
0.48627969578571
0.49662172754429
0.50531711234429
0.51156480927
0.51500061733286
0.51512564236429
0.51256676889429
0.50878834439143
0.50490721843143
0.50174824720429
0.50016113918571
0.50067802410714
0.50343440319143
0.50783307907286
0.51294653711
0.51784401803857
0.52117269386
0.52202943094286
0.51985126901571
0.51482392098286
0.50748606220857
0.49919659169714
0.49147659699286
0.48561422192714
0.48235311937571
0.48197299611429
0.48440406451143
0.48944049477429
0.49638283176571
0.50418812813429
0.51133677106857
0.51679201780286
0.51988260577714
0.52003760447143
0.51706638278571
0.51145171693571
0.50382793625
0.49531902554429
0.48698321705714
0.47916498254
0.47174982424714
0.46513994035857
0.45936075487
0.45434335916286
0.45022142669714
0.44678502661714
0.44414169552143
0.44241262219429
0.44158436413857
0.44154466091
0.44229578306286
0.44386955774286
0.44618336175429
0.44915082570143
0.45272479207571
0.45691496449
0.46166927433429
0.46689676975
0.47211025936
0.47690100550714
0.48092143003
0.4833792278
0.48387618096857
0.48217338380571
0.47809924351286
0.47196928094286
0.46429344271
0.45560183168143
0.44723429709429
0.43901312746286
0.43109429557286
0.42361037849714
0.41698210058143
0.41133855906714
0.40682520087857
0.40345721954429
0.40069338739429
0.39818556983
0.39528545265
0.39115614488714
0.3853106924
0.37743235860571
0.36755034688286
0.35613574480571
0.34422805637857
0.33257977188
0.32956081249143
0.32959478382
0.32962893328857
0.32966323412857
0.32969753496714
0.32973183580714
0.32976639595286
0.32980104051286
0.32983568507143
0.32987032676143
0.33572161727857
0.34321300465571
0.34937657729429
0.35391709291714
0.35682368673429
0.3583501253
0.35925640003857
0.36051393693
0.36286766606571
0.36698563147571
0.37316411837
0.38106949156286
0.38995692855
0.39904235367286
0.40659962574429
0.41161075929857
0.41352094419429
0.41217077564143
0.40796954657714
0.40184551364857
0.39486932791286
0.38826783570143
0.38264365987
0.37861505362571
0.37683091588857
0.37741866450143
0.38009080642143
0.38417549052
0.38879304972143
0.39299225685143
0.39595516550571
0.39697966872429
0.39622634212571
0.39445290086143
0.39255232837714
0.39128404490429
0.39098870847143
0.39163911725
0.39275982240571
0.39348601987429
0.39300806991857
0.39064374729
0.38592508938143
0.37935659443143
0.37228684514
0.36618606438286
0.36205720293571
0.36063393037
0.36200891765143
0.36569504288857
0.37057320896857
0.37501137021286
0.37714507225857
0.37541311395
0.36932589694143
0.35920414851
0.34685594178286
0.33472061280857
0.33181504409857
0.33184775665
0.33188040053286
0.33191304441571
0.33194568829857
0.3384040313
0.3484677559
0.35807795175
0.36580804997
0.37092520593857
0.37327058624714
0.37340198367429
0.37218117179571
0.37157333705
0.37433077547571
0.38205885273571
0.39520929365857
0.41230242574714
0.42914896007571
0.44021496031714
0.44104555842
0.43126832235143
0.41567794468571
0.39943492567143
0.38514160098286
0.37397946248429
0.36608871422286
0.36082784937286
0.35714621287857
0.35396020199857
0.35015300407
0.34460002430286
0.33628754618143
0.33286241175286
0.33289439516714
0.33292637858
0.33295836199429
0.33299024956
0.33302131306429
0.33305237656857
0.33308344007286
0.33311450357714
0.33314520634286
0.33317587918286
0.33320655202286
0.33323722486286
0.33594813158143
0.34495180873429
0.35190156387714
0.35485576565286
0.35398849083571
0.35204025094571
0.35269224085714
0.35860254406857
0.37070658997429
0.38789848392857
0.4088257995
0.42902357415429
0.44492064987714
0.45308399980286
0.44985151243429
0.43560308415714
0.41704348249714
0.40499493994286
0.40252554117
0.40804016625429
0.41725555576
0.42442795069286
0.42810288360429
0.42982646221714
0.43121576645
0.43301000973857
0.43537062618857
0.43833328065857
0.44055508639857
0.44036711593714
0.43748122393143
0.43410360148571
0.43166003083143
0.42656629729286
0.41086379153429
0.38078411174
0.34368333334571
0.33438370892429
0.33441295056286
0.33444310116429
0.33447334174286
0.35214469171714
0.36545709842429
0.35131161555143
0.33459634369143
0.33462784691714
0.33465935014143
0.33469147305429
0.33472423344429
0.33475699383286
0.33478975422286
0.33482187784286
0.33485343378286
0.33488498972429
0.33491654566429
0.33494788898429
0.33497893026857
0.33500997155143
0.33504101283429
0.33507227970571
0.33510430462143
0.33513632953857
0.33516835445429
0.33520041656
0.33523265513571
0.33526489371286
0.33529713228857
0.33532934121714
0.33536137624143
0.33539341126429
0.33542544628857
0.33545735143
0.33548796921571
0.33551858700286
0.33554920479
0.34446550674143
0.33926393906857
0.33563899011429
0.33566849003714
0.33569798996143
0.33572736116571
0.33575657351571
0.33578578586571
0.33581499821571
0.335844211
0.33587365534857
0.33590309969714
0.33593254404571
0.33596198839429
0.33599213123286
0.33602275710714
0.33605338298143
0.33608400885571
0.33611476654286
0.33614576833857
0.33617677013429
0.33620777193143
0.33623888592
0.33627058231
0.3363022787
0.33633397509
0.33636568250857
0.33639755066857
0.33642941882857
0.33646128699
0.33649315515
0.33652485339714
0.33655654975
0.33658824610429
0.33661994245714
0.33665149922143
0.33668303902571
0.33671457882857
0.33674611863286
0.33677725808286
0.33680828063143
0.33683930318
0.33687032573
0.33690115314857
0.33693184366286
0.33696253417857
0.33699322469429
0.3370238397
0.33705431815714
0.33708479661286
0.33711527507
0.33714591549286
0.33717809831286
0.33721028113143
0.33724246395143
0.33727475015429
0.33730866634143
0.33734258252714
0.33737649871286
0.33740997493
0.33744198231
0.33747398969
0.33750599707
0.33753787904143
0.33756916146571
0.33760044389
0.33763172631429
0.33766299059143
0.33769342708143
0.33772386357143
0.33775430006
0.33778473655
0.33781534782857
0.33784601597143
0.33787668411429
0.33790735225571
0.33793795604714
0.3379685004
0.33799904475143
0.33802958910286
0.33805977658286
0.33808898924286
0.38340639509571
0.45913447653286
0.48913386622286
0.50716425465429
0.51724081814571
0.51428383616429
0.50589212782143
0.49714992803571
0.47822286377
0.47301635335286
0.49036334223857
0.47950741323143
0.43861797450714
0.42316217982
0.44076732580429
0.44303053572857
0.43742523897857
0.43742142326143
0.44274477375143
0.45088081636571
0.47234392579429
0.49216322576714
0.45633756770857
0.38026267876
0.35710566779429
0.41170145794143
0.45291799750571
0.45613172398571
0.45312200229857
0.45550867382571
0.46456442836857
0.46260647676429
0.45625650098
0.45903021759
0.46513005844857
0.45930895299857
0.44867546684857
0.44418319273429
0.44128366942429
0.41455469646857
0.36742017578429
0.35772769692429
0.41556139072286
0.44378318199571
0.45776710245429
0.46685510019429
0.46680756074429
0.44801852184143
0.42204072766857
0.39238329604857
0.42924867375286
0.47202941453286
0.48398802678571
0.48563646487714
0.46866787587143
0.45923375869286
0.45411218382571
0.48503786580714
0.50090540643571
0.49564661335143
0.47254991002429
0.42614917901714
0.35529037486429
0.34003848368571
0.34003848368571
