2.617147294182327055e-01
6.598065934861454540e-01
2.926692639079190306e-01
-5.509452245282724370e-01
-6.202179037126793748e-01
-6.891645402276710408e-01
-8.417545522292761984e-01
-1.479822226152171794e-01
4.611153245335385398e-01
-9.433456060988004710e-02
3.533882401534195195e-01
7.882282339424954154e-01
5.436187167653309116e-01
5.022442808752488608e-01
3.146044595507472424e-02
-3.812086269728212073e-01
-2.258450253157489596e-01
-4.763673604546626861e-02
8.818591656647400967e-02
4.389802001737996284e-01
1.943974569804489405e-01
1.702585848148016057e-01
-5.156465026053183021e-01
-3.182122812779508148e-01
-2.583761230606681503e-01
-1.922055913648803736e-03
5.470046295735210284e-01
-2.833344312789332076e-01
5.784444350725502781e-01
1.293875681974734071e-01
5.689221965298328909e-01
-9.596266153453359982e-01
5.776738148436804110e-01
0.000000000000000000e+00
0.000000000000000000e+00
0.000000000000000000e+00
0.000000000000000000e+00
0.000000000000000000e+00
0.000000000000000000e+00
0.000000000000000000e+00
0.000000000000000000e+00
0.000000000000000000e+00
0.000000000000000000e+00
0.000000000000000000e+00
0.000000000000000000e+00
0.000000000000000000e+00
0.000000000000000000e+00
0.000000000000000000e+00
0.000000000000000000e+00
0.000000000000000000e+00
0.000000000000000000e+00
0.000000000000000000e+00
1.344154863666873756e-01
3.217335253337054168e-01
-2.880796525522774099e-01
-8.367652132134562049e-02
-6.206377773332277803e-02
8.428999098407857771e-02
4.277620738562132666e-03
0.000000000000000000e+00
0.000000000000000000e+00
0.000000000000000000e+00
0.000000000000000000e+00
0.000000000000000000e+00
0.000000000000000000e+00
0.000000000000000000e+00
0.000000000000000000e+00
0.000000000000000000e+00
0.000000000000000000e+00
0.000000000000000000e+00
0.000000000000000000e+00
0.000000000000000000e+00
0.000000000000000000e+00
0.000000000000000000e+00
0.000000000000000000e+00
0.000000000000000000e+00
0.000000000000000000e+00
0.000000000000000000e+00
