# Prior thinning estimate for TALDICE from AICC2012.
5.000000000000000000e-01 9.997000000000000330e-01	0.0454563297622
1.500000000000000000e+00 9.993999999999999551e-01	0.0455649499354
2.500000000000000000e+00 9.990900000000000336e-01	0.0456648775108
3.500000000000000000e+00 9.987599999999999811e-01	0.0457706578995
4.500000000000000000e+00 9.984100000000000197e-01	0.0458881193633
5.500000000000000000e+00 9.980499999999999927e-01	0.0460158725281
6.500000000000000000e+00 9.976699999999999458e-01	0.046153668661
7.500000000000000000e+00 9.972699999999999898e-01	0.0462944316106
8.500000000000000000e+00 9.968500000000000139e-01	0.0464439978538
9.500000000000000000e+00 9.964100000000000179e-01	0.046612848619
1.050000000000000000e+01 9.959700000000000220e-01	0.046782636455
1.150000000000000000e+01 9.955100000000000060e-01	0.0469583335386
1.250000000000000000e+01 9.950400000000000356e-01	0.047305353914
1.350000000000000000e+01 9.945699999999999541e-01	0.047686564049
1.450000000000000000e+01 9.940900000000000292e-01	0.0480707727633
1.550000000000000000e+01 9.936099999999999932e-01	0.0484960420903
1.650000000000000000e+01 9.931200000000000028e-01	0.0489325386389
1.750000000000000000e+01 9.926199999999999468e-01	0.0493679978144
1.850000000000000000e+01 9.921100000000000474e-01	0.0498314438536
1.950000000000000000e+01 9.916099999999999914e-01	0.0502949755585
2.050000000000000000e+01 9.910999999999999810e-01	0.0507490897824
2.150000000000000000e+01 9.905800000000000161e-01	0.0511890063687
2.250000000000000000e+01 9.900600000000000511e-01	0.0515649227402
2.350000000000000000e+01 9.895300000000000207e-01	0.0516169533372
2.450000000000000000e+01 9.889999999999999902e-01	0.0516749575114
2.550000000000000000e+01 9.884600000000000053e-01	0.0521948515117
2.650000000000000000e+01 9.879099999999999548e-01	0.0528225114574
2.750000000000000000e+01 9.873699999999999699e-01	0.0534439182226
2.850000000000000000e+01 9.868200000000000305e-01	0.0540598803499
2.950000000000000000e+01 9.862699999999999800e-01	0.0546800570316
3.050000000000000000e+01 9.857099999999999751e-01	0.0552920033064
3.150000000000000000e+01 9.851499999999999702e-01	0.0559129062924
3.250000000000000000e+01 9.845800000000000107e-01	0.056499426464
3.350000000000000000e+01 9.840100000000000513e-01	0.0570880682249
3.450000000000000000e+01 9.834300000000000264e-01	0.0575321356247
3.550000000000000000e+01 9.828400000000000469e-01	0.0579345924664
3.650000000000000000e+01 9.822600000000000220e-01	0.057817326209
3.750000000000000000e+01 9.816700000000000426e-01	0.0573965941729
3.850000000000000000e+01 9.810799999999999521e-01	0.0569201925094
3.950000000000000000e+01 9.804800000000000182e-01	0.0563801889433
4.050000000000000000e+01 9.798799999999999732e-01	0.055826020882
4.150000000000000000e+01 9.792699999999999738e-01	0.0552295887692
4.250000000000000000e+01 9.786500000000000199e-01	0.0547132598956
4.350000000000000000e+01 9.780299999999999550e-01	0.0543547265199
4.450000000000000000e+01 9.774100000000000010e-01	0.0541508710808
4.550000000000000000e+01 9.767799999999999816e-01	0.0542437794644
4.650000000000000000e+01 9.761600000000000277e-01	0.0546963254425
4.750000000000000000e+01 9.755300000000000082e-01	0.0557525017153
4.850000000000000000e+01 9.748999999999999888e-01	0.0568021483765
4.950000000000000000e+01 9.742600000000000149e-01	0.0578379395225
5.050000000000000000e+01 9.736200000000000410e-01	0.0588760301987
5.150000000000000000e+01 9.729799999999999560e-01	0.059913362375
5.250000000000000000e+01 9.723300000000000276e-01	0.0609293000494
5.350000000000000000e+01 9.716799999999999882e-01	0.0619357483297
5.450000000000000000e+01 9.710299999999999487e-01	0.0626347473524
5.550000000000000000e+01 9.703699999999999548e-01	0.0632679260162
5.650000000000000000e+01 9.697099999999999609e-01	0.0634480638656
5.750000000000000000e+01 9.690400000000000125e-01	0.063620073322
5.850000000000000000e+01 9.683699999999999530e-01	0.0637914152851
5.950000000000000000e+01 9.677000000000000046e-01	0.063956044619
6.050000000000000000e+01 9.670199999999999907e-01	0.0641110797695
6.150000000000000000e+01 9.663500000000000423e-01	0.0642168180661
6.250000000000000000e+01 9.656700000000000284e-01	0.0642904306601
6.350000000000000000e+01 9.649900000000000144e-01	0.0642670325505
6.450000000000000000e+01 9.643100000000000005e-01	0.0640164058092
6.550000000000000000e+01 9.636200000000000321e-01	0.0635802191193
6.650000000000000000e+01 9.629199999999999982e-01	0.0630941623834
6.750000000000000000e+01 9.622199999999999642e-01	0.0626026426584
6.850000000000000000e+01 9.615200000000000413e-01	0.0621109025674
6.950000000000000000e+01 9.608100000000000529e-01	0.0615900528825
7.050000000000000000e+01 9.601100000000000190e-01	0.0610658210519
7.150000000000000000e+01 9.594000000000000306e-01	0.0613673120436
7.250000000000000000e+01 9.586900000000000421e-01	0.0619418746278
7.350000000000000000e+01 9.579699999999999882e-01	0.0630256282606
7.450000000000000000e+01 9.572599999999999998e-01	0.0640850497398
7.550000000000000000e+01 9.565299999999999914e-01	0.0651290779339
7.650000000000000000e+01 9.558100000000000485e-01	0.0661230798548
7.750000000000000000e+01 9.550800000000000400e-01	0.0671008379319
7.850000000000000000e+01 9.543500000000000316e-01	0.0680587428903
7.950000000000000000e+01 9.536200000000000232e-01	0.06839858227
8.050000000000000000e+01 9.528799999999999493e-01	0.0685730146171
8.150000000000000000e+01 9.521399999999999864e-01	0.0686512738162
8.250000000000000000e+01 9.514000000000000234e-01	0.0687180518984
8.350000000000000000e+01 9.506599999999999495e-01	0.0687750945754
8.450000000000000000e+01 9.499199999999999866e-01	0.06880350847
8.550000000000000000e+01 9.491699999999999582e-01	0.0688204731746
8.650000000000000000e+01 9.484200000000000408e-01	0.0688249242551
8.750000000000000000e+01 9.476599999999999469e-01	0.0693339145524
8.850000000000000000e+01 9.469100000000000295e-01	0.0699055614894
8.950000000000000000e+01 9.461399999999999810e-01	0.0704268742488
9.050000000000000000e+01 9.453799999999999981e-01	0.07091354233
9.150000000000000000e+01 9.446200000000000152e-01	0.0713829206522
9.250000000000000000e+01 9.438499999999999668e-01	0.0718271734014
9.350000000000000000e+01 9.430899999999999839e-01	0.0722467509936
9.450000000000000000e+01 9.423200000000000465e-01	0.0724688392736
9.550000000000000000e+01 9.415499999999999980e-01	0.0719057320341
9.650000000000000000e+01 9.407799999999999496e-01	0.0708911168751
9.750000000000000000e+01 9.400100000000000122e-01	0.0696495155314
9.850000000000000000e+01 9.392399999999999638e-01	0.0683104108248
9.950000000000000000e+01 9.384799999999999809e-01	0.0669141957978
1.005000000000000000e+02 9.377100000000000435e-01	0.0654733926462
1.015000000000000000e+02 9.369499999999999496e-01	0.063948985626
1.025000000000000000e+02 9.361800000000000122e-01	0.0624705246693
1.035000000000000000e+02 9.354099999999999637e-01	0.061051053254
1.045000000000000000e+02 9.346400000000000263e-01	0.0607536158051
1.055000000000000000e+02 9.338699999999999779e-01	0.0608115203152
1.065000000000000000e+02 9.330899999999999750e-01	0.0612364546845
1.075000000000000000e+02 9.323099999999999721e-01	0.061642135527
1.085000000000000000e+02 9.315400000000000347e-01	0.0620297002112
1.095000000000000000e+02 9.307600000000000318e-01	0.0623843717891
1.105000000000000000e+02 9.299800000000000288e-01	0.0627910607329
1.115000000000000000e+02 9.292000000000000259e-01	0.0632004042697
1.125000000000000000e+02 9.284099999999999575e-01	0.0634860046935
1.135000000000000000e+02 9.276200000000000001e-01	0.0637463349566
1.145000000000000000e+02 9.268300000000000427e-01	0.0639893383893
1.155000000000000000e+02 9.260399999999999743e-01	0.0642055178275
1.165000000000000000e+02 9.252500000000000169e-01	0.0648906791602
1.175000000000000000e+02 9.244599999999999485e-01	0.0660558238659
1.185000000000000000e+02 9.236699999999999910e-01	0.068063888128
1.195000000000000000e+02 9.228800000000000336e-01	0.0704142555231
1.205000000000000000e+02 9.221000000000000307e-01	0.0727768121797
1.215000000000000000e+02 9.213099999999999623e-01	0.0750076329763
1.225000000000000000e+02 9.205200000000000049e-01	0.0770840196138
1.235000000000000000e+02 9.197300000000000475e-01	0.079083169544
1.245000000000000000e+02 9.189399999999999791e-01	0.0809982847837
1.255000000000000000e+02 9.181500000000000217e-01	0.0816002837596
1.265000000000000000e+02 9.173599999999999532e-01	0.0818021661749
1.275000000000000000e+02 9.165699999999999958e-01	0.0816485982332
1.285000000000000000e+02 9.157800000000000384e-01	0.0814803561549
1.295000000000000000e+02 9.149899999999999700e-01	0.0813072528928
1.305000000000000000e+02 9.142000000000000126e-01	0.0811294936916
1.315000000000000000e+02 9.134100000000000552e-01	0.0809330627992
1.325000000000000000e+02 9.126199999999999868e-01	0.0810491636845
1.335000000000000000e+02 9.118300000000000294e-01	0.08151028903
1.345000000000000000e+02 9.110500000000000265e-01	0.0821016690269
1.355000000000000000e+02 9.102599999999999580e-01	0.0826943949833
1.365000000000000000e+02 9.094700000000000006e-01	0.0832836246786
1.375000000000000000e+02 9.086800000000000432e-01	0.0838843326074
1.385000000000000000e+02 9.078899999999999748e-01	0.0844655989988
1.395000000000000000e+02 9.071000000000000174e-01	0.0850468023822
1.405000000000000000e+02 9.063099999999999490e-01	0.0856957699383
1.415000000000000000e+02 9.055199999999999916e-01	0.0866572801478
1.425000000000000000e+02 9.047300000000000342e-01	0.0876785275521
1.435000000000000000e+02 9.039399999999999658e-01	0.0886589723391
1.445000000000000000e+02 9.031500000000000083e-01	0.0896118251383
1.455000000000000000e+02 9.023600000000000509e-01	0.0905521214557
1.465000000000000000e+02 9.015699999999999825e-01	0.0914760254182
1.475000000000000000e+02 9.007800000000000251e-01	0.0916024534973
1.485000000000000000e+02 9.000000000000000222e-01	0.0914445642193
1.495000000000000000e+02 8.992099999999999538e-01	0.090996130986
1.505000000000000000e+02 8.984199999999999964e-01	0.0905126589282
1.515000000000000000e+02 8.976300000000000390e-01	0.0900046302554
1.525000000000000000e+02 8.968399999999999705e-01	0.0894653461922
1.535000000000000000e+02 8.960500000000000131e-01	0.0888521465881
1.545000000000000000e+02 8.952599999999999447e-01	0.08793963763
1.555000000000000000e+02 8.944699999999999873e-01	0.0868817365017
1.565000000000000000e+02 8.936800000000000299e-01	0.0866331970048
1.575000000000000000e+02 8.928899999999999615e-01	0.0863865905694
1.585000000000000000e+02 8.921000000000000041e-01	0.0861418346972
1.595000000000000000e+02 8.913100000000000467e-01	0.0858993172199
1.605000000000000000e+02 8.905199999999999783e-01	0.0866377470965
1.615000000000000000e+02 8.897300000000000209e-01	0.0876260756162
1.625000000000000000e+02 8.889500000000000179e-01	0.0887403117345
1.635000000000000000e+02 8.881599999999999495e-01	0.0896295762506
1.645000000000000000e+02 8.873699999999999921e-01	0.0905099372088
1.655000000000000000e+02 8.865800000000000347e-01	0.0913839183316
1.665000000000000000e+02 8.857899999999999663e-01	0.0922504962871
1.675000000000000000e+02 8.850000000000000089e-01	0.0930901760151
1.685000000000000000e+02 8.842100000000000515e-01	0.0937876468544
1.695000000000000000e+02 8.834199999999999831e-01	0.0942344111705
1.705000000000000000e+02 8.826300000000000257e-01	0.094453879618
1.715000000000000000e+02 8.818399999999999572e-01	0.0946516519839
1.725000000000000000e+02 8.810499999999999998e-01	0.0948567737111
1.735000000000000000e+02 8.802600000000000424e-01	0.0950739144578
1.745000000000000000e+02 8.794699999999999740e-01	0.0952730992338
1.755000000000000000e+02 8.786800000000000166e-01	0.0954562694158
1.765000000000000000e+02 8.779000000000000137e-01	0.0956769639124
1.775000000000000000e+02 8.771099999999999453e-01	0.0962239671265
1.785000000000000000e+02 8.763199999999999878e-01	0.0970152035151
1.795000000000000000e+02 8.755300000000000304e-01	0.0978922139778
1.805000000000000000e+02 8.747399999999999620e-01	0.0987691780726
1.815000000000000000e+02 8.739500000000000046e-01	0.0995715435652
1.825000000000000000e+02 8.731600000000000472e-01	0.100043378164
1.835000000000000000e+02 8.723699999999999788e-01	0.100328860134
1.845000000000000000e+02 8.715800000000000214e-01	0.100472557534
1.855000000000000000e+02 8.707899999999999530e-01	0.100411935509
1.865000000000000000e+02 8.699999999999999956e-01	0.100303877101
1.875000000000000000e+02 8.692100000000000382e-01	0.100176449407
1.885000000000000000e+02 8.684300000000000352e-01	0.100033250933
1.895000000000000000e+02 8.676399999999999668e-01	0.0998060192839
1.905000000000000000e+02 8.668500000000000094e-01	0.099490292476
1.915000000000000000e+02 8.660600000000000520e-01	0.0989423527963
1.925000000000000000e+02 8.652699999999999836e-01	0.0981046796421
1.935000000000000000e+02 8.644800000000000262e-01	0.0972894773836
1.945000000000000000e+02 8.636899999999999578e-01	0.0964476457454
1.955000000000000000e+02 8.629000000000000004e-01	0.0958643048433
1.965000000000000000e+02 8.621100000000000430e-01	0.0959923154213
1.975000000000000000e+02 8.613199999999999745e-01	0.0966130668527
1.985000000000000000e+02 8.605300000000000171e-01	0.0975314617528
1.995000000000000000e+02 8.597399999999999487e-01	0.0986992394634
2.005000000000000000e+02 8.589499999999999913e-01	0.0998423934198
2.015000000000000000e+02 8.581699999999999884e-01	0.100972695029
2.025000000000000000e+02 8.573800000000000310e-01	0.101939674292
2.035000000000000000e+02 8.565899999999999626e-01	0.102465337052
2.045000000000000000e+02 8.558000000000000052e-01	0.102209825449
2.055000000000000000e+02 8.550100000000000477e-01	0.101825045301
2.065000000000000000e+02 8.542199999999999793e-01	0.101440702597
2.075000000000000000e+02 8.534300000000000219e-01	0.101068982209
2.085000000000000000e+02 8.526399999999999535e-01	0.100688156279
2.095000000000000000e+02 8.518499999999999961e-01	0.100435886585
2.105000000000000000e+02 8.510600000000000387e-01	0.10106380231
2.115000000000000000e+02 8.502699999999999703e-01	0.101569344562
2.125000000000000000e+02 8.494800000000000129e-01	0.101915797257
2.135000000000000000e+02 8.486900000000000555e-01	0.10190252549
2.145000000000000000e+02 8.478999999999999870e-01	0.101878240039
2.155000000000000000e+02 8.471100000000000296e-01	0.101849791478
2.165000000000000000e+02 8.463300000000000267e-01	0.101819784975
2.175000000000000000e+02 8.455399999999999583e-01	0.101234590964
2.185000000000000000e+02 8.447500000000000009e-01	0.100662171445
2.195000000000000000e+02 8.439600000000000435e-01	0.100118281841
2.205000000000000000e+02 8.431699999999999751e-01	0.0996330604516
2.215000000000000000e+02 8.423800000000000177e-01	0.0991437300159
2.225000000000000000e+02 8.415899999999999492e-01	0.0986418579314
2.235000000000000000e+02 8.407999999999999918e-01	0.098121800233
2.245000000000000000e+02 8.400100000000000344e-01	0.097362221068
2.255000000000000000e+02 8.392199999999999660e-01	0.0972397449328
2.265000000000000000e+02 8.384300000000000086e-01	0.0977584184104
2.275000000000000000e+02 8.376400000000000512e-01	0.0989502850776
2.285000000000000000e+02 8.368499999999999828e-01	0.100135797769
2.295000000000000000e+02 8.360699999999999799e-01	0.101331830232
2.305000000000000000e+02 8.352800000000000225e-01	0.102556716133
2.315000000000000000e+02 8.344899999999999540e-01	0.103914178784
2.325000000000000000e+02 8.336999999999999966e-01	0.10516359756
2.335000000000000000e+02 8.329100000000000392e-01	0.106245678509
2.345000000000000000e+02 8.321199999999999708e-01	0.107067095164
2.355000000000000000e+02 8.313300000000000134e-01	0.107885101635
2.365000000000000000e+02 8.305399999999999450e-01	0.108698799289
2.375000000000000000e+02 8.297499999999999876e-01	0.109764564959
2.385000000000000000e+02 8.289699999999999847e-01	0.111530863159
2.395000000000000000e+02 8.281800000000000272e-01	0.113301610496
2.405000000000000000e+02 8.273899999999999588e-01	0.115211354605
2.415000000000000000e+02 8.266000000000000014e-01	0.117204735315
2.425000000000000000e+02 8.258100000000000440e-01	0.119185733596
2.435000000000000000e+02 8.250199999999999756e-01	0.12064343051
2.445000000000000000e+02 8.242300000000000182e-01	0.121814242808
2.455000000000000000e+02 8.234399999999999498e-01	0.122794796763
2.465000000000000000e+02 8.226499999999999924e-01	0.123671124269
2.475000000000000000e+02 8.218600000000000350e-01	0.12440879149
2.485000000000000000e+02 8.210800000000000320e-01	0.1251316443
2.495000000000000000e+02 8.202899999999999636e-01	0.125830636553
2.505000000000000000e+02 8.195000000000000062e-01	0.126495321114
2.515000000000000000e+02 8.187100000000000488e-01	0.127043222896
2.525000000000000000e+02 8.179199999999999804e-01	0.127564053629
2.535000000000000000e+02 8.171300000000000230e-01	0.128029868891
2.545000000000000000e+02 8.163399999999999546e-01	0.128414946069
2.555000000000000000e+02 8.155499999999999972e-01	0.128792608945
2.565000000000000000e+02 8.147600000000000398e-01	0.129162797404
2.575000000000000000e+02 8.139699999999999713e-01	0.129623439042
2.585000000000000000e+02 8.131800000000000139e-01	0.130198994604
2.595000000000000000e+02 8.124000000000000110e-01	0.130765454247
2.605000000000000000e+02 8.116100000000000536e-01	0.13131402109
2.615000000000000000e+02 8.108199999999999852e-01	0.131845117978
2.625000000000000000e+02 8.100300000000000278e-01	0.132355170876
2.635000000000000000e+02 8.092399999999999594e-01	0.132830308152
2.645000000000000000e+02 8.084500000000000020e-01	0.133047753222
2.655000000000000000e+02 8.076600000000000446e-01	0.133191165571
2.665000000000000000e+02 8.068699999999999761e-01	0.133282291265
2.675000000000000000e+02 8.060800000000000187e-01	0.133280254151
2.685000000000000000e+02 8.053000000000000158e-01	0.133240065576
2.695000000000000000e+02 8.045099999999999474e-01	0.133054749496
2.705000000000000000e+02 8.037199999999999900e-01	0.13261655299
2.715000000000000000e+02 8.029300000000000326e-01	0.131798682007
2.725000000000000000e+02 8.021399999999999642e-01	0.131165496266
2.735000000000000000e+02 8.013500000000000068e-01	0.130510972502
2.745000000000000000e+02 8.005600000000000493e-01	0.129817173647
2.755000000000000000e+02 7.997699999999999809e-01	0.129123033888
2.765000000000000000e+02 7.989899999999999780e-01	0.128624466771
2.775000000000000000e+02 7.982000000000000206e-01	0.128389932633
2.785000000000000000e+02 7.974099999999999522e-01	0.128178035493
2.795000000000000000e+02 7.966199999999999948e-01	0.12795481694
2.805000000000000000e+02 7.958300000000000374e-01	0.127725516067
2.815000000000000000e+02 7.950399999999999689e-01	0.127439224524
2.825000000000000000e+02 7.942500000000000115e-01	0.127301804859
2.835000000000000000e+02 7.934600000000000541e-01	0.127351781639
2.845000000000000000e+02 7.926800000000000512e-01	0.127625070899
2.855000000000000000e+02 7.918899999999999828e-01	0.128225833176
2.865000000000000000e+02 7.911000000000000254e-01	0.12888059748
2.875000000000000000e+02 7.903099999999999570e-01	0.129515680476
2.885000000000000000e+02 7.895199999999999996e-01	0.130117473683
2.895000000000000000e+02 7.887300000000000422e-01	0.130734714028
2.905000000000000000e+02 7.879399999999999737e-01	0.131428458447
2.915000000000000000e+02 7.871500000000000163e-01	0.131867866165
2.925000000000000000e+02 7.863700000000000134e-01	0.132167623515
2.935000000000000000e+02 7.855799999999999450e-01	0.132386444189
2.945000000000000000e+02 7.847899999999999876e-01	0.132528753162
2.955000000000000000e+02 7.840000000000000302e-01	0.132500215672
2.965000000000000000e+02 7.832099999999999618e-01	0.132164845714
2.975000000000000000e+02 7.824200000000000044e-01	0.131701871752
2.985000000000000000e+02 7.816300000000000470e-01	0.131169058495
2.995000000000000000e+02 7.808500000000000441e-01	0.130576665218
3.005000000000000000e+02 7.800599999999999756e-01	0.129893417816
3.015000000000000000e+02 7.792700000000000182e-01	0.129183996282
3.025000000000000000e+02 7.784799999999999498e-01	0.129301975932
3.035000000000000000e+02 7.776899999999999924e-01	0.130226747469
3.045000000000000000e+02 7.769000000000000350e-01	0.130905868154
3.055000000000000000e+02 7.761200000000000321e-01	0.131238360667
3.065000000000000000e+02 7.753299999999999637e-01	0.131459678546
3.075000000000000000e+02 7.745400000000000063e-01	0.131598429683
3.085000000000000000e+02 7.737500000000000488e-01	0.131655154931
3.095000000000000000e+02 7.729599999999999804e-01	0.131937840013
3.105000000000000000e+02 7.721700000000000230e-01	0.132771596037
3.115000000000000000e+02 7.713799999999999546e-01	0.134048155443
3.125000000000000000e+02 7.705999999999999517e-01	0.135639256741
3.135000000000000000e+02 7.698099999999999943e-01	0.137309416541
3.145000000000000000e+02 7.690200000000000369e-01	0.137541117201
3.155000000000000000e+02 7.682299999999999685e-01	0.137509409297
3.165000000000000000e+02 7.674400000000000110e-01	0.137262724577
3.175000000000000000e+02 7.666500000000000536e-01	0.136682775292
3.185000000000000000e+02 7.658700000000000507e-01	0.135770138068
3.195000000000000000e+02 7.650799999999999823e-01	0.134856415128
3.205000000000000000e+02 7.642900000000000249e-01	0.134260553559
3.215000000000000000e+02 7.634999999999999565e-01	0.133902235463
3.225000000000000000e+02 7.627099999999999991e-01	0.133660306098
3.235000000000000000e+02 7.619200000000000417e-01	0.133478562384
3.245000000000000000e+02 7.611400000000000388e-01	0.133386431208
3.255000000000000000e+02 7.603499999999999703e-01	0.133434917804
3.265000000000000000e+02 7.595600000000000129e-01	0.1333693876
3.275000000000000000e+02 7.587699999999999445e-01	0.133272714666
3.285000000000000000e+02 7.579799999999999871e-01	0.133224501952
3.295000000000000000e+02 7.571900000000000297e-01	0.133320567721
3.305000000000000000e+02 7.564100000000000268e-01	0.133543126186
3.315000000000000000e+02 7.556199999999999584e-01	0.133853491354
3.325000000000000000e+02 7.548300000000000010e-01	0.133949241184
3.335000000000000000e+02 7.540400000000000436e-01	0.133727174951
3.345000000000000000e+02 7.532600000000000406e-01	0.133312553748
3.355000000000000000e+02 7.524699999999999722e-01	0.132936338158
3.365000000000000000e+02 7.516800000000000148e-01	0.132650789826
3.375000000000000000e+02 7.508899999999999464e-01	0.132474004392
3.385000000000000000e+02 7.500999999999999890e-01	0.131909157992
3.395000000000000000e+02 7.493199999999999861e-01	0.130809692823
3.405000000000000000e+02 7.485300000000000287e-01	0.129162553241
3.415000000000000000e+02 7.477399999999999602e-01	0.127063765712
3.425000000000000000e+02 7.469500000000000028e-01	0.124698119073
3.435000000000000000e+02 7.461600000000000454e-01	0.121924092541
3.445000000000000000e+02 7.453699999999999770e-01	0.120024772493
3.455000000000000000e+02 7.445899999999999741e-01	0.119142847302
3.465000000000000000e+02 7.438000000000000167e-01	0.11905254206
3.475000000000000000e+02 7.430099999999999483e-01	0.119302213658
3.485000000000000000e+02 7.422199999999999909e-01	0.120118188369
3.495000000000000000e+02 7.414399999999999880e-01	0.121118700956
3.505000000000000000e+02 7.406500000000000306e-01	0.122948622076
3.515000000000000000e+02 7.398599999999999621e-01	0.12539252609
3.525000000000000000e+02 7.390700000000000047e-01	0.127713691274
3.535000000000000000e+02 7.382900000000000018e-01	0.129899373211
3.545000000000000000e+02 7.375000000000000444e-01	0.131989051595
3.555000000000000000e+02 7.367099999999999760e-01	0.133973121269
3.565000000000000000e+02 7.359200000000000186e-01	0.13546559176
3.575000000000000000e+02 7.351299999999999502e-01	0.136752713164
3.585000000000000000e+02 7.343499999999999472e-01	0.137841485785
3.595000000000000000e+02 7.335599999999999898e-01	0.138600024302
3.605000000000000000e+02 7.327700000000000324e-01	0.139055489116
3.615000000000000000e+02 7.319799999999999640e-01	0.13954314001
3.625000000000000000e+02 7.311999999999999611e-01	0.140306737635
3.635000000000000000e+02 7.304100000000000037e-01	0.141144779735
3.645000000000000000e+02 7.296200000000000463e-01	0.141936616346
3.655000000000000000e+02 7.288299999999999779e-01	0.142658634539
3.665000000000000000e+02 7.280499999999999750e-01	0.143342340587
3.675000000000000000e+02 7.272600000000000176e-01	0.144124745518
3.685000000000000000e+02 7.264699999999999491e-01	0.14545818422
3.695000000000000000e+02 7.256799999999999917e-01	0.147516417004
3.705000000000000000e+02 7.248999999999999888e-01	0.149682360457
3.715000000000000000e+02 7.241100000000000314e-01	0.151872398965
3.725000000000000000e+02 7.233199999999999630e-01	0.154071397098
3.735000000000000000e+02 7.225399999999999601e-01	0.156097050789
3.745000000000000000e+02 7.217500000000000027e-01	0.157083145299
3.755000000000000000e+02 7.209600000000000453e-01	0.157979273824
3.765000000000000000e+02 7.201699999999999768e-01	0.15840678506
3.775000000000000000e+02 7.193899999999999739e-01	0.158606744093
3.785000000000000000e+02 7.186000000000000165e-01	0.1587666277
3.795000000000000000e+02 7.178099999999999481e-01	0.158762391512
3.805000000000000000e+02 7.170199999999999907e-01	0.158629153049
3.815000000000000000e+02 7.162399999999999878e-01	0.158310234301
3.825000000000000000e+02 7.154500000000000304e-01	0.157797550758
3.835000000000000000e+02 7.146599999999999620e-01	0.157176498523
3.845000000000000000e+02 7.138799999999999590e-01	0.156636857276
3.855000000000000000e+02 7.130900000000000016e-01	0.156237957348
3.865000000000000000e+02 7.123099999999999987e-01	0.155693411531
3.875000000000000000e+02 7.115200000000000413e-01	0.155017645094
3.885000000000000000e+02 7.107299999999999729e-01	0.154360702013
3.895000000000000000e+02 7.099499999999999700e-01	0.15390748665
3.905000000000000000e+02 7.091600000000000126e-01	0.154130709033
3.915000000000000000e+02 7.083700000000000552e-01	0.154787318261
3.925000000000000000e+02 7.075799999999999867e-01	0.156286466173
3.935000000000000000e+02 7.067999999999999838e-01	0.157737360541
3.945000000000000000e+02 7.060100000000000264e-01	0.159060300493
3.955000000000000000e+02 7.052199999999999580e-01	0.159273648739
3.965000000000000000e+02 7.044399999999999551e-01	0.158827628388
3.975000000000000000e+02 7.036499999999999977e-01	0.158122448529
3.985000000000000000e+02 7.028600000000000403e-01	0.157155837195
3.995000000000000000e+02 7.020800000000000374e-01	0.15666903379
4.005000000000000000e+02 7.012899999999999689e-01	0.157712558178
4.015000000000000000e+02 7.005099999999999660e-01	0.159472626303
4.025000000000000000e+02 6.997200000000000086e-01	0.161147736193
4.035000000000000000e+02 6.989300000000000512e-01	0.162721109259
4.045000000000000000e+02 6.981500000000000483e-01	0.164046525688
4.055000000000000000e+02 6.973599999999999799e-01	0.16476550771
4.065000000000000000e+02 6.965700000000000225e-01	0.164282313196
4.075000000000000000e+02 6.957900000000000196e-01	0.163700461027
4.085000000000000000e+02 6.949999999999999512e-01	0.162953282146
4.095000000000000000e+02 6.942099999999999937e-01	0.162091873832
4.105000000000000000e+02 6.934299999999999908e-01	0.16113374436
4.115000000000000000e+02 6.926400000000000334e-01	0.160237379069
4.125000000000000000e+02 6.918600000000000305e-01	0.159544759715
4.135000000000000000e+02 6.910699999999999621e-01	0.159619794483
4.145000000000000000e+02 6.902899999999999592e-01	0.159991854908
4.155000000000000000e+02 6.895000000000000018e-01	0.160692474587
4.165000000000000000e+02 6.887100000000000444e-01	0.162112111069
4.175000000000000000e+02 6.879300000000000415e-01	0.163699686847
4.185000000000000000e+02 6.871399999999999730e-01	0.164609853797
4.195000000000000000e+02 6.863500000000000156e-01	0.164869177388
4.205000000000000000e+02 6.855700000000000127e-01	0.164996183557
4.215000000000000000e+02 6.847800000000000553e-01	0.165205020453
4.225000000000000000e+02 6.840000000000000524e-01	0.165444021646
4.235000000000000000e+02 6.832099999999999840e-01	0.165675387018
4.245000000000000000e+02 6.824299999999999811e-01	0.165922687682
4.255000000000000000e+02 6.816400000000000237e-01	0.166217935668
4.265000000000000000e+02 6.808499999999999552e-01	0.166753276384
4.275000000000000000e+02 6.800699999999999523e-01	0.167316827353
4.285000000000000000e+02 6.792799999999999949e-01	0.168055781869
4.295000000000000000e+02 6.784999999999999920e-01	0.169271811264
4.305000000000000000e+02 6.777100000000000346e-01	0.170728677876
4.315000000000000000e+02 6.769300000000000317e-01	0.171205545037
4.325000000000000000e+02 6.761399999999999633e-01	0.170014285817
4.335000000000000000e+02 6.753599999999999604e-01	0.168727118978
4.345000000000000000e+02 6.745700000000000029e-01	0.167333225304
4.355000000000000000e+02 6.737800000000000455e-01	0.165840560324
4.365000000000000000e+02 6.730000000000000426e-01	0.166353795853
4.375000000000000000e+02 6.722099999999999742e-01	0.166993322527
4.385000000000000000e+02 6.714299999999999713e-01	0.167572097112
4.395000000000000000e+02 6.706400000000000139e-01	0.16796304476
4.405000000000000000e+02 6.698600000000000110e-01	0.168264419093
4.415000000000000000e+02 6.690700000000000536e-01	0.168731352588
4.425000000000000000e+02 6.682900000000000507e-01	0.169262219039
4.435000000000000000e+02 6.674999999999999822e-01	0.169761895368
4.445000000000000000e+02 6.667199999999999793e-01	0.170191963261
4.455000000000000000e+02 6.659300000000000219e-01	0.17057061313
4.465000000000000000e+02 6.651500000000000190e-01	0.17200567684
4.475000000000000000e+02 6.643599999999999506e-01	0.17388251689
4.485000000000000000e+02 6.635799999999999477e-01	0.175682699303
4.495000000000000000e+02 6.627899999999999903e-01	0.177387960076
4.505000000000000000e+02 6.620099999999999874e-01	0.179006488989
4.515000000000000000e+02 6.612200000000000299e-01	0.179739392437
4.525000000000000000e+02 6.604400000000000270e-01	0.18008594533
4.535000000000000000e+02 6.596499999999999586e-01	0.180463733059
4.545000000000000000e+02 6.588699999999999557e-01	0.180994622835
4.555000000000000000e+02 6.580899999999999528e-01	0.181687604956
4.565000000000000000e+02 6.572999999999999954e-01	0.182855223718
4.575000000000000000e+02 6.565199999999999925e-01	0.184440519996
4.585000000000000000e+02 6.557300000000000351e-01	0.185735356189
4.595000000000000000e+02 6.549500000000000322e-01	0.186514784529
4.605000000000000000e+02 6.541599999999999637e-01	0.187038387632
4.615000000000000000e+02 6.533799999999999608e-01	0.187329824038
4.625000000000000000e+02 6.525900000000000034e-01	0.186847982711
4.635000000000000000e+02 6.518100000000000005e-01	0.185856886604
4.645000000000000000e+02 6.510299999999999976e-01	0.184608341211
4.655000000000000000e+02 6.502400000000000402e-01	0.183181607173
4.665000000000000000e+02 6.494600000000000373e-01	0.181455993808
4.675000000000000000e+02 6.486800000000000344e-01	0.179630527031
4.685000000000000000e+02 6.478899999999999659e-01	0.178309739204
4.695000000000000000e+02 6.469399999999999595e-01	0.179358174175
4.705000000000000000e+02 6.459799999999999986e-01	0.181581184356
4.715000000000000000e+02 6.450200000000000378e-01	0.183381909678
4.725000000000000000e+02 6.440700000000000314e-01	0.184610100566
4.735000000000000000e+02 6.430200000000000360e-01	0.184608560281
4.745000000000000000e+02 6.418700000000000516e-01	0.183526512215
4.755000000000000000e+02 6.407199999999999562e-01	0.183233008766
4.765000000000000000e+02 6.395699999999999719e-01	0.183543579119
4.775000000000000000e+02 6.384199999999999875e-01	0.183903111797
4.785000000000000000e+02 6.372799999999999576e-01	0.184353694796
4.795000000000000000e+02 6.361400000000000388e-01	0.184829598585
4.805000000000000000e+02 6.350000000000000089e-01	0.183530988247
4.815000000000000000e+02 6.338500000000000245e-01	0.182166642336
4.825000000000000000e+02 6.327099999999999946e-01	0.18088671324
4.835000000000000000e+02 6.315699999999999648e-01	0.179934949794
4.845000000000000000e+02 6.304300000000000459e-01	0.180487157874
4.855000000000000000e+02 6.292900000000000160e-01	0.182896261451
4.865000000000000000e+02 6.281499999999999861e-01	0.184535045167
4.875000000000000000e+02 6.270200000000000218e-01	0.185261787033
4.885000000000000000e+02 6.258899999999999464e-01	0.185737858987
4.895000000000000000e+02 6.247500000000000275e-01	0.184264403214
4.905000000000000000e+02 6.236199999999999521e-01	0.182256886123
4.915000000000000000e+02 6.224899999999999878e-01	0.180794262654
4.925000000000000000e+02 6.213499999999999579e-01	0.181414494195
4.935000000000000000e+02 6.202100000000000390e-01	0.182528343427
4.945000000000000000e+02 6.190700000000000092e-01	0.183970688054
4.955000000000000000e+02 6.179299999999999793e-01	0.18517406962
4.965000000000000000e+02 6.168000000000000149e-01	0.185607818172
4.975000000000000000e+02 6.156599999999999850e-01	0.185841589184
4.985000000000000000e+02 6.145199999999999552e-01	0.187350308488
4.995000000000000000e+02 6.133800000000000363e-01	0.189356200931
5.005000000000000000e+02 6.122400000000000064e-01	0.191823087894
5.015000000000000000e+02 6.110900000000000221e-01	0.195265826644
5.025000000000000000e+02 6.099299999999999722e-01	0.198468460351
5.035000000000000000e+02 6.087799999999999878e-01	0.200164182525
5.045000000000000000e+02 6.076300000000000034e-01	0.201016539872
5.055000000000000000e+02 6.064899999999999736e-01	0.200554220221
5.065000000000000000e+02 6.053500000000000547e-01	0.19961137586
5.075000000000000000e+02 6.042100000000000248e-01	0.199001526168
5.085000000000000000e+02 6.030699999999999950e-01	0.198305415749
5.095000000000000000e+02 6.019299999999999651e-01	0.197217585443
5.105000000000000000e+02 6.007799999999999807e-01	0.196053900185
5.115000000000000000e+02 5.996399999999999508e-01	0.197001155719
5.125000000000000000e+02 5.985000000000000320e-01	0.198171359734
5.135000000000000000e+02 5.973699999999999566e-01	0.199562885976
5.145000000000000000e+02 5.962399999999999922e-01	0.201238866088
5.155000000000000000e+02 5.951199999999999823e-01	0.202920050289
5.165000000000000000e+02 5.939900000000000180e-01	0.204458607496
5.175000000000000000e+02 5.928499999999999881e-01	0.205739457887
5.185000000000000000e+02 5.917000000000000037e-01	0.206729596254
5.195000000000000000e+02 5.905500000000000194e-01	0.207095254782
5.205000000000000000e+02 5.893899999999999695e-01	0.206984334932
5.215000000000000000e+02 5.882600000000000051e-01	0.207078005629
5.225000000000000000e+02 5.871399999999999952e-01	0.207177961759
5.235000000000000000e+02 5.860100000000000309e-01	0.205607598772
5.245000000000000000e+02 5.848900000000000210e-01	0.202903071454
5.255000000000000000e+02 5.837700000000000111e-01	0.199657955134
5.265000000000000000e+02 5.826500000000000012e-01	0.196000411428
5.275000000000000000e+02 5.815299999999999914e-01	0.195175032003
5.285000000000000000e+02 5.804099999999999815e-01	0.197780439449
5.295000000000000000e+02 5.792899999999999716e-01	0.199870341988
5.305000000000000000e+02 5.781699999999999617e-01	0.200777800525
5.315000000000000000e+02 5.770499999999999519e-01	0.199244910926
5.325000000000000000e+02 5.759400000000000075e-01	0.191345720079
5.335000000000000000e+02 5.748199999999999976e-01	0.194109104014
5.345000000000000000e+02 5.736999999999999877e-01	0.197749960887
5.355000000000000000e+02 5.725900000000000434e-01	0.199288562047
5.365000000000000000e+02 5.714700000000000335e-01	0.198223498691
5.375000000000000000e+02 5.703599999999999781e-01	0.195806142281
5.385000000000000000e+02 5.692500000000000338e-01	0.194149187235
5.395000000000000000e+02 5.681500000000000439e-01	0.199901162812
5.405000000000000000e+02 5.670399999999999885e-01	0.205612804764
5.415000000000000000e+02 5.659399999999999986e-01	0.209321154805
5.425000000000000000e+02 5.648400000000000087e-01	0.211258579307
5.435000000000000000e+02 5.637299999999999534e-01	0.211963046582
5.445000000000000000e+02 5.626200000000000090e-01	0.209852283391
5.455000000000000000e+02 5.615200000000000191e-01	0.207570612062
5.465000000000000000e+02 5.604200000000000292e-01	0.206291518853
5.475000000000000000e+02 5.593099999999999739e-01	0.205773798639
5.485000000000000000e+02 5.582099999999999840e-01	0.204998086055
5.495000000000000000e+02 5.571099999999999941e-01	0.203534395697
5.505000000000000000e+02 5.560100000000000042e-01	0.200557923732
5.515000000000000000e+02 5.549199999999999688e-01	0.199973972177
5.525000000000000000e+02 5.538300000000000445e-01	0.204065838068
5.535000000000000000e+02 5.527400000000000091e-01	0.206976526035
5.545000000000000000e+02 5.516499999999999737e-01	0.20853546646
5.555000000000000000e+02 5.505700000000000038e-01	0.206739783473
5.565000000000000000e+02 5.494900000000000340e-01	0.205166797444
5.575000000000000000e+02 5.483999999999999986e-01	0.21262405479
5.585000000000000000e+02 5.473099999999999632e-01	0.219615745768
5.595000000000000000e+02 5.462200000000000388e-01	0.22537329101
5.605000000000000000e+02 5.451399999999999579e-01	0.228638305169
5.615000000000000000e+02 5.440500000000000336e-01	0.229731342782
5.625000000000000000e+02 5.429699999999999527e-01	0.230150640998
5.635000000000000000e+02 5.418899999999999828e-01	0.229986545719
5.645000000000000000e+02 5.408199999999999674e-01	0.229734037988
5.655000000000000000e+02 5.397499999999999520e-01	0.229724772341
5.665000000000000000e+02 5.386800000000000477e-01	0.230203441982
5.675000000000000000e+02 5.376100000000000323e-01	0.230687580306
5.685000000000000000e+02 5.365499999999999714e-01	0.229542860749
5.695000000000000000e+02 5.354799999999999560e-01	0.227483649277
5.705000000000000000e+02 5.344200000000000061e-01	0.225199581549
5.715000000000000000e+02 5.333599999999999453e-01	0.22276754535
5.725000000000000000e+02 5.322999999999999954e-01	0.223927318628
5.735000000000000000e+02 5.312400000000000455e-01	0.226826084718
5.745000000000000000e+02 5.301799999999999846e-01	0.229537983363
5.755000000000000000e+02 5.291099999999999692e-01	0.232155600806
5.765000000000000000e+02 5.280299999999999994e-01	0.234606447706
5.775000000000000000e+02 5.269599999999999840e-01	0.23664830152
5.785000000000000000e+02 5.258800000000000141e-01	0.238912703818
5.795000000000000000e+02 5.248199999999999532e-01	0.241192716864
5.805000000000000000e+02 5.237500000000000488e-01	0.24199437545
5.815000000000000000e+02 5.226800000000000335e-01	0.241705290851
5.825000000000000000e+02 5.216199999999999726e-01	0.241261584551
5.835000000000000000e+02 5.205499999999999572e-01	0.240577756154
5.845000000000000000e+02 5.194900000000000073e-01	0.24194167028
5.855000000000000000e+02 5.184199999999999919e-01	0.244548581289
5.865000000000000000e+02 5.173600000000000421e-01	0.247338435259
5.875000000000000000e+02 5.162999999999999812e-01	0.250313043981
5.885000000000000000e+02 5.152400000000000313e-01	0.252326145866
5.895000000000000000e+02 5.141799999999999704e-01	0.252822517197
5.905000000000000000e+02 5.131200000000000205e-01	0.253027252163
5.915000000000000000e+02 5.120500000000000052e-01	0.253094700359
5.925000000000000000e+02 5.109700000000000353e-01	0.253451812731
5.935000000000000000e+02 5.099000000000000199e-01	0.254044741056
5.945000000000000000e+02 5.088599999999999790e-01	0.254502368089
5.955000000000000000e+02 5.078399999999999581e-01	0.254885047558
5.965000000000000000e+02 5.068200000000000482e-01	0.255779273021
5.975000000000000000e+02 5.058000000000000274e-01	0.25693066497
5.985000000000000000e+02 5.048000000000000265e-01	0.258165995833
5.995000000000000000e+02 5.038300000000000001e-01	0.259392315339
6.005000000000000000e+02 5.028399999999999537e-01	0.259913432791
6.015000000000000000e+02 5.018700000000000383e-01	0.259907337878
6.025000000000000000e+02 5.008799999999999919e-01	0.259873306668
6.035000000000000000e+02 4.998900000000000010e-01	0.259871165716
6.045000000000000000e+02 4.989000000000000101e-01	0.260345570921
6.055000000000000000e+02 4.979199999999999737e-01	0.26109340061
6.065000000000000000e+02 4.969299999999999828e-01	0.261942632656
6.075000000000000000e+02 4.959399999999999920e-01	0.263099902604
6.085000000000000000e+02 4.949600000000000111e-01	0.265012857678
6.095000000000000000e+02 4.939700000000000202e-01	0.266942765559
6.105000000000000000e+02 4.929899999999999838e-01	0.268839178412
6.115000000000000000e+02 4.920100000000000029e-01	0.270108915663
6.125000000000000000e+02 4.910200000000000120e-01	0.270858730159
6.135000000000000000e+02 4.900399999999999756e-01	0.271236350848
6.145000000000000000e+02 4.890599999999999947e-01	0.271435767407
6.155000000000000000e+02 4.880800000000000138e-01	0.271657386273
6.165000000000000000e+02 4.871099999999999874e-01	0.272072902195
6.175000000000000000e+02 4.861300000000000066e-01	0.272650939082
6.185000000000000000e+02 4.851500000000000257e-01	0.273735510479
6.195000000000000000e+02 4.841699999999999893e-01	0.275483582628
6.205000000000000000e+02 4.831900000000000084e-01	0.277310863999
6.215000000000000000e+02 4.822100000000000275e-01	0.279261344521
6.225000000000000000e+02 4.812299999999999911e-01	0.281109330631
6.235000000000000000e+02 4.802600000000000202e-01	0.282808506145
6.245000000000000000e+02 4.792899999999999938e-01	0.284255592835
6.255000000000000000e+02 4.783200000000000229e-01	0.284674229729
6.265000000000000000e+02 4.773499999999999965e-01	0.284134064389
6.275000000000000000e+02 4.763899999999999801e-01	0.283748010795
6.285000000000000000e+02 4.754300000000000193e-01	0.283615762784
6.295000000000000000e+02 4.744700000000000029e-01	0.28389248387
6.305000000000000000e+02 4.734999999999999765e-01	0.284545643027
6.315000000000000000e+02 4.725199999999999956e-01	0.285367362813
6.325000000000000000e+02 4.715300000000000047e-01	0.286276376326
6.335000000000000000e+02 4.705400000000000138e-01	0.286846719342
6.345000000000000000e+02 4.695599999999999774e-01	0.286955789
6.355000000000000000e+02 4.685900000000000065e-01	0.287043637418
6.365000000000000000e+02 4.676299999999999901e-01	0.287541380704
6.375000000000000000e+02 4.666600000000000192e-01	0.288198074377
6.385000000000000000e+02 4.657000000000000028e-01	0.288806763696
6.395000000000000000e+02 4.647399999999999864e-01	0.289369596114
6.405000000000000000e+02 4.637700000000000156e-01	0.290278715501
6.415000000000000000e+02 4.628099999999999992e-01	0.291503197597
6.425000000000000000e+02 4.618399999999999728e-01	0.29311502855
6.435000000000000000e+02 4.608700000000000019e-01	0.294861973832
6.445000000000000000e+02 4.599099999999999855e-01	0.296575004152
6.455000000000000000e+02 4.589500000000000246e-01	0.298137276231
6.465000000000000000e+02 4.580000000000000182e-01	0.299703256353
6.475000000000000000e+02 4.570500000000000118e-01	0.30131782267
6.485000000000000000e+02 4.560899999999999954e-01	0.302483372602
6.495000000000000000e+02 4.551200000000000245e-01	0.303457929053
6.505000000000000000e+02 4.541499999999999981e-01	0.304150805809
6.515000000000000000e+02 4.531899999999999817e-01	0.30472817557
6.525000000000000000e+02 4.522300000000000209e-01	0.304945483176
6.535000000000000000e+02 4.512700000000000045e-01	0.304936940011
6.545000000000000000e+02 4.503099999999999881e-01	0.305075575632
6.555000000000000000e+02 4.493400000000000172e-01	0.305767465603
6.565000000000000000e+02 4.483699999999999908e-01	0.306449770411
6.575000000000000000e+02 4.474000000000000199e-01	0.306643274877
6.585000000000000000e+02 4.464500000000000135e-01	0.30657289385
6.595000000000000000e+02 4.455000000000000071e-01	0.306145234753
6.605000000000000000e+02 4.445500000000000007e-01	0.305829135267
6.615000000000000000e+02 4.435999999999999943e-01	0.305577683698
6.625000000000000000e+02 4.426499999999999879e-01	0.305383330616
6.635000000000000000e+02 4.417099999999999915e-01	0.305164163029
6.645000000000000000e+02 4.407599999999999851e-01	0.304899797534
6.655000000000000000e+02 4.398199999999999887e-01	0.304710738069
6.665000000000000000e+02 4.388699999999999823e-01	0.304794026361
6.675000000000000000e+02 4.379299999999999859e-01	0.305383673911
6.685000000000000000e+02 4.369799999999999796e-01	0.306437323516
6.695000000000000000e+02 4.360399999999999832e-01	0.307733629867
6.705000000000000000e+02 4.350999999999999868e-01	0.308093577524
6.715000000000000000e+02 4.341599999999999904e-01	0.308446471307
6.725000000000000000e+02 4.332099999999999840e-01	0.30922325742
6.735000000000000000e+02 4.322699999999999876e-01	0.310599312288
6.745000000000000000e+02 4.313299999999999912e-01	0.312496852797
6.755000000000000000e+02 4.303799999999999848e-01	0.314189151063
6.765000000000000000e+02 4.294399999999999884e-01	0.315651600224
6.775000000000000000e+02 4.284899999999999820e-01	0.31704631356
6.785000000000000000e+02 4.275599999999999956e-01	0.31840453118
6.795000000000000000e+02 4.266199999999999992e-01	0.319733490194
6.805000000000000000e+02 4.256800000000000028e-01	0.320937586544
6.815000000000000000e+02 4.247400000000000064e-01	0.322077077772
6.825000000000000000e+02 4.237799999999999900e-01	0.323222783278
6.835000000000000000e+02 4.228299999999999836e-01	0.324221937503
6.845000000000000000e+02 4.218700000000000228e-01	0.32474144495
6.855000000000000000e+02 4.209100000000000064e-01	0.324592125307
6.865000000000000000e+02 4.199399999999999800e-01	0.324538303554
6.875000000000000000e+02 4.190599999999999881e-01	0.324850325303
6.885000000000000000e+02 4.182299999999999907e-01	0.325428948202
6.895000000000000000e+02 4.174100000000000033e-01	0.325816612571
6.905000000000000000e+02 4.166599999999999748e-01	0.326274051662
6.915000000000000000e+02 4.159700000000000064e-01	0.327046800074
6.925000000000000000e+02 4.152799999999999825e-01	0.328110118423
6.935000000000000000e+02 4.146000000000000241e-01	0.329023268425
6.945000000000000000e+02 4.139100000000000001e-01	0.329901535068
6.955000000000000000e+02 4.132199999999999762e-01	0.331048295971
6.965000000000000000e+02 4.125300000000000078e-01	0.332076551588
6.975000000000000000e+02 4.118399999999999839e-01	0.332834847865
6.985000000000000000e+02 4.111600000000000255e-01	0.333520434773
6.995000000000000000e+02 4.104700000000000015e-01	0.33412795025
7.005000000000000000e+02 4.097799999999999776e-01	0.334425137274
7.015000000000000000e+02 4.091000000000000192e-01	0.334498822698
7.025000000000000000e+02 4.084099999999999953e-01	0.334815620481
7.035000000000000000e+02 4.077200000000000268e-01	0.335638089357
7.045000000000000000e+02 4.070400000000000129e-01	0.336223192995
7.055000000000000000e+02 4.063499999999999890e-01	0.336761755176
7.065000000000000000e+02 4.056699999999999751e-01	0.337471527547
7.075000000000000000e+02 4.049800000000000066e-01	0.338527692413
7.085000000000000000e+02 4.042899999999999827e-01	0.339856940852
7.095000000000000000e+02 4.036100000000000243e-01	0.34110685187
7.105000000000000000e+02 4.029200000000000004e-01	0.341393994854
7.115000000000000000e+02 4.022399999999999864e-01	0.341665122441
7.125000000000000000e+02 4.015500000000000180e-01	0.34244752368
7.135000000000000000e+02 4.008700000000000041e-01	0.343546789611
7.145000000000000000e+02 4.001799999999999802e-01	0.344713597014
7.155000000000000000e+02 3.995000000000000218e-01	0.345937640011
7.165000000000000000e+02 3.988200000000000078e-01	0.347394552857
7.175000000000000000e+02 3.981299999999999839e-01	0.348936078909
7.185000000000000000e+02 3.974500000000000255e-01	0.350207722514
7.195000000000000000e+02 3.967600000000000016e-01	0.350444134185
7.205000000000000000e+02 3.960799999999999876e-01	0.350094137413
7.215000000000000000e+02 3.953999999999999737e-01	0.349763926187
7.225000000000000000e+02 3.947100000000000053e-01	0.350301778173
7.235000000000000000e+02 3.940299999999999914e-01	0.351190103457
7.245000000000000000e+02 3.933499999999999774e-01	0.352550008842
7.255000000000000000e+02 3.926600000000000090e-01	0.354507966417
7.265000000000000000e+02 3.919799999999999951e-01	0.35600844972
7.275000000000000000e+02 3.912999999999999812e-01	0.357027597917
7.285000000000000000e+02 3.906200000000000228e-01	0.35798676759
7.295000000000000000e+02 3.899400000000000088e-01	0.358812797344
7.305000000000000000e+02 3.892499999999999849e-01	0.359608643774
7.315000000000000000e+02 3.885700000000000265e-01	0.360588902424
7.325000000000000000e+02 3.878900000000000126e-01	0.361727887322
7.335000000000000000e+02 3.872099999999999986e-01	0.362804533484
7.345000000000000000e+02 3.865299999999999847e-01	0.36372869277
7.355000000000000000e+02 3.858500000000000263e-01	0.364620899668
7.365000000000000000e+02 3.851700000000000124e-01	0.365975664519
7.375000000000000000e+02 3.844899999999999984e-01	0.367239495017
7.385000000000000000e+02 3.838099999999999845e-01	0.3679843587
7.395000000000000000e+02 3.831300000000000261e-01	0.368825946941
7.405000000000000000e+02 3.824500000000000122e-01	0.370352579976
7.415000000000000000e+02 3.817699999999999982e-01	0.372243419491
7.425000000000000000e+02 3.810899999999999843e-01	0.374315527405
7.435000000000000000e+02 3.804100000000000259e-01	0.376196951601
7.445000000000000000e+02 3.797300000000000120e-01	0.376470124265
7.455000000000000000e+02 3.790499999999999980e-01	0.375983934594
7.465000000000000000e+02 3.783699999999999841e-01	0.376685978687
7.475000000000000000e+02 3.776900000000000257e-01	0.377954730977
7.485000000000000000e+02 3.770100000000000118e-01	0.379284940789
7.495000000000000000e+02 3.763400000000000079e-01	0.380700103826
7.505000000000000000e+02 3.756599999999999939e-01	0.382176712801
7.515000000000000000e+02 3.749799999999999800e-01	0.383377111994
7.525000000000000000e+02 3.743000000000000216e-01	0.384579427981
7.535000000000000000e+02 3.736300000000000177e-01	0.386160650083
7.545000000000000000e+02 3.729500000000000037e-01	0.387529691588
7.555000000000000000e+02 3.722699999999999898e-01	0.388109509561
7.565000000000000000e+02 3.715899999999999759e-01	0.388304587652
7.575000000000000000e+02 3.709100000000000175e-01	0.388778137253
7.585000000000000000e+02 3.702400000000000135e-01	0.389612649822
7.595000000000000000e+02 3.695599999999999996e-01	0.390394310542
7.605000000000000000e+02 3.688899999999999957e-01	0.390525526048
7.615000000000000000e+02 3.682099999999999818e-01	0.389763373766
7.625000000000000000e+02 3.675300000000000233e-01	0.389209983913
7.635000000000000000e+02 3.668600000000000194e-01	0.389575089571
7.645000000000000000e+02 3.661800000000000055e-01	0.390252929239
7.655000000000000000e+02 3.655100000000000016e-01	0.3913476804
7.665000000000000000e+02 3.649200000000000221e-01	0.392508017595
7.675000000000000000e+02 3.643600000000000172e-01	0.393538413852
7.685000000000000000e+02 3.638500000000000068e-01	0.394178593767
7.695000000000000000e+02 3.634399999999999853e-01	0.394691290353
7.705000000000000000e+02 3.630300000000000193e-01	0.395373483932
7.715000000000000000e+02 3.626400000000000179e-01	0.396071351723
7.725000000000000000e+02 3.622400000000000064e-01	0.396573135454
7.735000000000000000e+02 3.618399999999999950e-01	0.397050564369
7.745000000000000000e+02 3.614399999999999835e-01	0.397445634248
7.755000000000000000e+02 3.610400000000000276e-01	0.397683249869
7.765000000000000000e+02 3.606400000000000161e-01	0.398156325207
7.775000000000000000e+02 3.602500000000000147e-01	0.399076750384
7.785000000000000000e+02 3.598600000000000132e-01	0.399800003182
7.795000000000000000e+02 3.594600000000000017e-01	0.399651677771
7.805000000000000000e+02 3.590400000000000258e-01	0.399464044167
7.815000000000000000e+02 3.586300000000000043e-01	0.39883964441
7.825000000000000000e+02 3.582299999999999929e-01	0.398458490222
7.835000000000000000e+02 3.578399999999999914e-01	0.399101113997
7.845000000000000000e+02 3.574600000000000000e-01	0.400445522014
7.855000000000000000e+02 3.570800000000000085e-01	0.401506378463
7.865000000000000000e+02 3.567000000000000171e-01	0.402452395902
7.875000000000000000e+02 3.563299999999999801e-01	0.403801799841
7.885000000000000000e+02 3.559399999999999786e-01	0.405463987081
7.895000000000000000e+02 3.555599999999999872e-01	0.40676443631
7.905000000000000000e+02 3.551699999999999857e-01	0.407360294011
7.915000000000000000e+02 3.547899999999999943e-01	0.407341674351
7.925000000000000000e+02 3.544100000000000028e-01	0.407309698539
7.935000000000000000e+02 3.540300000000000114e-01	0.407867641468
7.945000000000000000e+02 3.536500000000000199e-01	0.408992506277
7.955000000000000000e+02 3.532600000000000184e-01	0.409723819573
7.965000000000000000e+02 3.528800000000000270e-01	0.410330141936
7.975000000000000000e+02 3.524999999999999800e-01	0.41092887174
7.985000000000000000e+02 3.521400000000000086e-01	0.4115420786
7.995000000000000000e+02 3.517700000000000271e-01	0.412363747195
8.005000000000000000e+02 3.514100000000000001e-01	0.413435902342
8.015000000000000000e+02 3.510499999999999732e-01	0.414450663167
8.025000000000000000e+02 3.507000000000000117e-01	0.415398838358
8.035000000000000000e+02 3.503499999999999948e-01	0.416540997592
8.045000000000000000e+02 3.500099999999999878e-01	0.417607974257
8.055000000000000000e+02 3.496699999999999808e-01	0.418144962339
8.065000000000000000e+02 3.493200000000000194e-01	0.418866609754
8.075000000000000000e+02 3.489700000000000024e-01	0.419744230007
8.085000000000000000e+02 3.486099999999999755e-01	0.4206854825
8.095000000000000000e+02 3.482600000000000140e-01	0.421911341951
8.105000000000000000e+02 3.479200000000000070e-01	0.42316957131
8.115000000000000000e+02 3.476099999999999746e-01	0.424493169066
8.125000000000000000e+02 3.472899999999999876e-01	0.425851496193
8.135000000000000000e+02 3.469800000000000106e-01	0.42710667526
8.145000000000000000e+02 3.466699999999999782e-01	0.428166213658
8.155000000000000000e+02 3.463600000000000012e-01	0.429052683101
8.165000000000000000e+02 3.460599999999999787e-01	0.429941713797
8.175000000000000000e+02 3.457500000000000018e-01	0.431323607219
8.185000000000000000e+02 3.454400000000000248e-01	0.432545976859
8.195000000000000000e+02 3.451600000000000223e-01	0.433520460946
8.205000000000000000e+02 3.448599999999999999e-01	0.434073726581
8.215000000000000000e+02 3.445500000000000229e-01	0.434569569208
8.225000000000000000e+02 3.442700000000000204e-01	0.435223292371
8.235000000000000000e+02 3.439499999999999780e-01	0.43549378794
8.245000000000000000e+02 3.435799999999999965e-01	0.43554753666
8.255000000000000000e+02 3.431299999999999906e-01	0.435571306904
8.265000000000000000e+02 3.426799999999999846e-01	0.436031482856
8.275000000000000000e+02 3.422299999999999787e-01	0.436401174859
8.285000000000000000e+02 3.417899999999999827e-01	0.436591874655
8.295000000000000000e+02 3.413499999999999868e-01	0.435849270879
8.305000000000000000e+02 3.408999999999999808e-01	0.435243345907
8.315000000000000000e+02 3.404499999999999749e-01	0.435156269063
8.325000000000000000e+02 3.400099999999999789e-01	0.435527486416
8.335000000000000000e+02 3.395699999999999830e-01	0.43644672825
8.345000000000000000e+02 3.391299999999999870e-01	0.436542329845
8.355000000000000000e+02 3.386700000000000266e-01	0.435748151003
8.365000000000000000e+02 3.382299999999999751e-01	0.435785763058
8.375000000000000000e+02 3.377899999999999792e-01	0.436006500762
8.385000000000000000e+02 3.373599999999999932e-01	0.436315137846
8.395000000000000000e+02 3.369099999999999873e-01	0.436260760048
8.405000000000000000e+02 3.364699999999999913e-01	0.435433340169
8.415000000000000000e+02 3.360199999999999854e-01	0.434038021491
8.425000000000000000e+02 3.355799999999999894e-01	0.432292908759
8.435000000000000000e+02 3.351299999999999835e-01	0.430591452469
8.445000000000000000e+02 3.346799999999999775e-01	0.42871808933
8.455000000000000000e+02 3.342399999999999816e-01	0.427064036407
8.465000000000000000e+02 3.337899999999999756e-01	0.426102474516
8.475000000000000000e+02 3.333400000000000252e-01	0.427463987723
8.485000000000000000e+02 3.328900000000000192e-01	0.428353025345
8.495000000000000000e+02 3.324599999999999778e-01	0.428425616274
8.505000000000000000e+02 3.320199999999999818e-01	0.42672419629
8.515000000000000000e+02 3.315799999999999859e-01	0.424248362837
8.525000000000000000e+02 3.311399999999999899e-01	0.4223027975
8.535000000000000000e+02 3.306999999999999940e-01	0.421555403441
8.545000000000000000e+02 3.302599999999999980e-01	0.420967438266
8.555000000000000000e+02 3.298099999999999921e-01	0.420538550428
8.565000000000000000e+02 3.293599999999999861e-01	0.421104588307
8.575000000000000000e+02 3.289199999999999902e-01	0.423020898756
8.585000000000000000e+02 3.284699999999999842e-01	0.424299273716
8.595000000000000000e+02 3.280299999999999883e-01	0.424780183473
8.605000000000000000e+02 3.276000000000000023e-01	0.423903320173
8.615000000000000000e+02 3.271700000000000164e-01	0.42168399416
8.625000000000000000e+02 3.267300000000000204e-01	0.418706962475
8.635000000000000000e+02 3.262999999999999790e-01	0.415223688082
8.645000000000000000e+02 3.258699999999999930e-01	0.412690885229
8.655000000000000000e+02 3.254299999999999971e-01	0.412882438625
8.665000000000000000e+02 3.250000000000000111e-01	0.415518241187
8.675000000000000000e+02 3.245700000000000252e-01	0.416485767772
8.685000000000000000e+02 3.241399999999999837e-01	0.413517101594
8.695000000000000000e+02 3.237099999999999977e-01	0.409620592141
8.705000000000000000e+02 3.232900000000000218e-01	0.40769161433
8.715000000000000000e+02 3.228500000000000258e-01	0.407922957056
8.725000000000000000e+02 3.224199999999999844e-01	0.410312275442
8.735000000000000000e+02 3.219899999999999984e-01	0.417242009656
8.745000000000000000e+02 3.215500000000000025e-01	0.421517390762
8.755000000000000000e+02 3.210999999999999965e-01	0.422792919261
8.765000000000000000e+02 3.206499999999999906e-01	0.425166990514
8.775000000000000000e+02 3.202099999999999946e-01	0.423912674589
8.785000000000000000e+02 3.197599999999999887e-01	0.421204465505
8.795000000000000000e+02 3.193300000000000027e-01	0.421074966962
8.805000000000000000e+02 3.188799999999999968e-01	0.422004271125
8.815000000000000000e+02 3.184400000000000008e-01	0.419166386734
8.825000000000000000e+02 3.180000000000000049e-01	0.424146541572
8.835000000000000000e+02 3.175600000000000089e-01	0.429903604573
8.845000000000000000e+02 3.171200000000000130e-01	0.431390581162
8.855000000000000000e+02 3.166800000000000170e-01	0.42915488812
8.865000000000000000e+02 3.162499999999999756e-01	0.422691086482
8.875000000000000000e+02 3.158000000000000251e-01	0.426924869617
8.885000000000000000e+02 3.153599999999999737e-01	0.429200627278
8.895000000000000000e+02 3.149100000000000232e-01	0.433630732784
8.905000000000000000e+02 3.144700000000000273e-01	0.435638393641
8.915000000000000000e+02 3.140299999999999758e-01	0.433237196694
8.925000000000000000e+02 3.135899999999999799e-01	0.428083380185
8.935000000000000000e+02 3.131700000000000039e-01	0.42783300137
8.945000000000000000e+02 3.127400000000000180e-01	0.429036854618
8.955000000000000000e+02 3.123099999999999765e-01	0.431451915007
8.965000000000000000e+02 3.118699999999999806e-01	0.437046083342
8.975000000000000000e+02 3.114299999999999846e-01	0.441490462043
8.985000000000000000e+02 3.109999999999999987e-01	0.442497960824
8.995000000000000000e+02 3.105700000000000127e-01	0.439003672041
9.005000000000000000e+02 3.101400000000000268e-01	0.436788857499
9.015000000000000000e+02 3.096999999999999753e-01	0.437027225147
9.025000000000000000e+02 3.092599999999999794e-01	0.434574378367
9.035000000000000000e+02 3.087799999999999989e-01	0.440424060595
9.045000000000000000e+02 3.082400000000000140e-01	0.445032479433
9.055000000000000000e+02 3.076200000000000045e-01	0.44673157222
9.065000000000000000e+02 3.070100000000000051e-01	0.444982642498
9.075000000000000000e+02 3.064000000000000057e-01	0.439260443704
9.085000000000000000e+02 3.057900000000000063e-01	0.445927413071
9.095000000000000000e+02 3.051800000000000068e-01	0.450160904891
9.105000000000000000e+02 3.045700000000000074e-01	0.453831416682
9.115000000000000000e+02 3.039600000000000080e-01	0.454714219934
9.125000000000000000e+02 3.033399999999999985e-01	0.452207016851
9.135000000000000000e+02 3.027299999999999991e-01	0.450586912623
9.145000000000000000e+02 3.021199999999999997e-01	0.450144679217
9.155000000000000000e+02 3.015200000000000102e-01	0.450009568315
9.165000000000000000e+02 3.009100000000000108e-01	0.452440073748
9.175000000000000000e+02 3.003000000000000114e-01	0.457097994919
9.185000000000000000e+02 2.996900000000000119e-01	0.459217527864
9.195000000000000000e+02 2.990900000000000225e-01	0.457545302249
9.205000000000000000e+02 2.984800000000000231e-01	0.451377941654
9.215000000000000000e+02 2.978700000000000236e-01	0.457246561701
9.225000000000000000e+02 2.972699999999999787e-01	0.45881318988
9.235000000000000000e+02 2.966699999999999893e-01	0.458390061025
9.245000000000000000e+02 2.960699999999999998e-01	0.456949217446
9.255000000000000000e+02 2.954600000000000004e-01	0.459414731118
9.265000000000000000e+02 2.948500000000000010e-01	0.465422116058
9.275000000000000000e+02 2.942400000000000015e-01	0.469391455001
9.285000000000000000e+02 2.936300000000000021e-01	0.471500440345
9.295000000000000000e+02 2.930200000000000027e-01	0.471695882445
9.305000000000000000e+02 2.924100000000000033e-01	0.469769582929
9.315000000000000000e+02 2.918000000000000038e-01	0.468685557067
9.325000000000000000e+02 2.911900000000000044e-01	0.469440837111
9.335000000000000000e+02 2.905900000000000150e-01	0.468976260027
9.345000000000000000e+02 2.899900000000000255e-01	0.464558162243
9.355000000000000000e+02 2.893800000000000261e-01	0.469843539927
9.365000000000000000e+02 2.887799999999999812e-01	0.473765978047
9.375000000000000000e+02 2.881799999999999917e-01	0.475210341675
9.385000000000000000e+02 2.875699999999999923e-01	0.474561123247
9.395000000000000000e+02 2.869599999999999929e-01	0.471184468688
9.405000000000000000e+02 2.863600000000000034e-01	0.475579841184
9.415000000000000000e+02 2.857500000000000040e-01	0.482908577692
9.425000000000000000e+02 2.851400000000000046e-01	0.486002649599
9.435000000000000000e+02 2.845400000000000151e-01	0.485950846452
9.445000000000000000e+02 2.839300000000000157e-01	0.485289590534
9.455000000000000000e+02 2.833300000000000263e-01	0.484874996239
9.465000000000000000e+02 2.827200000000000268e-01	0.482318306951
9.475000000000000000e+02 2.821100000000000274e-01	0.479399726721
9.485000000000000000e+02 2.814999999999999725e-01	0.477867239107
9.495000000000000000e+02 2.808999999999999830e-01	0.483647701637
9.505000000000000000e+02 2.802999999999999936e-01	0.484067190503
9.515000000000000000e+02 2.796899999999999942e-01	0.480345419021
9.525000000000000000e+02 2.790900000000000047e-01	0.487187453538
9.535000000000000000e+02 2.784900000000000153e-01	0.489374049175
9.545000000000000000e+02 2.778999999999999804e-01	0.491320003876
9.555000000000000000e+02 2.772999999999999909e-01	0.492623150122
9.565000000000000000e+02 2.767100000000000115e-01	0.491229871608
9.575000000000000000e+02 2.761199999999999766e-01	0.487726271358
9.585000000000000000e+02 2.755199999999999871e-01	0.486107700408
9.595000000000000000e+02 2.749199999999999977e-01	0.491634486282
9.605000000000000000e+02 2.743300000000000183e-01	0.495357009664
9.615000000000000000e+02 2.737399999999999833e-01	0.497925951445
9.625000000000000000e+02 2.731199999999999739e-01	0.498983734239
9.635000000000000000e+02 2.724699999999999900e-01	0.499803455321
9.645000000000000000e+02 2.717999999999999861e-01	0.502649458437
9.655000000000000000e+02 2.711200000000000276e-01	0.50466756044
9.665000000000000000e+02 2.704500000000000237e-01	0.505429435418
9.675000000000000000e+02 2.697800000000000198e-01	0.506066620029
9.685000000000000000e+02 2.691100000000000159e-01	0.50629901253
9.695000000000000000e+02 2.684400000000000119e-01	0.505411473976
9.705000000000000000e+02 2.677599999999999980e-01	0.503335353903
9.715000000000000000e+02 2.670899999999999941e-01	0.499620138243
9.725000000000000000e+02 2.664300000000000002e-01	0.501475438534
9.735000000000000000e+02 2.657599999999999962e-01	0.507966279388
9.745000000000000000e+02 2.650899999999999923e-01	0.510788971021
9.755000000000000000e+02 2.644199999999999884e-01	0.510527269126
9.765000000000000000e+02 2.637499999999999845e-01	0.513458790159
9.775000000000000000e+02 2.630799999999999805e-01	0.517410464918
9.785000000000000000e+02 2.624199999999999866e-01	0.520154564183
9.795000000000000000e+02 2.617499999999999827e-01	0.520824854049
9.805000000000000000e+02 2.610899999999999888e-01	0.52056733458
9.815000000000000000e+02 2.604199999999999848e-01	0.520787252264
9.825000000000000000e+02 2.597499999999999809e-01	0.522452995466
9.835000000000000000e+02 2.590899999999999870e-01	0.52407480175
9.845000000000000000e+02 2.584299999999999931e-01	0.525290468205
9.855000000000000000e+02 2.577599999999999891e-01	0.526069581161
9.865000000000000000e+02 2.570999999999999952e-01	0.52594807468
9.875000000000000000e+02 2.564400000000000013e-01	0.524693803443
9.885000000000000000e+02 2.557800000000000074e-01	0.522200336468
9.895000000000000000e+02 2.551100000000000034e-01	0.516866334375
9.905000000000000000e+02 2.544500000000000095e-01	0.518679032269
9.915000000000000000e+02 2.537900000000000156e-01	0.526205073317
9.925000000000000000e+02 2.531300000000000217e-01	0.528940810564
9.935000000000000000e+02 2.524700000000000277e-01	0.531938665801
9.945000000000000000e+02 2.518099999999999783e-01	0.535076174777
9.955000000000000000e+02 2.511499999999999844e-01	0.538829269308
9.965000000000000000e+02 2.505000000000000004e-01	0.541013678034
9.975000000000000000e+02 2.498400000000000065e-01	0.540830870778
9.985000000000000000e+02 2.491800000000000126e-01	0.540054121299
9.995000000000000000e+02 2.485199999999999909e-01	0.540661348427
1.000500000000000000e+03 2.478700000000000070e-01	0.541812495895
1.001500000000000000e+03 2.472100000000000131e-01	0.5444986733
1.002500000000000000e+03 2.465600000000000014e-01	0.548345726731
1.003500000000000000e+03 2.459000000000000075e-01	0.549688594971
1.004500000000000000e+03 2.452499999999999958e-01	0.548910593166
1.005500000000000000e+03 2.446000000000000119e-01	0.54727158923
1.006500000000000000e+03 2.439399999999999902e-01	0.54461195082
1.007500000000000000e+03 2.432900000000000063e-01	0.546901551779
1.008500000000000000e+03 2.426399999999999946e-01	0.553643422647
1.009500000000000000e+03 2.419900000000000106e-01	0.55880928338
1.010500000000000000e+03 2.413299999999999890e-01	0.561738105321
1.011500000000000000e+03 2.406800000000000050e-01	0.563923742608
1.012500000000000000e+03 2.400299999999999934e-01	0.565084859722
1.013500000000000000e+03 2.393800000000000094e-01	0.564296649368
1.014500000000000000e+03 2.387299999999999978e-01	0.562541937471
1.015500000000000000e+03 2.380800000000000138e-01	0.562594658927
1.016500000000000000e+03 2.374400000000000122e-01	0.564545265699
1.017500000000000000e+03 2.367900000000000005e-01	0.566878766136
1.018500000000000000e+03 2.361399999999999888e-01	0.569260630057
1.019500000000000000e+03 2.354999999999999871e-01	0.570592353813
1.020500000000000000e+03 2.348500000000000032e-01	0.571015460311
1.021500000000000000e+03 2.341999999999999915e-01	0.572262594137
1.022500000000000000e+03 2.335599999999999898e-01	0.574466021915
1.023500000000000000e+03 2.329100000000000059e-01	0.576321243623
1.024500000000000000e+03 2.322700000000000042e-01	0.577669921334
1.025500000000000000e+03 2.316300000000000026e-01	0.578355231012
1.026500000000000000e+03 2.309900000000000009e-01	0.576326120153
1.027500000000000000e+03 2.303399999999999892e-01	0.570760180646
1.028500000000000000e+03 2.296999999999999875e-01	0.568463351441
1.029500000000000000e+03 2.290600000000000136e-01	0.573029371275
1.030500000000000000e+03 2.284200000000000119e-01	0.579735809129
1.031500000000000000e+03 2.277800000000000102e-01	0.585399616864
1.032500000000000000e+03 2.271400000000000086e-01	0.587759032176
1.033500000000000000e+03 2.265000000000000069e-01	0.588158595909
1.034500000000000000e+03 2.258600000000000052e-01	0.588767908787
1.035500000000000000e+03 2.252200000000000035e-01	0.588743925614
1.036500000000000000e+03 2.245800000000000018e-01	0.589386156717
1.037500000000000000e+03 2.239500000000000102e-01	0.590697384348
1.038500000000000000e+03 2.233100000000000085e-01	0.590817709165
1.039500000000000000e+03 2.226700000000000068e-01	0.590324301621
1.040500000000000000e+03 2.220399999999999874e-01	0.590831996852
1.041500000000000000e+03 2.214000000000000135e-01	0.592304644537
1.042500000000000000e+03 2.207699999999999940e-01	0.592918842497
1.043500000000000000e+03 2.201299999999999923e-01	0.594647387118
1.044500000000000000e+03 2.195000000000000007e-01	0.597273036602
1.045500000000000000e+03 2.188700000000000090e-01	0.599549443309
1.046500000000000000e+03 2.182300000000000073e-01	0.600972529853
1.047500000000000000e+03 2.175999999999999879e-01	0.602483869185
1.048500000000000000e+03 2.169699999999999962e-01	0.604367674951
1.049500000000000000e+03 2.163400000000000045e-01	0.606547228843
1.050500000000000000e+03 2.157100000000000128e-01	0.608507623641
1.051500000000000000e+03 2.150799999999999934e-01	0.609579136163
1.052500000000000000e+03 2.144500000000000017e-01	0.609961750827
1.053500000000000000e+03 2.138200000000000101e-01	0.60925870806
1.054500000000000000e+03 2.131899999999999906e-01	0.607728963587
1.055500000000000000e+03 2.125599999999999989e-01	0.608288390762
1.056500000000000000e+03 2.119300000000000073e-01	0.610597365716
1.057500000000000000e+03 2.113099999999999978e-01	0.613086737936
1.058500000000000000e+03 2.106800000000000062e-01	0.616439760701
1.059500000000000000e+03 2.100599999999999967e-01	0.620266183084
1.060500000000000000e+03 2.094300000000000050e-01	0.622445379107
1.061500000000000000e+03 2.088099999999999956e-01	0.623157081467
1.062500000000000000e+03 2.081899999999999862e-01	0.622560478099
1.063500000000000000e+03 2.075599999999999945e-01	0.621518143109
1.064500000000000000e+03 2.069400000000000128e-01	0.62152277327
1.065500000000000000e+03 2.063200000000000034e-01	0.621742250676
1.066500000000000000e+03 2.056999999999999940e-01	0.623912022668
1.067500000000000000e+03 2.050800000000000123e-01	0.627447415638
1.068500000000000000e+03 2.044600000000000029e-01	0.630719809067
1.069500000000000000e+03 2.038399999999999934e-01	0.632648152306
1.070500000000000000e+03 2.032200000000000117e-01	0.631968156109
1.071500000000000000e+03 2.026000000000000023e-01	0.6315128696
1.072500000000000000e+03 2.019900000000000029e-01	0.63520697376
1.073500000000000000e+03 2.013699999999999934e-01	0.638786789221
1.074500000000000000e+03 2.007500000000000118e-01	0.640264437026
1.075500000000000000e+03 2.001400000000000123e-01	0.640267672304
1.076500000000000000e+03 1.995200000000000029e-01	0.638952180449
1.077500000000000000e+03 1.989100000000000035e-01	0.640319881291
1.078500000000000000e+03 1.982899999999999940e-01	0.642925699916
1.079500000000000000e+03 1.976799999999999946e-01	0.643728039554
1.080500000000000000e+03 1.970699999999999952e-01	0.642239081463
1.081500000000000000e+03 1.964599999999999957e-01	0.64106434045
1.082500000000000000e+03 1.958399999999999863e-01	0.643177225104
1.083500000000000000e+03 1.952299999999999869e-01	0.649286117916
1.084500000000000000e+03 1.946199999999999875e-01	0.654567305546
1.085500000000000000e+03 1.940099999999999880e-01	0.655427785854
1.086500000000000000e+03 1.934099999999999986e-01	0.653105436705
1.087500000000000000e+03 1.927999999999999992e-01	0.651349208984
1.088500000000000000e+03 1.921899999999999997e-01	0.648754143138
1.089500000000000000e+03 1.915800000000000003e-01	0.64889651097
1.090500000000000000e+03 1.909700000000000009e-01	0.652012994907
1.091500000000000000e+03 1.903700000000000114e-01	0.652926577962
1.092500000000000000e+03 1.897600000000000120e-01	0.652349978523
1.093500000000000000e+03 1.891599999999999948e-01	0.653854178916
1.094500000000000000e+03 1.885499999999999954e-01	0.655908432851
1.095500000000000000e+03 1.879500000000000060e-01	0.657004192488
1.096500000000000000e+03 1.873499999999999888e-01	0.658017051772
1.097500000000000000e+03 1.867399999999999893e-01	0.660697232951
1.098500000000000000e+03 1.861399999999999999e-01	0.664431693012
1.099500000000000000e+03 1.855400000000000105e-01	0.66815387543
1.100500000000000000e+03 1.849399999999999933e-01	0.672519442333
1.101500000000000000e+03 1.843400000000000039e-01	0.670128077001
1.102500000000000000e+03 1.837399999999999867e-01	0.662769180304
1.103500000000000000e+03 1.831399999999999972e-01	0.6657320357
1.104500000000000000e+03 1.825400000000000078e-01	0.667394553522
1.105500000000000000e+03 1.819500000000000006e-01	0.665004726512
1.106500000000000000e+03 1.813500000000000112e-01	0.67507867046
1.107500000000000000e+03 1.807499999999999940e-01	0.680680849066
1.108500000000000000e+03 1.801599999999999868e-01	0.681804461323
1.109500000000000000e+03 1.795599999999999974e-01	0.681760667093
1.110500000000000000e+03 1.789699999999999902e-01	0.683032667166
1.111500000000000000e+03 1.783700000000000008e-01	0.684556187044
1.112500000000000000e+03 1.777799999999999936e-01	0.685446953489
1.113500000000000000e+03 1.771800000000000042e-01	0.687848821217
1.114500000000000000e+03 1.765899999999999970e-01	0.688888432977
1.115500000000000000e+03 1.759999999999999898e-01	0.6896725387
1.116500000000000000e+03 1.754100000000000104e-01	0.692703996319
1.117500000000000000e+03 1.748200000000000032e-01	0.695587044554
1.118500000000000000e+03 1.742299999999999960e-01	0.697308095414
1.119500000000000000e+03 1.736399999999999888e-01	0.698841393007
1.120500000000000000e+03 1.730500000000000094e-01	0.701599504751
1.121500000000000000e+03 1.724700000000000122e-01	0.705511008781
1.122500000000000000e+03 1.718800000000000050e-01	0.709936595121
1.123500000000000000e+03 1.712899999999999978e-01	0.713522568908
1.124500000000000000e+03 1.707100000000000006e-01	0.716176803065
1.125500000000000000e+03 1.701199999999999934e-01	0.718904126568
1.126500000000000000e+03 1.695399999999999963e-01	0.721240810234
1.127500000000000000e+03 1.689499999999999891e-01	0.72359904362
1.128500000000000000e+03 1.683699999999999919e-01	0.725650569774
1.129500000000000000e+03 1.677899999999999947e-01	0.726294960397
1.130500000000000000e+03 1.672099999999999975e-01	0.727272060822
1.131500000000000000e+03 1.666300000000000003e-01	0.727815407106
1.132500000000000000e+03 1.660500000000000032e-01	0.728503405822
1.133500000000000000e+03 1.654700000000000060e-01	0.730159230425
1.134500000000000000e+03 1.648900000000000088e-01	0.734704278985
1.135500000000000000e+03 1.643100000000000116e-01	0.739546352036
1.136500000000000000e+03 1.637299999999999867e-01	0.740009740184
1.137500000000000000e+03 1.631499999999999895e-01	0.738907869402
1.138500000000000000e+03 1.625800000000000023e-01	0.738582453947
1.139500000000000000e+03 1.620000000000000051e-01	0.739546590502
1.140500000000000000e+03 1.614200000000000079e-01	0.741021506386
1.141500000000000000e+03 1.608499999999999930e-01	0.741757683849
1.142500000000000000e+03 1.602800000000000058e-01	0.744487563448
1.143500000000000000e+03 1.597000000000000086e-01	0.748234518319
1.144500000000000000e+03 1.591299999999999937e-01	0.750841841255
1.145500000000000000e+03 1.585600000000000065e-01	0.752579860975
1.146500000000000000e+03 1.579899999999999916e-01	0.753902123817
1.147500000000000000e+03 1.574200000000000044e-01	0.754469481404
1.148500000000000000e+03 1.568499999999999894e-01	0.755024729358
1.149500000000000000e+03 1.562800000000000022e-01	0.756578211428
1.150500000000000000e+03 1.557099999999999873e-01	0.758794509666
1.151500000000000000e+03 1.551400000000000001e-01	0.75994760838
1.152500000000000000e+03 1.545700000000000129e-01	0.760483382641
1.153500000000000000e+03 1.539999999999999980e-01	0.762254273914
1.154500000000000000e+03 1.534399999999999931e-01	0.765539072576
1.155500000000000000e+03 1.528700000000000059e-01	0.768039591165
1.156500000000000000e+03 1.523100000000000009e-01	0.769120863163
1.157500000000000000e+03 1.517400000000000138e-01	0.76978474121
1.158500000000000000e+03 1.511800000000000088e-01	0.770178099297
1.159500000000000000e+03 1.506099999999999939e-01	0.770343389069
1.160500000000000000e+03 1.500499999999999889e-01	0.769555694222
1.161500000000000000e+03 1.494900000000000118e-01	0.769070989236
1.162500000000000000e+03 1.489300000000000068e-01	0.771506641663
1.163500000000000000e+03 1.483700000000000019e-01	0.773175732936
1.164500000000000000e+03 1.478099999999999969e-01	0.775787462428
1.165500000000000000e+03 1.472499999999999920e-01	0.78055587022
1.166500000000000000e+03 1.466999999999999971e-01	0.781654818091
1.167500000000000000e+03 1.461399999999999921e-01	0.781094583986
1.168500000000000000e+03 1.455799999999999872e-01	0.781618966027
1.169500000000000000e+03 1.450299999999999923e-01	0.782200155872
1.170500000000000000e+03 1.444699999999999873e-01	0.78054194641
1.171500000000000000e+03 1.439199999999999924e-01	0.781711867407
1.172500000000000000e+03 1.433699999999999974e-01	0.787491666547
1.173500000000000000e+03 1.428099999999999925e-01	0.792126390836
1.174500000000000000e+03 1.422599999999999976e-01	0.793540824274
1.175500000000000000e+03 1.417100000000000026e-01	0.793115709151
1.176500000000000000e+03 1.411600000000000077e-01	0.796048945348
1.177500000000000000e+03 1.406100000000000128e-01	0.799383988065
1.178500000000000000e+03 1.400599999999999901e-01	0.800735188798
1.179500000000000000e+03 1.395200000000000051e-01	0.800189804646
1.180500000000000000e+03 1.389700000000000102e-01	0.800279177147
1.181500000000000000e+03 1.384199999999999875e-01	0.803187513451
1.182500000000000000e+03 1.378800000000000026e-01	0.807303656214
1.183500000000000000e+03 1.373300000000000076e-01	0.810083729825
1.184500000000000000e+03 1.367899999999999949e-01	0.810304568719
1.185500000000000000e+03 1.362400000000000000e-01	0.808883184902
1.186500000000000000e+03 1.356999999999999873e-01	0.805595600632
1.187500000000000000e+03 1.351600000000000024e-01	0.807784688407
1.188500000000000000e+03 1.346199999999999897e-01	0.811589367758
1.189500000000000000e+03 1.340800000000000047e-01	0.813505780928
1.190500000000000000e+03 1.335399999999999920e-01	0.814337808377
1.191500000000000000e+03 1.330000000000000071e-01	0.81946601182
1.192500000000000000e+03 1.324599999999999944e-01	0.824945256446
1.193500000000000000e+03 1.319299999999999917e-01	0.82504933232
1.194500000000000000e+03 1.313900000000000068e-01	0.816528889873
1.195500000000000000e+03 1.308499999999999941e-01	0.824882484643
1.196500000000000000e+03 1.303199999999999914e-01	0.823713900573
1.197500000000000000e+03 1.297899999999999887e-01	0.831240173728
1.198500000000000000e+03 1.292500000000000038e-01	0.83697121913
1.199500000000000000e+03 1.287200000000000011e-01	0.841513830018
1.200500000000000000e+03 1.281899999999999984e-01	0.841782324747
1.201500000000000000e+03 1.276599999999999957e-01	0.842714674744
1.202500000000000000e+03 1.271299999999999930e-01	0.845642557701
1.203500000000000000e+03 1.265999999999999903e-01	0.846174666973
1.204500000000000000e+03 1.260699999999999876e-01	0.83833226351
1.205500000000000000e+03 1.255400000000000127e-01	0.844563281437
1.206500000000000000e+03 1.250100000000000100e-01	0.845602628763
1.207500000000000000e+03 1.244900000000000034e-01	0.857936984498
1.208500000000000000e+03 1.239600000000000007e-01	0.864750801663
1.209500000000000000e+03 1.234399999999999942e-01	0.86317388225
1.210500000000000000e+03 1.229100000000000054e-01	0.855252332093
1.211500000000000000e+03 1.223899999999999988e-01	0.859379865446
1.212500000000000000e+03 1.218700000000000061e-01	0.859478909717
1.213500000000000000e+03 1.213499999999999995e-01	0.863705066127
1.214500000000000000e+03 1.208300000000000068e-01	0.872422431894
1.215500000000000000e+03 1.203100000000000003e-01	0.877673626479
1.216500000000000000e+03 1.197899999999999937e-01	0.879357506006
1.217500000000000000e+03 1.192700000000000010e-01	0.880894643101
1.218500000000000000e+03 1.187499999999999944e-01	0.881873658168
1.219500000000000000e+03 1.182300000000000018e-01	0.883608847772
1.220500000000000000e+03 1.177200000000000052e-01	0.88458227776
1.221500000000000000e+03 1.171999999999999986e-01	0.885809943955
1.222500000000000000e+03 1.166900000000000021e-01	0.89002285184
1.223500000000000000e+03 1.161800000000000055e-01	0.894920702332
1.224500000000000000e+03 1.156599999999999989e-01	0.897251495293
1.225500000000000000e+03 1.151500000000000024e-01	0.899639086451
1.226500000000000000e+03 1.146400000000000058e-01	0.904618504389
1.227500000000000000e+03 1.141299999999999953e-01	0.90557844809
1.228500000000000000e+03 1.136199999999999988e-01	0.901565402652
1.229500000000000000e+03 1.131100000000000022e-01	0.896319204327
1.230500000000000000e+03 1.126100000000000018e-01	0.907262184678
1.231500000000000000e+03 1.121000000000000052e-01	0.916900629806
1.232500000000000000e+03 1.115899999999999948e-01	0.920572470924
1.233500000000000000e+03 1.110899999999999943e-01	0.91991382554
1.234500000000000000e+03 1.105899999999999939e-01	0.920469859097
1.235500000000000000e+03 1.100799999999999973e-01	0.924876299041
1.236500000000000000e+03 1.095799999999999969e-01	0.928314032064
1.237500000000000000e+03 1.090799999999999964e-01	0.931118556042
1.238500000000000000e+03 1.085799999999999960e-01	0.936238089908
1.239500000000000000e+03 1.080799999999999955e-01	0.939372473518
1.240500000000000000e+03 1.075799999999999951e-01	0.939961183571
1.241500000000000000e+03 1.070900000000000046e-01	0.942996139765
1.242500000000000000e+03 1.065900000000000042e-01	0.947106719238
1.243500000000000000e+03 1.060900000000000037e-01	0.949311371067
1.244500000000000000e+03 1.055999999999999994e-01	0.950568218904
1.245500000000000000e+03 1.050999999999999990e-01	0.952525560319
1.246500000000000000e+03 1.046099999999999947e-01	0.955851823969
1.247500000000000000e+03 1.041200000000000042e-01	0.958353977247
1.248500000000000000e+03 1.036299999999999999e-01	0.960791559797
1.249500000000000000e+03 1.031399999999999956e-01	0.963650967647
1.250500000000000000e+03 1.026500000000000051e-01	0.968845805994
1.251500000000000000e+03 1.021600000000000008e-01	0.972028461346
1.252500000000000000e+03 1.016699999999999965e-01	0.969450269695
1.253500000000000000e+03 1.011800000000000060e-01	0.966036513743
1.254500000000000000e+03 1.006900000000000017e-01	0.973845114015
1.255500000000000000e+03 1.002099999999999935e-01	0.982275684443
1.256500000000000000e+03 9.969999999999999696e-02	0.986597654532
1.257500000000000000e+03 9.919999999999999651e-02	0.988540118256
1.258500000000000000e+03 9.879999999999999893e-02	0.990053072181
1.259500000000000000e+03 9.829999999999999849e-02	0.990900749868
1.260500000000000000e+03 9.779999999999999805e-02	0.991617906666
1.261500000000000000e+03 9.729999999999999760e-02	0.995113063986
1.262500000000000000e+03 9.679999999999999716e-02	1.00190593461
1.263500000000000000e+03 9.639999999999999958e-02	1.0060271903
1.264500000000000000e+03 9.589999999999999913e-02	1.00808613769
1.265500000000000000e+03 9.539999999999999869e-02	1.00706112899
1.266500000000000000e+03 9.489999999999999825e-02	1.00720132691
1.267500000000000000e+03 9.450000000000000067e-02	1.01363981407
1.268500000000000000e+03 9.400000000000000022e-02	1.01965268377
1.269500000000000000e+03 9.349999999999999978e-02	1.02212867247
1.270500000000000000e+03 9.299999999999999933e-02	1.0241921488
1.271500000000000000e+03 9.260000000000000175e-02	1.02827598651
1.272500000000000000e+03 9.210000000000000131e-02	1.03139233913
1.273500000000000000e+03 9.160000000000000087e-02	1.03271284176
1.274500000000000000e+03 9.120000000000000329e-02	1.03492826408
1.275500000000000000e+03 9.070000000000000284e-02	1.04040497288
1.276500000000000000e+03 9.020000000000000240e-02	1.04236279549
1.277500000000000000e+03 8.980000000000000482e-02	1.04300398045
1.278500000000000000e+03 8.930000000000000437e-02	1.0455425109
1.279500000000000000e+03 8.880000000000000393e-02	1.04852797938
1.280500000000000000e+03 8.840000000000000635e-02	1.04949164633
1.281500000000000000e+03 8.790000000000000591e-02	1.04889387821
1.282500000000000000e+03 8.749999999999999445e-02	1.04925934724
1.283500000000000000e+03 8.699999999999999400e-02	1.05350200208
1.284500000000000000e+03 8.649999999999999356e-02	1.05789260699
1.285500000000000000e+03 8.609999999999999598e-02	1.06141990555
1.286500000000000000e+03 8.559999999999999554e-02	1.06101141571
1.287500000000000000e+03 8.519999999999999796e-02	1.06421362805
1.288500000000000000e+03 8.469999999999999751e-02	1.07163712768
1.289500000000000000e+03 8.429999999999999993e-02	1.0788183271
1.290500000000000000e+03 8.379999999999999949e-02	1.08187174967
1.291500000000000000e+03 8.340000000000000191e-02	1.07955684401
1.292500000000000000e+03 8.290000000000000147e-02	1.0845175367
1.293500000000000000e+03 8.250000000000000389e-02	1.09278453285
1.294500000000000000e+03 8.200000000000000344e-02	1.10144398766
1.295500000000000000e+03 8.160000000000000586e-02	1.10475472346
1.296500000000000000e+03 8.110000000000000542e-02	1.1042542164
1.297500000000000000e+03 8.069999999999999396e-02	1.10600643768
1.298500000000000000e+03 8.019999999999999352e-02	1.11803128077
1.299500000000000000e+03 7.979999999999999594e-02	1.12669092723
1.300500000000000000e+03 7.939999999999999836e-02	1.12753762305
1.301500000000000000e+03 7.889999999999999791e-02	1.12502994606
1.302500000000000000e+03 7.850000000000000033e-02	1.12781350545
1.303500000000000000e+03 7.799999999999999989e-02	1.13484170296
1.304500000000000000e+03 7.760000000000000231e-02	1.14040856814
1.305500000000000000e+03 7.720000000000000473e-02	1.1417097267
1.306500000000000000e+03 7.670000000000000429e-02	1.14415520389
1.307500000000000000e+03 7.630000000000000671e-02	1.14818148948
1.308500000000000000e+03 7.589999999999999525e-02	1.15317087737
1.309500000000000000e+03 7.539999999999999480e-02	1.15619623086
1.310500000000000000e+03 7.499999999999999722e-02	1.15854960991
1.311500000000000000e+03 7.459999999999999964e-02	1.15983518927
1.312500000000000000e+03 7.409999999999999920e-02	1.16447924381
1.313500000000000000e+03 7.370000000000000162e-02	1.17328073816
1.314500000000000000e+03 7.330000000000000404e-02	1.17814822015
1.315500000000000000e+03 7.290000000000000646e-02	1.17910509159
1.316500000000000000e+03 7.240000000000000602e-02	1.17903250614
1.317500000000000000e+03 7.199999999999999456e-02	1.18492872521
1.318500000000000000e+03 7.159999999999999698e-02	1.19183571517
1.319500000000000000e+03 7.119999999999999940e-02	1.19619620762
1.320500000000000000e+03 7.069999999999999896e-02	1.19890057282
1.321500000000000000e+03 7.030000000000000138e-02	1.20003281287
1.322500000000000000e+03 6.990000000000000380e-02	1.20548427249
1.323500000000000000e+03 6.950000000000000622e-02	1.21055358704
1.324500000000000000e+03 6.909999999999999476e-02	1.21351158845
1.325500000000000000e+03 6.859999999999999432e-02	1.21655993838
1.326500000000000000e+03 6.819999999999999674e-02	1.2184799602
1.327500000000000000e+03 6.779999999999999916e-02	1.22506523786
1.328500000000000000e+03 6.740000000000000158e-02	1.23077472562
1.329500000000000000e+03 6.700000000000000400e-02	1.23675566559
1.330500000000000000e+03 6.660000000000000642e-02	1.24080204007
1.331500000000000000e+03 6.619999999999999496e-02	1.24129933739
1.332500000000000000e+03 6.579999999999999738e-02	1.24282437568
1.333500000000000000e+03 6.539999999999999980e-02	1.24527523157
1.334500000000000000e+03 6.489999999999999936e-02	1.25316062743
1.335500000000000000e+03 6.450000000000000178e-02	1.25979602236
1.336500000000000000e+03 6.410000000000000420e-02	1.26201539865
1.337500000000000000e+03 6.370000000000000662e-02	1.26354113352
1.338500000000000000e+03 6.329999999999999516e-02	1.26841607241
1.339500000000000000e+03 6.289999999999999758e-02	1.2729769035
1.340500000000000000e+03 6.250000000000000000e-02	1.27736750835
1.341500000000000000e+03 6.210000000000000242e-02	1.28192978555
1.342500000000000000e+03 6.169999999999999790e-02	1.28762618311
1.343500000000000000e+03 6.130000000000000032e-02	1.2920764208
1.344500000000000000e+03 6.090000000000000274e-02	1.29264926023
1.345500000000000000e+03 6.060000000000000109e-02	1.29639709072
1.346500000000000000e+03 6.019999999999999657e-02	1.30379895785
1.347500000000000000e+03 5.979999999999999899e-02	1.30826111099
1.348500000000000000e+03 5.940000000000000141e-02	1.30617845493
1.349500000000000000e+03 5.899999999999999689e-02	1.30925359524
1.350500000000000000e+03 5.859999999999999931e-02	1.31684763055
1.351500000000000000e+03 5.820000000000000173e-02	1.32453194466
1.352500000000000000e+03 5.779999999999999721e-02	1.32815871849
1.353500000000000000e+03 5.739999999999999963e-02	1.3252375885
1.354500000000000000e+03 5.709999999999999798e-02	1.33146341281
1.355500000000000000e+03 5.670000000000000040e-02	1.33511242957
1.356500000000000000e+03 5.630000000000000282e-02	1.33697976395
1.357500000000000000e+03 5.589999999999999830e-02	1.34216904807
1.358500000000000000e+03 5.550000000000000072e-02	1.34907864615
1.359500000000000000e+03 5.519999999999999907e-02	1.34801114473
1.360500000000000000e+03 5.480000000000000149e-02	1.35259188567
1.361500000000000000e+03 5.439999999999999697e-02	1.37040910893
1.362500000000000000e+03 5.399999999999999939e-02	1.37225917256
1.363500000000000000e+03 5.369999999999999774e-02	1.36791479494
1.364500000000000000e+03 5.330000000000000016e-02	1.37795396085
1.365500000000000000e+03 5.290000000000000258e-02	1.39023813134
1.366500000000000000e+03 5.260000000000000092e-02	1.39404123988
1.367500000000000000e+03 5.220000000000000334e-02	1.39539208542
1.368500000000000000e+03 5.179999999999999882e-02	1.39827886187
1.369500000000000000e+03 5.149999999999999717e-02	1.40653761271
1.370500000000000000e+03 5.109999999999999959e-02	1.41375867099
1.371500000000000000e+03 5.070000000000000201e-02	1.41775506769
1.372500000000000000e+03 5.040000000000000036e-02	1.41717206779
1.373500000000000000e+03 5.000000000000000278e-02	1.42550999488
1.374500000000000000e+03 4.959999999999999826e-02	1.44201600578
1.375500000000000000e+03 4.929999999999999660e-02	1.45067215328
1.376500000000000000e+03 4.889999999999999902e-02	1.46341103394
1.377500000000000000e+03 4.859999999999999737e-02	1.47652775456
1.378500000000000000e+03 4.819999999999999979e-02	1.49508192996
1.379500000000000000e+03 4.789999999999999813e-02	1.5065681471
1.380500000000000000e+03 4.750000000000000056e-02	1.51223489129
1.381500000000000000e+03 4.719999999999999890e-02	1.51819265369
1.382500000000000000e+03 4.680000000000000132e-02	1.52264368802
1.383500000000000000e+03 4.649999999999999967e-02	1.52895951188
1.384500000000000000e+03 4.610000000000000209e-02	1.53451467691
1.385500000000000000e+03 4.580000000000000043e-02	1.53563002166
1.386500000000000000e+03 4.540000000000000285e-02	1.54491101613
1.387500000000000000e+03 4.510000000000000120e-02	1.55342470855
1.388500000000000000e+03 4.469999999999999668e-02	1.5573608388
1.389500000000000000e+03 4.440000000000000197e-02	1.55952321465
1.390500000000000000e+03 4.399999999999999745e-02	1.56451324075
1.391500000000000000e+03 4.370000000000000273e-02	1.56997741718
1.392500000000000000e+03 4.340000000000000108e-02	1.57182006333
1.393500000000000000e+03 4.299999999999999656e-02	1.57563535321
1.394500000000000000e+03 4.270000000000000184e-02	1.58323183945
1.395500000000000000e+03 4.240000000000000019e-02	1.59037014936
1.396500000000000000e+03 4.200000000000000261e-02	1.59481920574
1.397500000000000000e+03 4.170000000000000095e-02	1.60363979019
1.398500000000000000e+03 4.139999999999999930e-02	1.61438932841
1.399500000000000000e+03 4.100000000000000172e-02	1.61287074948
1.400500000000000000e+03 4.070000000000000007e-02	1.61666880601
1.401500000000000000e+03 4.039999999999999841e-02	1.62685850184
1.402500000000000000e+03 4.009999999999999676e-02	1.63687148746
1.403500000000000000e+03 3.969999999999999918e-02	1.64110557136
1.404500000000000000e+03 3.939999999999999752e-02	1.64949100922
1.405500000000000000e+03 3.910000000000000281e-02	1.66085609966
1.406500000000000000e+03 3.880000000000000115e-02	1.67316483595
1.407500000000000000e+03 3.849999999999999950e-02	1.68663768491
1.408500000000000000e+03 3.810000000000000192e-02	1.69946093969
1.409500000000000000e+03 3.780000000000000027e-02	1.71217243068
1.410500000000000000e+03 3.749999999999999861e-02	1.72555631469
1.411500000000000000e+03 3.719999999999999696e-02	1.73926446257
1.412500000000000000e+03 3.690000000000000224e-02	1.75270335642
1.413500000000000000e+03 3.660000000000000059e-02	1.76619671156
1.414500000000000000e+03 3.629999999999999893e-02	1.78184195912
1.415500000000000000e+03 3.590000000000000135e-02	1.79897782534
1.416500000000000000e+03 3.559999999999999970e-02	1.81370005581
1.417500000000000000e+03 3.529999999999999805e-02	1.82698999881
1.418500000000000000e+03 3.500000000000000333e-02	1.84139283364
1.419500000000000000e+03 3.470000000000000168e-02	1.84939645701
1.420500000000000000e+03 3.440000000000000002e-02	1.85190546424
1.421500000000000000e+03 3.409999999999999837e-02	1.84586961235
1.422500000000000000e+03 3.379999999999999671e-02	1.83334176421
1.423500000000000000e+03 3.350000000000000200e-02	1.81992653127
1.424500000000000000e+03 3.320000000000000034e-02	1.80650814638
1.425500000000000000e+03 3.289999999999999869e-02	1.79355452045
1.426500000000000000e+03 3.269999999999999990e-02	1.78573311058
1.427500000000000000e+03 3.239999999999999825e-02	1.78258288118
1.428500000000000000e+03 3.209999999999999659e-02	1.78410693416
1.429500000000000000e+03 3.180000000000000188e-02	1.7902925915
1.430500000000000000e+03 3.150000000000000022e-02	1.80445161245
1.431500000000000000e+03 3.119999999999999857e-02	1.81268936063
1.432500000000000000e+03 3.090000000000000038e-02	1.82080276037
1.433500000000000000e+03 3.070000000000000159e-02	1.8281141816
1.434500000000000000e+03 3.039999999999999994e-02	1.83631917097
1.435500000000000000e+03 3.009999999999999828e-02	1.84373222897
1.436500000000000000e+03 2.980000000000000010e-02	1.85185141434
1.437500000000000000e+03 2.949999999999999845e-02	1.86228866995
1.438500000000000000e+03 2.929999999999999966e-02	1.87241659533
1.439500000000000000e+03 2.900000000000000147e-02	1.8808165345
1.440500000000000000e+03 2.869999999999999982e-02	1.89061209311
1.441500000000000000e+03 2.850000000000000103e-02	1.90720613203
1.442500000000000000e+03 2.819999999999999937e-02	1.91887309477
1.443500000000000000e+03 2.790000000000000119e-02	1.92823807092
1.444500000000000000e+03 2.769999999999999893e-02	1.93795825508
1.445500000000000000e+03 2.740000000000000074e-02	1.94791358224
1.446500000000000000e+03 2.709999999999999909e-02	1.95793822572
1.447500000000000000e+03 2.690000000000000030e-02	1.9675774809
1.448500000000000000e+03 2.659999999999999865e-02	1.97739904651
1.449500000000000000e+03 2.630000000000000046e-02	1.9862832058
1.450500000000000000e+03 2.610000000000000167e-02	1.99580885947
1.451500000000000000e+03 2.580000000000000002e-02	1.99913330648
1.452500000000000000e+03 2.560000000000000123e-02	2.00355958033
1.453500000000000000e+03 2.529999999999999957e-02	2.01136382544
1.454500000000000000e+03 2.510000000000000078e-02	2.02069173312
1.455500000000000000e+03 2.479999999999999913e-02	2.03267347543
1.456500000000000000e+03 2.460000000000000034e-02	2.04594261716
1.457500000000000000e+03 2.429999999999999868e-02	2.05943238092
1.458500000000000000e+03 2.409999999999999989e-02	2.07779672001
1.459500000000000000e+03 2.380000000000000171e-02	2.0925233999
1.460500000000000000e+03 2.359999999999999945e-02	2.10480148342
1.461500000000000000e+03 2.340000000000000066e-02	2.11529283049
1.462500000000000000e+03 2.309999999999999901e-02	2.1268961436
1.463500000000000000e+03 2.290000000000000022e-02	2.13982787785
1.464500000000000000e+03 2.259999999999999856e-02	2.15268041406
1.465500000000000000e+03 2.239999999999999977e-02	2.16491088165
1.466500000000000000e+03 2.220000000000000098e-02	2.17626770409
1.467500000000000000e+03 2.189999999999999933e-02	2.18485151542
1.468500000000000000e+03 2.170000000000000054e-02	2.1955468429
1.469500000000000000e+03 2.149999999999999828e-02	2.20799705642
1.470500000000000000e+03 2.129999999999999949e-02	2.22096801281
1.471500000000000000e+03 2.100000000000000130e-02	2.23473239474
1.472500000000000000e+03 2.079999999999999905e-02	2.2484183639
1.473500000000000000e+03 2.060000000000000026e-02	2.26147636817
1.474500000000000000e+03 2.040000000000000147e-02	2.27469196886
1.475500000000000000e+03 2.019999999999999921e-02	2.28425137563
1.476500000000000000e+03 1.990000000000000102e-02	2.29162143279
1.477500000000000000e+03 1.969999999999999876e-02	2.30674473164
1.478500000000000000e+03 1.949999999999999997e-02	2.3215936225
1.479500000000000000e+03 1.930000000000000118e-02	2.33592797947
1.480500000000000000e+03 1.909999999999999892e-02	2.3515418285
1.481500000000000000e+03 1.890000000000000013e-02	2.37592690293
1.482500000000000000e+03 1.870000000000000134e-02	2.39816406123
1.483500000000000000e+03 1.849999999999999908e-02	2.41380409195
1.484500000000000000e+03 1.830000000000000029e-02	2.42471346333
1.485500000000000000e+03 1.810000000000000150e-02	2.43813416805
