-1.156803877589190144e+01
2.485334742635542771e+00
9.712880774038640252e-01
1.335229268437893024e+00
1.008278150763506797e+00
1.143386057393557920e+00
1.166292977547237264e+00
1.297579392347502747e+00
9.571634965309188114e-01
7.552968678083479270e-01
5.532516085564866959e-01
4.702389694253353292e-01
4.755422189127813115e-01
6.086152203816860284e-01
8.112270376145960249e-01
4.988918121278248519e-01
1.992401264557370766e-01
4.063261200016585889e-02
-9.451670920409568910e-02
-2.048459216317376208e-01
-3.513916638440257034e-01
8.226530471214853479e-01
-1.684904488199134576e-01
2.295711119288364188e-01
4.075586870215418545e-01
-2.076627453384075617e-01
-2.365881802507230069e-01
-1.011945154454996637e-01
-7.657694709973744338e-03
6.905580088641584402e-02
3.915385959140473271e-01
3.469604367307652648e-01
-2.424567145324992012e-01
0.000000000000000000e+00
-3.060811685579849506e-01
-4.035325218545006143e-01
7.044035110060501426e-01
5.878093723274776528e-01
-2.468101471901809063e-01
3.908262949059266300e-01
5.569113611988595336e-01
0.000000000000000000e+00
