#tiré du fichier Gnumeric TALDICE
#ztop (m)	d18O (pm)	deut	Bintanja Isotot
0	-34.92	-267.9513848	-0.00031771151441
1	-34.92	-267.9513848	-0.00039714950201
2	-34.92	-267.9513848	-0.00047761517824
3	-34.92	-266.5273848	-0.00055911360644
4	-34.92	-266.3513848	-0.00062777002215
5	-35.36	-269.0890292	-0.00068345594338
6	-36.70	-279.6724736	-0.00073983933576
7	-35.08	-267.6091528	-0.00079692306952
8	-34.97	-265.3902544	-0.00085470988323
9	-37.28	-285.0305048	-0.00091320238173
10	-33.82	-258.344888	-0.00097240303408
11	-33.89	-258.8866792	-0.0010323368782
12	-35.12	-265.5437896	-0.0010930031475
13	-35.32	-266.9361	-0.00115438464493
14	-36.34	-279.9582616	-0.00121098113118
15	-38.25	-295.6733896	-0.00126192304313
16	-36.10	-277.5861464	-0.00132879812416
17	-36.85	-282.4259832	-0.0014015970569
18	-35.30	-269.9521032	-0.00147197195361
19	-36.40	-278.697584	-0.00154313145008
20	-36.02	-275.664152	-0.00161909786771
21	-35.98	-274.5648336	-0.00168677831334
22	-36.68	-279.1765568	-0.00176465555022
23	-36.61	-280.7770032	-0.00182389543201
24	-35.89	-274.7858176	-0.00186027931781
25	-36.06	-275.9471072	-0.00189991605733
26	-37.57	-287.8640064	-0.00193470618861
27	-37.38	-285.2634648	-0.00197259861755
28	-35.95	-273.6914272	-0.00201472540409
29	-35.18	-267.4683168	-0.00205942518833
30	-35.84	-272.7073296	-0.00209759051156
31	-36.37	-276.8986312	-0.00214882783073
32	-35.18	-267.354564	-0.00218805782492
33	-38.00	-292.2094832	-0.00218708023144
34	-36.52	-279.9747848	-0.00216760402073
35	-36.57	-279.7450064	-0.00214651052477
36	-36.03	-274.0056048	-0.00212498057068
37	-35.73	-269.1074352	-0.00210040401259
38	-36.63	-278.3880304	-0.00201227592071
39	-36.24	-276.3297152	-0.00192635577087
40	-35.46	-270.0686696	-0.00182736259697
41	-37.42	-285.6791312	-0.00173502680406
42	-36.49	-278.153756	-0.00159551038345
43	-36.18	-273.64353	-0.00143785116973
44	-35.43	-268.789264	-0.00126793076876
45	-36.79	-281.325046	-0.00109324462421
46	-36.48	-278.814808	-0.00086668398481
47	-36.13	-275.762466	-0.00062481234449
48	-36.49	-278.357522	-0.00038972332246
49	-35.45	-269.701186	-0.00016086983818
50	-37.06	-282.3993644	0.00015141582635
51	-37.95	-289.465634	0.00045338044824
52	-35.96	-273.5004724	0.00075734258147
53	-35.93	-274.1388292	0.00108404238899
54	-37.14	-284.3619344	0.00142960273433
55	-36.55	-279.998116	0.00175293369814
56	-36.70	-279.970449866667	0.00217800232183
57	-35.13	-266.5460724	0.00254725792423
58	-36.82	-280.1581424	0.00294399169774
59	-37.70	-287.4753216	0.00331288410645
60	-37.32	-284.9810968	0.00370422580174
61	-36.24	-277.287776	0.00415754568118
62	-38.66	-297.4966984	0.00452684370986
63	-35.49	-270.834636	0.00498868056219
64	-36.45	-277.6980416	0.00544966026638
65	-36.36	-276.5855392	0.00582159263838
66	-37.33	-284.4488872	0.00623950893823
67	-38.28	-292.0891408	0.00675967576853
68	-36.22	-274.8908248	0.00734778623986
69	-35.90	-273.7428544	0.00791895307922
70	-35.01	-269.2006792	0.0084935123139
71	-36.59	-281.2169232	0.00906320253493
72	-36.03	-275.5343184	0.00966152651582
73	-36.37	-278.6228128	0.01029090708112
74	-37.04	-284.455276	0.01091954788603
75	-35.70	-274.3040744	0.01150361305776
76	-37.01	-284.4604896	0.01209384797948
77	-35.71	-273.5045904	0.01265962887085
78	-36.15	-278.2940756	0.013243359907
79	-36.26	-278.2177096	0.01380018915015
80	-36.89	-281.4065628	0.01433904014234
81	-36.08	-275.809336	0.01486803666629
82	-35.94	-276.9863948	0.01538238106317
83	-36.34	-278.296496	0.016041894421
84	-36.77	-281.5249168	0.01660788470709
85	-36.73	-281.21243	0.01729736061305
86	-35.69	-273.3453848	0.0178496967708
87	-36.16	-276.8685964	0.01851927410034
88	-36.55	-276.821936	0.01916500115193
89	-36.59	-277.6892432	0.01977968782141
90	-36.81	-279.9602752	0.02040857158986
91	-35.62	-269.93136	0.02097467660007
92	-35.73	-270.531536	0.02155029506469
93	-36.45	-278.10438	0.02210820269743
94	-36.11	-275.40304	0.02269653498657
95	-37.36	-285.3659788	0.02321431706769
96	-36.19	-275.2233736	0.02365390586489
97	-36.51	-277.365474933333	0.02412264278358
98	-34.65	-263.3377496	0.02464617642101
99	-35.86	-273.7378268	0.02519599631113
100	-35.67	-273.7467332	0.02567999159579
101	-37.66	-289.2514028	0.02622835587852
102	-35.34	-269.1975252	0.02666507409664
103	-36.13	-276.6619488	0.02714149841754
104	-34.67	-264.688094666667	0.02759415211643
105	-36.70	-280.6264788	0.02799562234135
106	-36.83	-282.3773824	0.02837487684024
107	-36.01	-275.1782748	0.0287537505507
108	-36.63	-279.17086	0.02918984436988
109	-37.11	-282.9644116	0.02957631960144
110	-36.35	-276.8919348	0.02994942548615
111	-34.98	-267.1659612	0.03032726251862
112	-36.21	-277.9879696	0.03072231860905
113	-37.08	-282.3536448	0.031173435045
114	-36.01	-273.6085936	0.03157430159131
115	-36.14	-274.591188	0.0320175350591
116	-36.58	-278.112908	0.03242490169599
117	-36.99	-281.384892	0.03285654413622
118	-36.87	-280.6666248	0.03322306290763
119	-36.20	-275.8602416	0.0336148891376
120	-35.77	-272.2257088	0.03410017428816
121	-36.56	-278.60496	0.03459184938849
122	-37.40	-285.7364496	0.03510743996048
123	-36.22	-277.8831496	0.03567718684433
124	-35.15	-268.885472	0.03625846619616
125	-37.01	-282.313536	0.03676313184596
126	-36.09	-274.8386912	0.03735991658171
127	-35.49	-269.8531352	0.03790617287974
128	-36.15	-275.1270928	0.03846533382183
129	-36.27	-275.739551466667	0.03903665710269
130	-36.08	-273.3498736	0.03958315595009
131	-36.28	-274.9771496	0.04023641243955
132	-35.67	-270.0663576	0.04084727951779
133	-35.48	-268.6517844	0.04149598016469
134	-35.34	-267.5478064	0.04223976213342
135	-37.32	-283.3269844	0.04296300263653
136	-36.41	-276.3059648	0.04358575099388
137	-36.92	-281.2540448	0.04434084008468
138	-36.54	-278.2383324	0.04498580289507
139	-36.92	-281.4639612	0.04563639697828
140	-35.86	-273.8444968	0.04636573020698
141	-36.24	-276.925730666667	0.04708315592701
142	-36.81	-281.3930592	0.04780077998552
143	-35.54	-270.90284	0.04850518775955
144	-36.25	-276.423082	0.04918129581018
145	-33.56	-254.2835644	0.05003597589112
146	-35.89	-272.9414268	0.05076660293769
147	-35.41	-269.27906	0.05159190102935
148	-36.29	-276.913928	0.05238317412891
149	-36.26	-276.6701188	0.05307973470707
150	-37.87	-289.3183972	0.05388754375049
151	-36.53	-277.8443372	0.05452376022364
152	-36.23	-275.672008	0.05528148102424
153	-35.66	-271.714882	0.05604122197274
154	-35.90	-274.083362	0.05686478777665
155	-35.18	-268.885882	0.05764628878115
156	-36.36	-276.788268	0.05846371602843
157	-36.79	-280.23311	0.05928469402166
158	-35.43	-269.306408	0.06013533488159
159	-35.32	-268.983802	0.0609046483141
160	-35.55	-272.0851576	0.0617449337919
161	-37.71	-289.3991232	0.06240401593332
162	-36.55	-279.8552404	0.06323003733097
163	-36.10	-275.838238	0.06406020655059
164	-36.08	-275.100698	0.06480257770383
165	-36.87	-280.319302	0.06564200466572
166	-36.29	-275.828292	0.06648009066827
167	-34.67	-262.830506	0.06737654153841
168	-35.53	-269.7689308	0.06820634891302
169	-34.84	-264.6664292	0.06902276458681
170	-36.35	-277.5371824	0.06978987223107
171	-36.78	-280.9439688	0.07055504105649
172	-36.46	-278.1707516	0.07138364018138
173	-37.01	-282.27817	0.07226702335594
174	-35.60	-270.6797524	0.07318211842584
175	-35.19	-266.9257504	0.07435248751964
176	-34.42	-260.7677412	0.07545931755286
177	-36.13	-274.1181936	0.07651904115112
178	-35.47	-268.490254	0.07760098765998
179	-36.12	-273.698994	0.07883408838445
180	-36.47	-277.2913	0.08038085330021
181	-35.39	-269.718516	0.08176168427322
182	-34.67	-263.402042	0.08298279128256
183	-36.22	-275.0651916	0.08427670710088
184	-35.52	-269.4686532	0.08558533541193
185	-37.15	-282.464218	0.08688856296737
186	-36.48	-277.1129216	0.08827352060991
187	-35.91	-273.8856384	0.0895034335502
188	-36.32	-278.6966832	0.09091770830104
189	-37.10	-284.9254992	0.09225284839617
190	-36.30	-278.6522976	0.09377953507911
191	-36.62	-281.3742168	0.0951700823348
192	-35.44	-271.9024416	0.09649967837789
193	-36.27	-277.9896224	0.09796390121259
194	-35.79	-273.445244	0.09951098332435
195	-36.29	-277.221018	0.10111592503419
196	-35.74	-272.5085328	0.10269254310204
197	-36.24	-276.5391944	0.10439058873581
198	-36.38	-276.9287856	0.10576966283661
199	-36.82	-279.4616096	0.10712266850381
200	-36.19	-275.1713512	0.108472668443
201	-36.00	-274.7398524	0.10981169809785
202	-36.37	-278.06885	0.11127361298369
203	-36.25	-277.5991804	0.11256379903021
204	-34.71	-265.2514308	0.11388082289142
205	-35.96	-275.392956	0.1151021342098
206	-36.55	-280.3143292	0.11642451583796
207	-34.81	-266.3631704	0.11783843425989
208	-34.81	-267.342232	0.11926697559086
209	-37.37	-288.928064	0.1204943062509
210	-36.55	-280.8623628	0.12173568488615
211	-35.33	-269.4505008	0.1229673824121
212	-34.53	-264.1509	0.12426957441991
213	-35.80	-275.5283148	0.1254050038026
214	-36.00	-276.1661728	0.12654707108282
215	-37.77	-289.2962464	0.12762482299869
216	-35.08	-267.7725452	0.12851896886147
217	-34.71	-265.213388	0.12939437252363
218	-36.44	-279.4930108	0.1302144246275
219	-36.53	-280.207618	0.13091249180431
220	-35.57	-272.8705768	0.13158989684397
221	-36.25	-278.7291472	0.13248113958819
222	-36.47	-280.4200752	0.1333596123889
223	-36.01	-275.3393236	0.13427201138466
224	-35.25	-267.7159004	0.13493422060468
225	-35.29	-268.8668736	0.13564843066009
226	-35.32	-269.9873988	0.13640970800843
227	-36.37	-278.5465124	0.13693617431715
228	-34.22	-261.5983228	0.13752845910359
229	-37.19	-285.3338092	0.1381849267519
230	-36.960028575	-283.0392286	0.13877015445674
231	-36.73	-280.726648	0.13944127891951
232	-35.64	-271.9823816	0.14012309850959
233	-36.37	-278.086318	0.14071484599718
234	-37.78	-289.520298	0.14132250888262
235	-36.33	-277.9254084	0.1419405467169
236	-35.91	-274.5941816	0.1425435220549
237	-36.20	-276.914846	0.14321949278437
238	-36.31	-277.7179308	0.14389343477368
239	-35.84	-273.8477064	0.1446736659221
240	-35.19	-268.514412	0.14529292095021
241	-35.90	-274.0777868	0.1459894753218
242	-35.67	-272.2380252	0.14675036488555
243	-36.67	-280.2381492	0.14755696555171
244	-37.54	-287.3902412	0.14843144676141
245	-37.02	-283.4534552	0.1492916084909
246	-35.96	-274.9699112	0.15022690988131
247	-34.94	-267.0334428	0.15121843309776
248	-37.16	-285.0197708	0.15214030913023
249	-35.98	-276.7889756	0.15302025924987
250	-35.74	-276.2030408	0.15411216353923
251	-36.47	-282.052166	0.15512982623378
252	-35.41	-272.511166	0.15615805801118
253	-35.84	-274.7269072	0.1575637511175
254	-36.37	-279.3238804	0.15874696668425
255	-35.93	-276.2583528	0.16005028903721
256	-36.16	-278.050394	0.16126904631312
257	-37.13	-285.7298692	0.16255547045053
258	-35.51	-272.7656468	0.16388072263192
259	-36.93	-282.5433332	0.1651787240018
260	-37.32	-284.140138	0.16658798253359
261	-36.11	-274.4962752	0.16811316768181
262	-34.99	-266.67909	0.16968683134334
263	-35.73	-273.7120736	0.17129457805221
264	-35.80	-274.21072	0.17292620081678
265	-35.54	-272.0418872	0.17475844101538
266	-35.81	-273.2521256	0.17664954014848
267	-36.65	-279.184072	0.17847126131513
268	-35.38	-269.0418752	0.18028823991608
269	-37.83	-290.1376176	0.18252930868432
270	-36.86	-283.6148864	0.18440331750582
271	-36.05	-276.3035232	0.18629043157658
272	-35.21	-268.8764424	0.18869858892382
273	-36.19	-276.7069624	0.19114418579476
274	-36.34	-278.0648928	0.19348020974457
275	-35.91	-274.7029928	0.19571870527167
276	-36.70	-280.6680056	0.19845414218976
277	-36.03	-275.0432376	0.20077716557897
278	-35.93	-274.2041168	0.20301738144069
279	-36.38	-277.683032	0.20560996308452
280	-34.85	-265.3152984	0.20807360221938
281	-36.90	-281.6950432	0.21105878473141
282	-35.60	-272.5815952	0.21422888363435
283	-35.59	-273.5224656	0.21715766014791
284	-37.00	-284.8029312	0.2200047038906
285	-36.26	-278.367112	0.22311162722893
286	-35.51	-271.8741312	0.22644930432195
287	-35.93	-275.2107824	0.23001669175249
288	-36.41	-279.7466704	0.2334399121308
289	-36.71	-282.2170336	0.23655628180696
290	-36.93	-283.6177552	0.24029595965916
291	-36.78	-282.4662608	0.24372568582675
292	-36.39	-279.3713712	0.24768192938073
293	-34.92	-268.1819136	0.25173886725432
294	-36.36	-279.6480784	0.25602531608017
295	-36.67	-281.9346352	0.26004748613269
296	-37.00	-284.599552	0.26418311736076
297	-36.28	-278.7088624	0.26827445129991
298	-36.75	-281.3892304	0.27288068254409
299	-35.88	-274.4125512	0.27735611371339
300	-35.06	-267.6639096	0.28190511385136
301	-35.88	-274.276544	0.28670331052366
302	-36.67	-281.617156	0.29092688163405
303	-36.26	-279.0528432	0.29597867200292
304	-35.38	-272.0241416	0.30135475909246
305	-36.29	-278.8888824	0.30627216799396
306	-34.87	-267.5717392	0.31127047325648
307	-35.49	-271.4322312	0.31667002946936
308	-35.14	-267.9279464	0.32164851632433
309	-36.57	-279.4330832	0.32617314579393
310	-36.46	-279.0529952	0.3308841862506
311	-37.77	-289.5900304	0.33582334524737
312	-35.46	-271.376152	0.34070636770804
313	-36.48	-279.7649896	0.34539773449621
314	-35.79	-274.153864	0.34979520335872
315	-35.28	-269.635848	0.35486734331235
316	-36.19	-276.936672	0.36004873817992
317	-36.57	-280.641656	0.36507563143449
318	-37.65	-289.793016	0.37008827804589
319	-37.30	-287.02368	0.37479945650567
320	-35.86	-275.843184	0.38014713811537
321	-35.81	-275.467536	0.38509480521787
322	-36.39	-279.182856	0.389957121795
323	-37.00	-283.482008	0.39464543757085
324	-36.53	-280.121776	0.3994826654639
325	-35.57	-272.63764	0.40431731596989
326	-36.19	-277.63212	0.40936164456185
327	-35.53	-272.75736	0.41495395505866
328	-34.94	-268.346112	0.42038938424818
329	-35.87	-275.800568	0.42659939922488
330	-36.38	-279.938544	0.43220049079237
331	-37.01	-284.957536	0.43740931627496
332	-36.43	-279.782016	0.44341939547175
333	-36.62	-280.924688	0.44893393817494
334	-36.20	-277.785992	0.45507041185117
335	-37.23	-287.755776	0.46109732504296
336	-36.03	-278.161304	0.46683452661402
337	-36.08	-278.01488	0.47445395671763
338	-36.33	-279.658824	0.48134026581019
339	-35.47	-272.793848	0.48845847128218
340	-36.17	-278.388168	0.49481485335441
341	-37.06	-285.461208	0.50195464098719
342	-35.65	-274.576544	0.50967738627273
343	-36.16	-278.856352	0.51646585593839
344	-34.98	-269.301992	0.52294388243634
345	-36.80	-282.7074	0.52870053400394
346	-36.30	-278.69128	0.53536699386569
347	-35.78	-274.851504	0.54182733145329
348	-36.68	-282.3079632	0.54883894849821
349	-36.09	-277.6200636	0.55574424751916
350	-35.59	-273.611552	0.56277627811643
351	-36.85	-283.6789908	0.57042527397377
352	-36.71	-281.675868	0.57715041124198
353	-37.16	-284.5887604	0.58480818453517
354	-37.47	-287.3506864	0.59120387247641
355	-37.41	-289.8473324	0.59907821092439
356	-36.23	-280.4231388	0.60580128730027
357	-35.34	-272.1042044	0.61246212151611
358	-35.08	-269.1	0.62053486058615
359	-36.47	-280.3	0.62784151583025
360	-36.88	-283.58	0.63508397533604
361	-36.43	-279.94	0.64250448275926
362	-36.35	-279.244	0.65049954892456
363	-35.55	-272.76	0.65875974573991
364	-37.12	-285.448	0.66689750128053
365	-36.34	-279.92	0.67573940086657
366	-36.50	-281.24	0.68374549792722
367	-35.05	-268.648	0.69112147284262
368	-34.97	-267.22	0.69883754381622
369	-36.70	-281.06	0.70684508724892
370	-35.66	-272.74	0.71516841308924
371	-35.62	-272.46	0.72283308029021
372	-37.44	-287.428	0.73029512125683
373	-37.52	-288.42	0.73935329206568
374	-36.83	-283.0590316	0.74661488583538
375	-35.96	-278.1170224	0.75521340819441
376	-36.54	-282.6807928	0.76348278579251
377	-36.06	-278.5723764	0.77203366883065
378	-36.23	-279.6311932	0.77999292921701
379	-36.79	-284.12	0.78868516637654
380	-37.90	-293.0078576	0.79798399299763
381	-36.58	-282.4327384	0.80606393340958
382	-36.72	-283.0803856	0.81479203582841
383	-37.68	-290.4740792	0.82451026121061
384	-37.70	-290.7160576	0.83480064573386
385	-36.83	-284.5361192	0.84409346331343
386	-37.54	-290.2024464	0.85418237475863
387	-36.41	-279.7931776	0.86349477280758
388	-36.41	-279.149168	0.87254559398224
389	-36.10	-276.729876	0.88059836375546
390	-36.28	-278.149384	0.88940823091421
391	-35.51	-271.991232	0.89958162292174
392	-37.18	-285.1032528	0.90916328090517
393	-36.50	-279.5249184	0.91694652258125
394	-36.84	-282.2591048	0.92572765939721
395	-36.31	-278.0534056	0.93521219926751
396	-37.03	-283.8156272	0.94414163159019
397	-35.81	-273.5745528	0.9544906122999
398	-36.27	-276.969408	0.96304313413486
399	-36.95	-282.4211196	0.97282739373153
400	-37.49	-286.727588	0.98305655694897
401	-37.50	-286.827602	0.99086315869402
402	-37.56	-291.1374228	0.99895158520869
403	-36.98	-288.5451028	1.00749816204401
404	-35.48	-275.9412132	1.01713009988037
405	-36.95	-284.6651588	1.0266005505022
406	-36.20	-278.671284	1.03593556641502
407	-35.67	-273.3726868	1.04515438312825
408	-35.95	-275.0758972	1.05419202993512
409	-36.93	-282.9252008	1.06214449949542
410	-37.55	-287.8794676	1.07087040354542
411	-36.06	-276.011634	1.07856790034875
412	-37.64	-288.6311932	1.08766106623968
413	-37.41	-286.7558624	1.09664498890202
414	-36.49	-279.7043852	1.10597135267837
415	-37.29	-287.6122152	1.11463374567292
416	-36.10	-278.088594	1.12311193625389
417	-37.21	-286.99794	1.13257879431931
418	-36.62	-282.269498	1.1415649684016
419	-36.17	-278.405276	1.15031240022929
420	-35.70	-273.215078	1.15944833365116
421	-36.43	-279.038656	1.16863065162867
422	-37.07	-285.84893	1.17717911202189
423	-37.21	-287.89806	1.18714557548334
424	-36.05	-278.386086	1.19819819295262
425	-37.58	-289.531876	1.20752352305891
426	-36.25	-278.927814	1.2165
427	-37.31	-287.409442	1.23259295277222
428	-36.65	-282.113312	1.24865301140263
429	-37.21	-286.57809	1.264587562755
430	-36.47	-280.698356	1.27889316619955
431	-37.17	-286.294336	1.29163275547016
432	-36.09	-277.575546	1.30640117715609
433	-36.46	-280.470458	1.32261126760319
434	-36.52	-280.9772816	1.33711147735704
435	-34.63	-265.9316128	1.35282629614658
436	-36.36	-279.790752	1.36822528824745
437	-36.79	-283.1036012	1.38144355980926
438	-37.76	-290.8107872	1.39606491072033
439	-36.94	-284.1850748	1.41114721647136
440	-37.26	-286.788204	1.42509158070036
441	-36.25	-278.730962	1.437709747923
442	-37.82	-291.031608	1.45139268219435
443	-36.63	-281.4619316	1.4629234428309
444	-35.31	-270.9306696	1.47577738143195
445	-35.87	-275.6561352	1.48690258560504
446	-37.27	-286.8921592	1.50011709336194
447	-36.67	-282.0378504	1.51320521837015
448	-37.41	-287.9597476	1.52469809422393
449	-36.95	-284.2970804	1.53562258488609
450	-35.54	-273.0450676	1.54551497392108
451	-36.78	-282.9535732	1.55745981573128
452	-36.79	-282.8915536	1.56827830735274
453	-36.39	-279.5946932	1.5770951650278
454	-35.97	-276.2408832	1.58595854180646
455	-36.27	-278.551018	1.59678855720774
456	-36.70	-281.969856	1.6062586320492
457	-36.21	-278.2292224	1.61590722343014
458	-36.95	-284.2210916	1.62543923654934
459	-36.20	-278.231242	1.63391565731234
460	-36.66	-281.8779484	1.64188883469545
461	-38.34	-295.325236	1.6496564577022
462	-37.30	-287.5452096	1.65747168667253
463	-37.43	-288.9437588	1.6651177694958
464	-36.50	-281.6693432	1.67269952356815
465	-35.92	-277.7840036	1.67963671091768
466	-37.56	-290.892	1.68693845130469
467	-38.20	-294.383	1.6931449182535
468	-36.74	-281.804	1.70022855404266
469	-36.66	-281.156	1.70539622466004
470	-37.00	-283.868	1.71018484875312
471	-37.27	-286.072	1.7151219474539
472	-37.69	-290.107	1.71978422240511
473	-37.42	-288.4	1.72452854031205
474	-36.99	-285.038	1.7283006889643
475	-36.24	-279.944	1.73119283854943
476	-37.28	-288.2	1.73383592417105
477	-37.38	-286.022	1.73579143200686
478	-37.74	-287.31379370258	1.73761719150317
479	-36.14	-274.513135250116	1.73916903817554
480	-36.87	-280.356871496105	1.74034040279616
481	-37.62	-286.389535942856	1.74123263941073
482	-37.06	-284.124619641606	1.74216298832483
483	-36.51	-280.996195160809	1.74283778463175
484	-37.57	-289.718294355797	1.74323259576062
485	-36.18	-279.971107783601	1.74367806717841
486	-36.70	-284.062591376839	1.74389867722718
487	-37.94	-292.406744932739	1.74379448663268
488	-36.70	-281.6136425857	1.74302044575507
489	-37.89	-291.083817148336	1.74171726070286
490	-35.79	-274.282482054775	1.74034213271597
491	-36.47	-279.788004462671	1.73898004459912
492	-37.69	-289.877487806919	1.7375780511592
493	-37.13	-285.676923448772	1.73591947378227
494	-37.40	-287.911721643268	1.73441679019186
495	-37.08	-285.82662361074	1.73266726192132
496	-36.38	-280.203286448363	1.7308729356953
497	-37.28	-287.437568098217	1.7290494678498
498	-37.32	-287.742446319688	1.72692180313954
499	-36.94	-284.69978139969	1.72466518897867
500	-36.93	-285.734406228311	1.72271225089724
501	-37.32	-289.392587667556	1.72058312326317
502	-37.22	-288.3837660203	1.71835504692955
503	-37.49	-289.608618203415	1.71583558037551
504	-38.19	-295.190249893225	1.71346041745095
505	-37.03	-285.940237043559	1.71133523762895
506	-36.82	-284.247777068974	1.70955658919625
507	-37.55	-289.803198841661	1.70775817430521
508	-37.45	-288.923806529216	1.70604947120399
509	-37.07	-285.772666397333	1.70443302711254
510	-38.20	-294.583862760455	1.70277427321888
511	-36.61	-281.735227655197	1.70129560887208
512	-37.97	-291.940584977307	1.6997951369411
513	-36.25	-278.164684336125	1.69821946345287
514	-37.20	-285.79728712003	1.69696928674494
515	-36.42	-279.147602263602	1.69572618552495
516	-37.81	-290.051256500697	1.69387932733173
517	-37.34	-286.109114370939	1.69179023218587
518	-38.01	-290.901290570454	1.68976002849739
519	-37.91	-290.053848995284	1.68772933075651
520	-37.26	-285.411101947192	1.6847698783588
521	-37.38	-286.40745390359	1.68185321938784
522	-37.78	-289.654345813123	1.6793987760821
523	-36.62	-280.238351967207	1.67666126086847
524	-36.71	-280.909351472502	1.67400993370898
525	-37.17	-285.568192463368	1.67136886813647
526	-37.02	-284.692261243803	1.66839021006031
527	-36.85	-282.90504788412	1.66531778772011
528	-37.84	-289.728156656532	1.6622790986383
529	-36.70	-280.687100813237	1.6600154669481
530	-36.91	-282.574868118533	1.65715715481366
531	-36.32	-277.616076592076	1.65421749888732
532	-37.88	-289.203888533574	1.6514289836717
533	-37.22	-283.939728817417	1.64891779975584
534	-37.57	-286.748079915307	1.64639337392855
535	-37.23	-284.042834292106	1.64400581962062
536	-37.28	-284.474279507711	1.6414615527302
537	-36.17	-275.522146930618	1.63892161337824
538	-36.82	-281.156542040305	1.63642955212734
539	-36.80	-281.061172182266	1.63390843444369
540	-36.56	-279.17690365072	1.63191894665425
541	-37.03	-283.122345765944	1.62977360165026
542	-38.28	-293.773473549411	1.62780022004286
543	-37.04	-283.45737213369	1.62570679363327
544	-36.04	-274.345085672228	1.62398292755608
545	-36.71	-279.68693994078	1.62176589475099
546	-37.63	-287.065874566023	1.6191601131796
547	-37.00	-281.961562088027	1.61676819542625
548	-37.19	-284.084307733333	1.61404984073388
549	-37.20	-285.2376018	1.61162005907786
550	-36.17	-276.947654344589	1.60885156686607
551	-36.51	-279.651106502784	1.60609566352801
552	-37.43	-287.066565726928	1.60345561539154
553	-36.21	-276.940579757433	1.60061744392541
554	-37.01	-282.971360176921	1.59811877425823
555	-37.58	-287.53236724291	1.59540215748862
556	-36.15	-276.105104706893	1.59139557527502
557	-36.25	-276.877099742899	1.58826579646467
558	-36.85	-282.618029017708	1.58539089570551
559	-36.46	-280.473647999013	1.58250151158672
560	-37.39	-287.890375475085	1.58019730003732
561	-36.98	-285.504909665993	1.57754744882461
562	-36.90	-284.860620688667	1.57525537048067
563	-36.24	-278.03111558209	1.5728003337605
564	-36.81	-280.476692054845	1.57026892735894
565	-36.35	-276.832337403769	1.56844140471473
566	-36.39	-277.15568143741	1.56644797625114
567	-36.77	-280.136629834962	1.56424607795956
568	-36.34	-278.050715746241	1.56246735144326
569	-37.51	-287.750666	1.56071333347795
570	-35.56	-272.4752608	1.55882212635017
571	-35.39	-272.332932731919	1.55701909771142
572	-36.16	-278.464846177563	1.55492383824618
573	-36.88	-284.325431775388	1.55300936151282
574	-36.23	-279.270825943227	1.55154600828426
575	-37.52	-289.587478005368	1.55007375824625
576	-36.58	-282.007962261659	1.54847516639215
577	-37.67	-290.768013737575	1.54674660118882
578	-35.62	-273.381369141128	1.54508381300957
579	-36.64	-280.633515646172	1.54337948839334
580	-36.60	-280.332001692164	1.5416120572766
581	-36.50	-281.55178800152	1.53993266345333
582	-37.45	-289.417346368529	1.53848970267197
583	-36.01	-276.96386485511	1.53694704742118
584	-36.79	-281.15268542443	1.53539163048143
585	-37.02	-282.9715424	1.53403037940409
586	-36.06	-275.29821149846	1.53249350268337
587	-36.94	-282.29573272788	1.53131144054953
588	-36.13	-275.376947041917	1.52993944782153
589	-36.52	-277.254341333333	1.52875417368685
590	-37.42	-284.432443962467	1.52766119281645
591	-36.50	-278.330453716357	1.52675768956662
592	-37.34	-285.419298520555	1.52595082540655
593	-37.27	-284.844322133333	1.52510333124565
594	-36.68	-280.156133734544	1.52440482212455
595	-35.73	-272.576810353604	1.5237023991736
596	-36.82	-281.255984	1.5231276351858
597	-36.84	-281.423583077437	1.52263407955869
598	-36.50	-278.669632119077	1.5219160059509
599	-37.37	-289.732281940432	1.52102050114811
600	-35.73	-276.758932723641	1.52002007639129
601	-36.57	-283.446947674314	1.51891008699375
602	-36.39	-278.047343209563	1.51796038403606
603	-37.53	-287.155425715114	1.51698976053602
604	-37.06	-283.374106466148	1.51600980852859
605	-35.93	-274.351752790134	1.5153056401562
606	-37.21	-284.5538286999	1.51448274472034
607	-36.78	-278.964408310975	1.51365436799068
608	-37.70	-285.90653305385	1.51281243150905
609	-36.47	-276.845963025751	1.51207366516779
610	-36.36	-277.382980302735	1.51143993149914
611	-37.06	-282.991011889133	1.51078238156927
612	-37.22	-285.146779261212	1.51013303643262
613	-36.56	-280.063684563804	1.50951297637145
614	-36.72	-281.380968	1.50897632805481
615	-36.68	-281.063536916979	1.50824511176637
616	-36.67	-280.931511860849	1.50742809044258
617	-37.12	-285.118454124575	1.50670720856713
618	-36.44	-279.89387598992	1.50606144621944
619	-36.60	-280.960166953547	1.50535763161914
620	-37.30	-285.870331219649	1.50445024077155
621	-37.19	-285.007515630046	1.50354523814202
622	-36.66	-281.040730153392	1.50261420268555
623	-36.82	-282.326649787706	1.5015073908341
624	-36.90	-282.981315169751	1.50031014129165
625	-36.58	-280.465476031406	1.49896220431623
626	-36.55	-279.933412728734	1.49713745957219
627	-36.55	-279.21905597871	1.49514029558429
628	-35.33	-269.413260919851	1.49315003265418
629	-36.62	-279.584073798121	1.49096924750651
630	-36.69	-280.036708619474	1.48845327237283
631	-37.53	-286.804117041414	1.48597146948013
632	-37.89	-290.055459780363	1.48371055176089
633	-37.81	-289.383785432593	1.48138686686286
634	-36.41	-278.193539418095	1.47890388895219
635	-36.71	-280.585216266667	1.47604008860138
636	-36.40	-277.909131983122	1.47277116522578
637	-37.14	-282.836404272111	1.47001894988708
638	-36.26	-275.762282385938	1.46734420461975
639	-36.47	-277.650124426626	1.46444507758852
640	-36.68	-279.909403812306	1.4620896464076
641	-37.19	-284.297888812946	1.45964710442637
642	-37.90	-290.776987479108	1.45637619231653
643	-36.56	-280.04858141728	1.4533754319059
644	-35.83	-274.271036423205	1.45012922446406
645	-36.35	-278.43617974593	1.4470241710812
646	-36.79	-281.854968803115	1.44403192399284
647	-36.21	-276.844020149777	1.44130293310133
648	-37.10	-283.992323634397	1.43837124014551
649	-36.76	-281.2329197101	1.43556336508357
650	-37.30	-285.5304032	1.43255134837584
651	-37.20	-284.884198206011	1.42934982894034
652	-36.40	-279.291854442849	1.4261214966687
653	-36.26	-278.195839344336	1.42315350727592
654	-37.14	-285.214431635642	1.42011756927407
655	-37.29	-286.412294739811	1.41710967088393
656	-37.53	-288.22676994121	1.41447436783318
657	-37.26	-285.719837075301	1.4116097958628
658	-36.60	-280.422167252158	1.4090456534342
659	-36.33	-277.122824015783	1.40631950123475
660	-37.18	-283.54002330289	1.4038360429832
661	-35.85	-273.155698574599	1.40107088338849
662	-37.03	-283.349167840053	1.39888815629845
663	-36.56	-279.542470220466	1.39681422388061
664	-36.20	-276.677724483674	1.39494784557197
665	-36.29	-277.38839868789	1.39251774304359
666	-36.99	-282.931496832711	1.39035199148443
667	-36.28	-276.972561186844	1.38846738549712
668	-37.08	-283.300494995911	1.38665495044278
669	-36.52	-279.235868408178	1.38537279903558
670	-36.37	-278.260426589333	1.38385787551167
671	-35.52	-271.563747726933	1.38252284263568
672	-37.74	-290.118328386133	1.38127839625718
673	-36.15	-277.369602353778	1.38023403522167
674	-36.28	-278.441573762844	1.37941919684614
675	-36.87	-283.181003761778	1.37863668464892
676	-36.27	-278.379729355378	1.37797344597444
677	-37.65	-289.372225360533	1.37731723679224
678	-36.27	-278.542883859911	1.3764294460475
679	-35.76	-275.587928836978	1.37567392259353
680	-36.81	-284.003575275378	1.37488063684964
681	-36.80	-282.774765555911	1.37383547302951
682	-36.68	-281.122314377244	1.37275320955299
683	-37.48	-287.533081178311	1.3715886360307
684	-37.15	-284.341996764444	1.37045345316729
685	-37.78	-289.012432813511	1.36937292707477
686	-37.26	-284.886210157511	1.36837661826786
687	-37.29	-285.095177340444	1.36727140572884
688	-37.07	-283.379929080533	1.36573880651045
689	-36.24	-277.0055954	1.36389278458694
690	-37.82	-289.698350568533	1.36208341782858
691	-37.53	-286.667305457778	1.35993511305189
692	-37.91	-289.312835908978	1.35788958938824
693	-36.56	-278.591403335111	1.35571894285544
694	-37.47	-287.292111394844	1.35291641620337
695	-37.26	-285.540418168178	1.35010422782276
696	-37.88	-290.512725988267	1.34710350003527
697	-37.84	-290.191211132444	1.34291189565636
698	-38.21	-292.905553440711	1.33916008900998
699	-38.43	-293.512618012444	1.33502853523818
700	-38.82	-296.638087753244	1.33118760934979
701	-37.74	-287.6573480944	1.32715872751554
702	-38.17	-288.3827462336	1.32368629300296
703	-37.38	-282.0485670784	1.31996586020572
704	-38.61	-294.5861206688	1.31646046074486
705	-38.55	-295.780768808533	1.31259035235569
706	-38.39	-294.494888676267	1.3084374772768
707	-38.37	-294.3234740256	1.30453865822933
708	-38.73	-297.2004055184	1.30054134291673
709	-38.83	-297.217598456	1.29685092712617
710	-38.15	-291.267638020267	1.29260337026822
711	-38.77	-296.9996182	1.28831640311257
712	-39.17	-303.222913796267	1.28395386499313
713	-39.03	-302.1540850496	1.27982453968465
714	-38.15	-294.5477792256	1.27588252772714
715	-38.46	-296.7007830112	1.27185814589248
716	-38.85	-299.6950873984	1.26775291943785
717	-39.30	-302.2224983808	1.26345760598035
718	-38.8229773692	-298.3838189536	1.25936502526007
719	-38.34	-294.5451395264	1.25577616073316
720	-38.61	-296.644499625956	1.25278320629908
721	-38.62	-296.743365018667	1.24998678914131
722	-38.07	-294.133717292267	1.24777977083143
723	-39.02	-301.768209020267	1.24639090131451
724	-38.14	-293.707798584889	1.24516989314223
725	-38.21	-293.007691081956	1.24433087246095
726	-39.37	-302.294961723022	1.24375207684883
727	-38.17	-293.475254143289	1.24312414681991
728	-39.09	-300.816979600356	1.2431
729	-38.58	-296.754709196089	1.2435741596275
730	-39.01	-300.175397855289	1.24388685678601
731	-38.77	-298.288005703822	1.24424999298127
732	-38.05	-291.806768882489	1.2449914065271
733	-38.95	-298.985576782222	1.24575800606966
734	-38.22	-293.589358427022	1.24679096789199
735	-38.72	-298.050274281956	1.24824425979788
736	-39.35	-303.119274855822	1.25010838011952
737	-38.47	-294.581976930133	1.25237167029681
738	-38.44	-294.296297447111	1.25495867715909
739	-38.79	-297.118400937244	1.25748838441305
740	-38.16	-292.061647556978	1.26022309296443
741	-39.06	-299.261337342578	1.26291151197733
742	-38.38	-289.107126823111	1.26536561155927
743	-38.76	-292.018305212444	1.26842078611201
744	-39.06	-297.410952764444	1.27074952657339
745	-38.46	-295.589337340444	1.27324731279492
746	-38.33	-294.575400615111	1.27553894774799
747	-38.53	-298.266905626311	1.27745239471601
748	-37.93	-293.721026746311	1.27946529272558
749	-38.46	-297.962827215644	1.28127040095398
750	-38.57	-298.854308903111	1.28279879800378
751	-38.75	-300.329176135111	1.28442825459296
752	-38.23	-293.298298727111	1.28611080209756
753	-38.30	-293.534699388444	1.28764988435756
754	-38.10	-292.622475166933	1.28941052050476
755	-37.89	-291.227765717333	1.29104916458339
756	-37.52	-287.778194	1.29267072455631
757	-37.71	-287.810023466667	1.2942605231611
758	-37.67	-287.4508007264	1.29597526414122
759	-38.02	-290.246032792	1.29772360069182
760	-37.94	-289.6343395376	1.29898613600158
761	-37.47	-286.3207052784	1.30040965426312
762	-37.67	-289.1707088624	1.30156129643542
763	-36.46	-279.485833504	1.30265722385325
764	-37.76	-290.4287094272	1.30350047132932
765	-37.51	-288.7129409472	1.30414366219305
766	-37.53	-288.4177911104	1.3047
767	-37.77	-288.532050619733	1.3047
768	-37.58	-287.0579930432	1.3046737605831
769	-37.89	-289.5357156	1.30453772969396
770	-39.03	-298.6716459648	1.30434959663818
771	-38.82	-296.9711903552	1.30393181165022
772	-37.97	-291.770028637333	1.30350785329645
773	-37.91	-291.248526255644	1.30285528699308
774	-38.82	-298.606001346844	1.30215512089011
775	-37.91	-291.552326919111	1.30115318383034
776	-38.75	-298.418525110044	1.30019642881931
777	-38.26	-295.261252218311	1.29930447868822
778	-38.92	-300.583929212444	1.29822302019644
779	-38.21	-294.891061866667	1.29715109117453
780	-38.05	-293.602368533333	1.29611937902687
781	-37.98	-292.984844417067	1.29503744396115
782	-38.13	-293.974136275911	1.29383648283212
783	-38.63	-297.958919200711	1.29269921964407
784	-38.67	-299.014342274844	1.29175255759273
785	-39.34	-305.018946637333	1.29080628175513
786	-38.72	-300.099263365333	1.28961745382882
787	-39.01	-299.599874993778	1.28875306838366
788	-38.59	-296.092165449244	1.28777998948267
789	-38.6877520775556	-296.902016620444	1.28676603255959
790	-38.79	-297.711867791644	1.2857967212841
791	-38.7668139853528	-297.534511882822	1.2849424621559
792	-38.74	-296.965155974	1.28410792645052
793	-39.00	-298.973901066133	1.28321767639446
794	-38.83	-298.5099978572	1.2823147976798
795	-38.20	-294.3184966096	1.28141303712482
796	-38.81	-299.156231696533	1.2804950005255
797	-39.05	-298.4056823832	1.27936142856808
798	-39.36	-300.864013509867	1.27822322589293
799	-38.98	-297.8066550736	1.27701837848697
800	-39.21	-299.670134802667	1.27566307444059
801	-39.59	-302.7128759248	1.27414417267111
802	-39.47	-297.6853565072	1.2725774563479
803	-39.46	-297.3576737756	1.27109470594011
804	-39.86	-303.256468163733	1.26932386551663
805	-39.71	-305.2894546576	1.26748706973329
806	-39.89	-306.735301957867	1.26549320440219
807	-39.02	-301.259702864356	1.26347116203196
808	-39.22	-302.938792969067	1.26113675580512
809	-39.84	-307.929521230933	1.25908719206203
810	-39.61	-306.084678345956	1.25686779656428
811	-40.59	-313.901732140089	1.25461098275537
812	-40.05	-308.519400421689	1.25218930877169
813	-40.81	-314.595435566222	1.24980035148317
814	-39.85	-307.195708654222	1.24722105049267
815	-40.58	-313.369678561422	1.24454881868413
816	-40.68	-314.113148720356	1.2416972522981
817	-40.54	-312.741441285689	1.23905578465454
818	-40.00	-308.421071222756	1.23608657348529
819	-41.51	-320.499391126756	1.23343287378098
820	-40.28	-310.604028982756	1.23079910370245
821	-40.35	-311.228116547556	1.22806526661652
822	-41.16	-318.449542663822	1.22501078225856
823	-40.84	-315.9470291888	1.22202806773658
824	-41.09	-317.954048554	1.21930493899185
825	-40.95	-316.147273826667	1.21642072510589
826	-40.97	-316.2995438128	1.21349379841743
827	-41.28	-316.4456548464	1.21043895212781
828	-41.57	-318.6797947184	1.20706639775495
829	-41.32	-316.626454502933	1.20401082705114
830	-41.32	-316.654567375467	1.20105072963636
831	-41.18	-315.52749084	1.19795038328563
832	-40.90	-313.6042679728	1.1948737208585
833	-41.73	-320.2142697044	1.19185972707338
834	-41.63	-320.8020802644	1.18897030305569
835	-40.16	-310.6620265716	1.18586537311843
836	-41.63	-322.450007859733	1.18324392466872
837	-41.52	-319.597396845333	1.18044865716104
838	-41.58	-320.065703576	1.17785162591197
839	-41.42	-318.7959919408	1.17545229953011
840	-40.91	-314.697441691022	1.17282586475777
841	-41.59	-320.092220155022	1.17073043760693
842	-41.17	-316.329401938489	1.16868095660683
843	-41.19	-316.409741245156	1.16685848497354
844	-41.07	-316.907787867022	1.1650774507099
845	-41.38	-321.230204447289	1.1633084522878
846	-41.37	-321.161010290489	1.16200587678213
847	-41.00	-317.474836792889	1.16088839120891
848	-41.20	-318.962063625956	1.1598661059158
849	-41.60	-321.784813068089	1.15893862818442
850	-41.76	-322.502235888356	1.158052030184
851	-40.93	-315.833231785067	1.15741596148627
852	-41.88	-322.798870337422	1.15683531931568
853	-40.90	-314.906077637689	1.15643721015253
854	-41.42	-320.055864705422	1.15618568323863
855	-41.28	-320.272148031289	1.15615595754339
856	-41.15	-319.185082132622	1.15623475166809
857	-41.18	-319.405200854756	1.15639521163967
858	-40.90	-317.1915435808	1.15685772860089
859	-41.50	-322.5362407896	1.15755879436645
860	-41.82	-325.886860811733	1.15867255682945
861	-41.44	-322.8488239392	1.1601990049451
862	-41.49	-319.749970384	1.16168170013075
863	-41.50	-319.8034118048	1.16364429575697
864	-41.64	-321.2803443872	1.16620963723511
865	-41.27	-318.6953643232	1.16847808228965
866	-41.54	-320.799506494933	1.17112581042697
867	-41.84	-324.384806541867	1.17387703499499
868	-41.70	-323.325686347733	1.17689531623191
869	-41.54	-322.034365985067	1.17981689930855
870	-41.80	-324.072709236267	1.18238808995817
871	-41.4144967970167	-321.015974376133	1.18470953513206
872	-41.03	-315.059239516	1.18673557886685
873	-41.95	-322.3864847466	1.18844446175674
874	-41.13	-316.4590124334	1.1897735631613
875	-41.19	-317.598491446	1.19065094421273
876	-40.83	-314.701434884267	1.19107805991705
877	-41.24	-318.220386294933	1.19124766350018
878	-41.11	-317.195891274667	1.19122997552386
879	-41.30	-318.691618112	1.19091473941529
880	-41.34	-319.008627829333	1.19041369137352
881	-41.19	-317.8266655616	1.18980957127789
882	-41.28	-320.02154075	1.18916624713568
883	-41.55	-322.175869966933	1.18842983523341
884	-41.25	-319.404801383467	1.1875133013878
885	-41.3007137309167	-319.505709847333	1.18648777893762
886	-41.35	-319.9356183112	1.18539285072387
887	-41.17	-318.0582197184	1.1841634845547
888	-41.25	-318.7319269408	1.18295857115867
889	-40.53	-312.9626562208	1.1815483642526
890	-41.41	-319.9841691232	1.17986508533753
891	-41.40	-319.916502128	1.17807776656842
892	-40.94	-314.6105189856	1.17640009338259
893	-41.81	-321.6008796544	1.1741662348558
894	-41.92	-323.7166151336	1.17190732162718
895	-41.37	-320.4755437352	1.16988531595039
896	-41.07	-318.0995721736	1.16737092307961
897	-41.22	-316.7383954408	1.16475054976558
898	-41.65	-320.2072411688	1.16249181499794
899	-41.30	-317.3735921192	1.15994069997108
900	-41.73	-320.8098054888	1.15759287756959
901	-41.49	-318.9267786952	1.15499130927438
902	-41.15	-317.0416843496	1.15261078824084
903	-41.26	-317.98	1.15018567146819
904	-41.26	-317.8119401608	1.14795084836099
905	-41.47	-319.277164436	1.14576964002966
906	-41.10	-316.2787817256	1.14410097947731
907	-41.75	-321.533418708	1.14246208774088
908	-41.52	-319.6278209096	1.14088483306043
909	-41.77	-321.646315428	1.1396365780149
910	-41.90	-322.6985784488	1.138512413395
911	-41.40	-318.7396375936	1.13753755013502
912	-41.00	-315.5644948288	1.13664522501527
913	-41.62	-320.5235495296	1.13570832225744
914	-41.63	-321.019017568	1.13504021285848
915	-41.53	-320.8085500416	1.13398054444073
916	-41.92	-323.9215552768	1.13319294538652
917	-41.31	-318.758621824	1.13259512595562
918	-41.55	-320.616095584	1.13214945273923
919	-41.74	-322.1518161536	1.13173214465097
920	-41.97	-323.9606953152	1.13144232223155
921	-41.50	-320.2086542336	1.13133683486393
922	-41.82	-325.1165067264	1.13150946339802
923	-42.01	-326.8460643712	1.13160164836723
924	-41.87	-324.853068448	1.13179278817872
925	-41.79	-322.911386016	1.13212364044402
926	-41.00	-316.6250348288	1.13258864439058
927	-40.50	-310.5819908032	1.13301056882379
928	-41.61	-319.2910583744	1.13336837098573
929	-41.48	-318.2695115488	1.13383106049879
930	-41.01	-314.4517603808	1.13434760438932
931	-40.94	-313.892165328	1.13451879936682
932	-40.95	-314.3790411616	1.13469560452955
933	-41.54	-319.1383610208	1.13461334741476
934	-41.75	-321.0618894752	1.1344478082461
935	-41.64	-320.62782008	1.13427030174186
936	-41.86	-322.3634688032	1.13401878954775
937	-41.29	-319.4088305952	1.13365963687631
938	-41.02	-317.4764526688	1.13328588810037
939	-41.24	-319.1983868576	1.13314301491194
940	-40.63	-314.3172093984	1.1333
941	-41.26	-319.35054056	1.13330874186363
942	-40.93	-312.8688952736	1.13368788475818
943	-41.10	-313.9978601632	1.13403741392968
944	-41.32	-316.3015686944	1.13450040997049
945	-41.2288926237	-316.2311409896	1.13505125248839
946	-41.14	-315.5007132848	1.13577578322491
947	-41.21	-318.446	1.13641920857637
948	-41.12	-317.932914471467	1.13703060430279
949	-41.11	-317.850408932267	1.13774622163871
950	-41.23	-318.832393050667	1.1383206685179
951	-41.04	-317.309316493867	1.13886571704077
952	-40.85	-315.055147457067	1.13913978667009
953	-41.44	-319.593643169067	1.13926356240887
954	-41.73	-322.196425812267	1.1393
955	-41.80	-323.329166244267	1.13919539600812
956	-41.52	-321.029412423467	1.13886728169366
957	-41.93	-325.623748701867	1.1383330429341
958	-41.35	-321.201638599467	1.13787971137089
959	-41.32	-320.996909300267	1.1373202893058
960	-41.98	-326.212679623467	1.13693446797398
961	-41.58	-323.003901850667	1.1369
962	-41.36	-319.391073639467	1.13703593583753
963	-42.30	-326.630215419733	1.13741706844208
964	-41.96	-323.845113704533	1.13817669857489
965	-41.53	-320.4345397312	1.13918182206719
966	-40.98	-316.0007180928	1.14065151073496
967	-41.79	-321.6577956544	1.14257193240393
968	-41.65	-320.433388032	1.1445098417598
969	-41.70	-320.8001224448	1.14671594717395
970	-41.55	-319.6083164672	1.14924611791489
971	-41.85	-322.0009528448	1.15165053107817
972	-41.52	-320.275256	1.15444607040519
973	-41.44	-319.7808549056	1.15713452885262
974	-41.00	-316.6071967744	1.15989338760544
975	-40.87	-316.1258828224	1.16255544459434
976	-41.43	-320.6250425728	1.16525374976983
977	-41.40	-319.2216049216	1.16794743988766
978	-41.15	-316.92876016	1.17066311762334
979	-41.20	-317.3377864448	1.17320705613687
980	-41.06	-316.2071730784	1.17577948320665
981	-41.33	-318.3141284608	1.17842189474149
982	-41.19	-316.6081253408	1.18149995694054
983	-41.41	-318.1445861952	1.18477146005391
984	-41.35	-318.4158862432	1.18805472887974
985	-42.50	-329.8850643424	1.19245688722512
986	-41.98	-325.7443917888	1.19643438789887
987	-40.75	-314.9302614336	1.20050221593095
988	-41.20	-318.220502416	1.20502705328929
989	-40.40	-311.8135966592	1.20946240431979
990	-41.12	-317.5352188896	1.21402377892864
991	-40.81	-315.0656379168	1.21869875878274
992	-40.68	-313.9935450976	1.22316954430706
993	-41.32	-319.0872741488	1.22758075113165
994	-41.10	-317.495891144	1.23206410454726
995	-40.65	-314.506751512	1.2366669424198
996	-41.18	-318.737084824	1.24113404069258
997	-41.32	-318.5226320112	1.24525824794548
998	-41.13	-316.421690808	1.2491656154255
999	-41.17	-316.7609709616	1.25267402781124
1000	-41.25	-317.3931579408	1.2566588193548
1001	-41.63	-320.4302959632	1.26013332245774
1002	-40.97	-314.984219606197	1.26373846621586
1003	-41.25	-317.110432311532	1.2674296064888
1004	-41.26	-317.296813120392	1.27116611718622
1005	-40.87	-315.06286146035	1.27520954168829
1006	-41.14	-317.214074165685	1.27879337780746
1007	-40.64	-311.532138618963	1.28245944070378
1008	-40.73	-311.369777459184	1.28597908940673
1009	-40.74	-311.382327516427	1.2889142240521
1010	-40.43	-308.961549263555	1.29200182114992
1011	-40.70	-311.116804280985	1.29513276300182
1012	-40.77	-313.386358497016	1.2980758650644
1013	-40.34	-310.797741174951	1.30075972845941
1014	-40.44	-311.593030186901	1.30329706150901
1015	-40.68	-313.344254223742	1.30566578236978
1016	-40.89	-315.004420458194	1.30767472206678
1017	-40.36	-310.887318053995	1.30928781057953
1018	-40.77	-314.231681503486	1.31068873556479
1019	-41.08	-316.732459756358	1.31227530113952
1020	-40.81	-314.594220229222	1.31381997438138
1021	-41.45	-319.721088409929	1.31534784243085
1022	-41.21	-316.702102755367	1.31674929969034
1023	-41.59	-319.1591390396	1.31794542083424
1024	-41.38	-318.10067662048	1.31931441291176
1025	-40.85	-316.830890673058	1.32048008754627
1026	-40.91	-317.249598647176	1.32114702614384
1027	-40.74	-316.248674953792	1.3214951692769
1028	-40.88	-317.557683271368	1.32139426672839
1029	-40.65	-315.115267621424	1.32081921127073
1030	-41.20	-316.407058973684	1.31970626964159
1031	-40.76	-312.877342300371	1.31782939049705
1032	-40.71	-312.513378062773	1.31606653457938
1033	-40.44	-310.321508012991	1.31335528534135
1034	-41.45	-318.670562318637	1.31034783727391
1035	-40.72	-314.126852436425	1.30725880515923
1036	-41.18	-317.835997394125	1.30412467521377
1037	-40.36	-311.022920616275	1.30179479430283
1038	-40.74	-313.820601336376	1.29929167363553
1039	-40.28	-310.124366591054	1.29650029135108
1040	-40.38	-310.902933524853	1.29405845326592
1041	-40.08	-308.524396808405	1.29162945371368
1042	-40.28	-310.349840964706	1.28951571090412
1043	-40.01	-308.381954627661	1.28761786995515
1044	-39.66	-305.603272879759	1.28542781278646
1045	-39.40	-305.011978536724	1.28327223282467
1046	-39.43	-305.251998785675	1.28157836290667
1047	-39.59	-303.620134039537	1.2797528631111
1048	-40.25	-305.530525455686	1.27826767051374
1049	-40.17	-304.830971239655	1.27590871679197
1050	-39.85	-304.747219808585	1.27364786476059
1051	-39.91	-305.368266279468	1.27087543394711
1052	-40.47	-309.831537932049	1.26837185417548
1053	-39.72	-303.827676924061	1.26621114752693
1054	-40.01	-306.188666737411	1.26373592278663
1055	-39.39	-304.670517862329	1.26150888998851
1056	-40.45	-313.33856475385	1.25902444270124
1057	-40.34	-311.198910423334	1.2565620846876
1058	-40.24	-308.885848462156	1.25431177492041
1059	-39.84	-305.696796687629	1.25190906501285
1060	-40.53	-311.221315040064	1.24949034486674
1061	-39.89	-306.091328863671	1.24743370292315
1062	-40.79	-313.981325125521	1.24564679865528
1063	-40.44	-311.919489070259	1.24424152053178
1064	-40.69	-313.910278654637	1.24313462059086
1065	-40.93	-315.723841188243	1.24254870924179
1066	-40.86	-315.209387086698	1.2418865434353
1067	-41.01	-316.125310780083	1.24157315619891
1068	-41.34	-318.545019899057	1.2416010804289
1069	-41.46	-319.494351223103	1.24235534830926
1070	-41.83	-322.457456641233	1.24326615119409
1071	-40.83	-314.467694602874	1.24396253850845
1072	-40.94	-314.593841188243	1.24479535528097
1073	-40.90	-313.522994946331	1.24626884372594
1074	-40.92	-313.627671939861	1.24779063201753
1075	-41.09	-316.051880486407	1.24960887665165
1076	-41.08	-315.930188002583	1.25142586601627
1077	-40.79	-312.731102233536	1.25332300905886
1078	-41.49	-317.428382203692	1.25533759812041
1079	-41.48	-317.305342282503	1.25736850420009
1080	-41.09	-314.233940679704	1.25923930095392
1081	-41.56	-317.964896498533	1.26077245050409
1082	-41.74	-319.954851172506	1.26139886535203
1083	-41.11	-315.446279176469	1.26154581197302
1084	-41.37	-317.532391767317	1.26129501085256
1085	-41.15	-316.272437093344	1.26066859270069
1086	-40.73	-312.95487757367	1.26008272335062
1087	-40.93	-315.007170744408	1.25930994949615
1088	-40.82	-314.625712484075	1.25820394516206
1089	-40.27	-310.263498633884	1.25676323884727
1090	-40.82	-314.678262541318	1.25501574369572
1091	-41.03	-316.327148081394	1.25302646364633
1092	-40.58	-311.60491156819	1.25064546385245
1093	-41.38	-316.930253499524	1.24730380576873
1094	-41.04	-314.239909699115	1.24370431437157
1095	-40.90	-314.444112942018	1.23961240919684
1096	-41.20	-316.923060443272	1.23563290008839
1097	-41.52	-320.180932260935	1.2311510172925
1098	-41.26	-318.766523485417	1.22657560021538
1099	-41.52	-320.884551452074	1.22150078696508
1100	-41.21	-318.36760395082	1.21657570492101
1101	-41.15	-317.897615282327	1.21192174515251
1102	-40.40	-311.0301350832	1.20736131742477
1103	-40.77	-313.941536685999	1.20378087619192
1104	-40.84	-313.854075411735	1.19955113474948
1105	-40.86	-313.349598647176	1.19559344184703
1106	-40.65	-311.680078425666	1.19144980258769
1107	-41.00	-314.998929971222	1.18660101028558
1108	-39.90	-306.161317532164	1.18255359454727
1109	-40.47	-310.245858547613	1.17893118023968
1110	-40.73	-311.877282813425	1.17533092074196
1111	-40.09	-306.754456944814	1.1717065959158
1112	-40.15	-307.328911046359	1.16806281823567
1113	-40.47	-309.826070108091	1.16464464595831
1114	-40.05	-306.946383652129	1.16119188076066
1115	-40.52	-311.183931840297	1.15744322718896
1116	-40.71	-312.679632641697	1.15276469808073
1117	-40.64	-310.840078425666	1.14788897796115
1118	-40.44	-309.236504560553	1.14285346966444
1119	-40.37	-309.087585025957	1.13757747512902
1120	-40.74	-312.4885635078	1.13315556994246
1121	-40.72	-312.331759577983	1.12790318482102
1122	-40.60	-311.071147559563	1.12293584827529
1123	-40.71	-311.971971138461	1.1180517833559
1124	-41.09	-315.782999677547	1.11330466740855
1125	-40.95	-315.388729742251	1.10756666824239
1126	-40.63	-312.875401432136	1.10229873811203
1127	-40.63	-310.455189871658	1.09656169511108
1128	-41.14	-314.524853664606	1.09071776158631
1129	-40.86	-312.408014022985	1.08473426309864
1130	-40.67	-311.072840043387	1.07848381481893
1131	-41.44	-317.245631917478	1.07246584197427
1132	-40.22	-306.591449772095	1.06636619511523
1133	-40.27	-306.980670273173	1.0602649312234
1134	-40.46	-308.907005756007	1.0541620494794
1135	-40.74	-311.585022391157	1.0481328095249
1136	-40.26	-307.809601139276	1.04277628811074
1137	-40.45	-307.60125962858	1.03677507760889
1138	-40.50	-308.023163672882	1.0307595327865
1139	-39.76	-302.104614339858	1.02498592875984
1140	-39.99	-303.910303809751	1.01883345079322
1141	-39.83	-302.627153065594	1.01263479167716
1142	-39.91	-300.302876530007	1.00676936113349
1143	-40.19	-302.51430079582	1.00098509661324
1144	-39.92	-302.136918842103	0.99499177585817
1145	-39.78	-302.720995148719	0.98915965472196
1146	-39.78	-302.72907977291	0.98392121804035
1147	-39.96	-303.716695950118	0.97850845933306
1148	-39.40	-299.16491655239	0.97318017727332
1149	-39.23	-298.88856973805	0.96714101098098
1150	-39.29	-300.456219909778	0.96145113937786
1151	-39.23	-299.96020681039	0.954700603484
1152	-38.85	-295.496043589871	0.94855922086056
1153	-39.06	-297.209183002521	0.9433400537921
1154	-39.09	-297.81853698958	0.93764297770791
1155	-38.70	-295.130966138399	0.9314926462591
1156	-39.19	-299.010218141897	0.92543680071092
1157	-39.18	-296.862133517706	0.92012493779985
1158	-38.97	-295.150532023248	0.91431496430726
1159	-39.05	-296.62987845597	0.9093616626633
1160	-39.39	-300.243374246585	0.90376719870617
1161	-39.43	-300.554287231488	0.89795419801349
1162	-39.40	-300.579251278277	0.892234531105
1163	-39.52	-301.55257208465	0.88636607755407
1164	-39.77	-303.647352346809	0.88103027084605
1165	-39.41	-300.756276904625	0.8756732691215
1166	-39.93	-304.971086138085	0.87061468889917
1167	-39.85	-304.482538666667	0.8649866885172
1168	-39.16	-298.982042666667	0.86005049808061
1169	-39.68	-301.957242666667	0.8550415430409
1170	-39.94	-302.899242666667	0.84968944671053
1171	-39.47	-299.176922666667	0.84434855234713
1172	-40.14	-306.281946666667	0.83932719768941
1173	-40.11	-306.107402666667	0.83474982371141
1174	-40.33	-307.552010666667	0.83019901534846
1175	-40.16	-305.994570666667	0.82615432566754
1176	-39.99	-304.617834666667	0.82271520231278
1177	-40.36	-307.679402666667	0.81933989350536
1178	-40.09	-305.559066666667	0.81648652658548
1179	-40.14	-310.205466666667	0.81423461768778
1180	-40.26	-315.278650666667	0.8122664968559
1181	-39.86	-312.104458666667	0.8112819775784
1182	-39.76	-302.799658666667	0.81079956649362
1183	-40.14	-305.793130666667	0.81063584779204
1184	-39.88	-305.005178666667	0.81081505650671
1185	-40.05	-307.693098666667	0.81130290711312
1186	-39.58	-303.930298666667	0.81218183000376
1187	-39.86	-305.016122666667	0.81333620362047
1188	-39.64	-303.196986666667	0.81490406915787
1189	-40.09	-306.407882666667	0.8165987869269
1190	-40.38	-308.303450666667	0.81843700456314
1191	-40.23	-307.165546666667	0.82029219972667
1192	-39.93	-305.871866666667	0.82235420921578
1193	-39.80	-304.837770666667	0.82468977368281
1194	-39.84	-304.989450666667	0.82727315826068
1195	-40.01	-306.163082666667	0.82995974441775
1196	-40.17	-304.367434666667	0.83264252257199
1197	-39.87	-301.985418666667	0.8349517975056
1198	-40.09	-303.736218666667	0.83714538607901
1199	-40.18	-305.507434666667	0.83896346208275
1200	-39.68	-302.656298666667	0.84024977520631
1201	-40.04	-306.092858666667	0.84103067994319
1202	-40.14	-307.458378666667	0.84127460956916
1203	-39.81	-304.802149333333	0.84136904066929
1204	-40.03	-306.244373333333	0.84084594847328
1205	-39.63	-302.777797333333	0.83975756901586
1206	-39.50	-301.687989333333	0.83830316028037
1207	-39.72	-303.282357333333	0.83635347193101
1208	-39.50	-301.478453333333	0.83378202497551
1209	-39.64	-304.607797333333	0.83121364992239
1210	-39.75	-307.419466666667	0.82800856509732
1211	-39.55	-305.792170666667	0.82447901902598
1212	-39.94	-305.733418666667	0.82076744750187
1213	-39.51	-302.292618666667	0.81635299375929
1214	-39.77	-304.374714666667	0.81237853762167
1215	-39.74	-304.198026666667	0.80847305876284
1216	-39.86	-305.161450666667	0.80389138457717
1217	-39.47	-301.960682666667	0.79929802653822
1218	-39.19	-299.701898666667	0.79453484001364
1219	-39.08	-299.068010666667	0.78987541478353
1220	-39.15	-299.791552	0.78475784713055
1221	-39.05	-298.973856	0.77911181566495
1222	-39.25	-300.117344	0.77372387098221
1223	-39.31	-300.619296	0.76865230322814
1224	-39.35	-300.63504	0.76304917501289
1225	-39.55	-301.87328	0.75685697208829
1226	-39.65	-302.699072	0.75083650681988
1227	-39.79	-304.8568	0.74508257730327
1228	-39.46	-302.160832	0.739946102207
1229	-39.56	-302.352816	0.7336983514566
1230	-39.88	-304.261152	0.72703689691605
1231	-40.41	-308.49536	0.72098725053691
1232	-39.86	-304.75504	0.71497848817835
1233	-39.46	-301.560832	0.70873255325406
1234	-39.69	-303.440528	0.70195664455454
1235	-40.04	-306.307936	0.6954964648225
1236	-40.28	-308.328976	0.68826226844676
1237	-40.42	-313.292512	0.68185638699411
1238	-40.79	-316.204373333333	0.6756912989127
1239	-40.93	-315.355429333333	0.66963684309312
1240	-40.31	-308.458773333333	0.6636870384202
1241	-39.83	-304.613173333333	0.65711570752036
1242	-40.08	-306.429077333333	0.65101031674707
1243	-39.88	-304.801781333333	0.64510771444455
1244	-40.06	-307.033349333333	0.63946503402105
1245	-39.83	-305.929365333333	0.63427029027792
1246	-39.47	-303.067669333333	0.62925935411911
1247	-39.66	-302.544949333333	0.62427614312022
1248	-39.63	-302.318261333333	0.61942223074823
1249	-39.01	-297.437797333333	0.61511784992357
1250	-39.35	-300.232341333333	0.61141419109076
1251	-39.93	-304.814677333333	0.60755929963021
1252	-39.43	-300.574329333333	0.60415795547843
1253	-39.11	-297.956917333333	0.6012214153202
1254	-38.73	-296.120917333333	0.59841030025052
1255	-38.99	-299.433973333333	0.59583516893436
1256	-39.19	-301.015392	0.5936757778181
1257	-38.64	-294.843552	0.59185438133215
1258	-39.01	-297.750016	0.59073971708279
1259	-39.02	-298.255264	0.58988680401195
1260	-39.32	-301.05168	0.58947816909114
1261	-38.86	-297.40848	0.58954294963407
1262	-39.22	-298.798752	0.59001092238
1263	-39.20	-298.596352	0.59077092260039
1264	-39.20	-299.363968	0.59206263522542
1265	-39.28	-300.803552	0.5934682642695
1266	-39.50	-302.584672	0.5953523634138
1267	-39.65	-304.066688	0.59732576315567
1268	-39.65	-304.099072	0.59982545844935
1269	-39.68	-304.350048	0.60225394950457
1270	-39.34	-301.629792	0.60526201015817
1271	-39.54	-303.224704	0.60782909159197
1272	-39.50	-304.292768	0.61074866495654
1273	-40.01	-308.35696	0.61403923347231
1274	-39.99	-307.446314666667	0.61704275876461
1275	-40.28	-308.929386666667	0.62065787731942
1276	-40.16	-307.982154666667	0.62404269755772
1277	-40.35	-308.379914666667	0.62742261571264
1278	-40.58	-310.274378666667	0.63139233111935
1279	-40.87	-312.507450666667	0.63602922394331
1280	-40.67	-310.894922666667	0.64098890620654
1281	-40.46	-309.146186666667	0.64642527909814
1282	-39.59	-303.348394666667	0.65121540809636
1283	-39.92	-305.987690666667	0.65599509760961
1284	-40.43	-310.927594666667	0.66168060592034
1285	-40.22	-310.159818666667	0.66750541092509
1286	-40.25	-310.378410666667	0.6739
1287	-40.06	-306.564458666667	0.67972707380095
1288	-40.34	-308.807050666667	0.68643678352563
1289	-40.81	-312.812170666667	0.69268973449287
1290	-40.33	-309.134186666667	0.69933603323901
1291	-40.28	-308.737482666667	0.70649034626121
1292	-40.38	-309.509301333333	0.71359892341922
1293	-40.49	-310.399861333333	0.7207412672103
1294	-40.52	-311.327317333333	0.72798712410013
1295	-40.64	-312.798069333333	0.73514172332827
1296	-40.36	-310.595957333333	0.74240616554094
1297	-40.19	-308.387253333333	0.75017866079345
1298	-40.40	-310.111701333333	0.75798751013001
1299	-40.27	-308.731933333333	0.76478698838157
1300	-39.75	-304.309324912	0.77205851935424
1301	-39.56	-303.9838740704	0.77904494835558
1302	-38.98	-299.3442050336	0.78582091491557
1303	-38.69	-297.0361362272	0.79370108313701
1304	-39.14	-300.6896885344	0.80085191215705
1305	-39.15	-300.863630576	0.80714405784182
1306	-39.61	-304.5987549088	0.81477462404015
1307	-40.21	-307.8880223456	0.82211404040993
1308	-39.69	-303.731162602667	0.82944208009231
1309	-39.22	-300.026317329067	0.83639939111588
1310	-38.79	-296.730854141867	0.84275189837778
1311	-38.21	-292.062462212267	0.84896453055592
1312	-38.39	-293.694256811733	0.85452124841271
1313	-38.50	-294.567136731733	0.85965558643223
1314	-39.26	-300.968369413333	0.86463945903188
1315	-39.48	-303.025517394133	0.86935840097529
1316	-39.51	-303.253652155733	0.87339655617187
1317	-38.99	-297.696280254933	0.87690005739719
1318	-38.96	-297.441944312533	0.88016220570979
1319	-39.13	-299.546655237333	0.88254412128665
1320	-39.17	-300.663047787733	0.88453394513143
1321	-38.87	-298.243783816533	0.88610471181211
1322	-38.88	-296.666700939733	0.88740096079357
1323	-38.64	-294.702157214933	0.8880798132945
1324	-38.34	-293.638982302933	0.88853575044154
1325	-38.16	-293.597788088533	0.88874997163564
1326	-38.26	-293.588933826	0.88860135275601
1327	-38.04	-291.8305517004	0.88798774622709
1328	-38.04	-291.8122280748	0.88708845848216
1329	-38.14	-291.949560862	0.88591384097615
1330	-37.65	-287.3375396588	0.88453361881748
1331	-37.32	-284.690248406	0.88254435944657
1332	-37.82	-290.179759366	0.88045450976331
1333	-37.96	-291.28588085	0.87779707221697
1334	-37.96	-291.39104129	0.87464711527485
1335	-38.08	-292.57182483	0.87143315928017
1336	-38.19	-293.3181331316	0.86802329777283
1337	-38.68	-294.97742255	0.86436951002583
1338	-38.85	-296.306004806	0.86075411399649
1339	-39.51	-302.168151254	0.8573283816251
1340	-39.89	-305.7438719964	0.85375708064122
1341	-39.64	-303.7459213716	0.8500394407315
1342	-39.13	-298.1303342572	0.84673029800221
1343	-38.61	-293.974110470933	0.84359516877444
1344	-38.74	-296.203059913333	0.84074615944567
1345	-38.41	-294.769511022133	0.83766217590962
1346	-38.45	-295.107294056533	0.83511532242232
1347	-38.34	-293.200075003556	0.83284788639826
1348	-38.30	-292.870918179556	0.83032323496115
1349	-38.19	-292.054532767289	0.82783337161815
1350	-37.86	-289.376197351822	0.82545207307226
1351	-38.03	-290.712585655822	0.82301801872452
1352	-37.87	-289.885018551289	0.82078249280354
1353	-37.95	-290.465200790222	0.81782216066784
1354	-38.12	-291.343343493333	0.81523108727717
1355	-38.09	-290.616277815733	0.8123927028092
1356	-38.35	-292.721108296533	0.80941045671058
1357	-37.94	-288.483482674133	0.806238096098
1358	-38.28	-291.210378165333	0.80280873675929
1359	-38.28	-292.016785209333	0.79923319103031
1360	-38.25	-292.612082995733	0.79535912587534
1361	-38.21	-292.279753302133	0.7914047441056
1362	-38.54	-294.929193979733	0.78706474420616
1363	-38.52	-294.760936679733	0.78225699258154
1364	-38.23	-292.177360166933	0.77702257184536
1365	-37.99	-290.026593881333	0.77208104244329
1366	-38.12	-291.049150159733	0.76659167966294
1367	-38.44	-292.908016966133	0.76142474630684
1368	-38.98	-297.244109328533	0.75582564249952
1369	-39.62	-302.843209918133	0.7499427146978
1370	-39.16	-299.604349631733	0.74425505768584
1371	-38.77	-296.428954464533	0.73851948610747
1372	-38.29	-292.836850081333	0.73228667465692
1373	-37.88	-289.535725807733	0.72536130939657
1374	-37.10	-282.928218788533	0.71909473315979
1375	-37.65	-287.021284658933	0.71178274365397
1376	-38.78	-296.052924654933	0.70500206529835
1377	-38.54	-294.092308451733	0.69785870131145
1378	-38.58	-294.432393819733	0.69104022186923
1379	-38.69	-294.8070404886	0.68469190075112
1380	-38.63	-293.7675961038	0.67806965918817
1381	-38.38	-291.7120810598	0.67173078951955
1382	-38.28	-292.4619608486	0.66543002587306
1383	-38.14	-291.3188443502	0.6594999445495
1384	-37.95	-289.7258731582	0.65356846724001
1385	-37.32	-284.6239085518	0.64740580242817
1386	-37.31	-284.5641224718	0.64170547853743
1387	-36.28	-276.8518784046	0.63542907924366
1388	-35.72	-272.357514991	0.62957186317248
1389	-35.83	-274.078039639	0.62478870879043
1390	-35.99	-276.2303723358	0.61994072513962
1391	-36.02	-276.4346061942	0.61524202343084
1392	-36.19	-276.099123659	0.61065470646017
1393	-36.45	-278.1780925014	0.60630025587817
1394	-36.52	-278.566626463	0.60228307813302
1395	-36.43	-277.6400922822	0.5983512578307
1396	-36.57	-278.733225778933	0.5947244519241
1397	-36.52	-276.845133923733	0.59154605800474
1398	-36.50	-276.683663032533	0.588167618276
1399	-36.69	-278.993665078133	0.58514262865444
1400	-36.71	-279.993550734933	0.58256292415745
1401	-37.03	-282.531166847733	0.58038390913329
1402	-36.84	-280.612376582133	0.57824326021565
1403	-36.57	-278.433791442133	0.57665161274695
1404	-36.51	-278.388442177333	0.57531064818101
1405	-35.64	-271.785604206133	0.57420109750693
1406	-35.43	-270.129252182133	0.57353876602184
1407	-35.48	-268.417273677333	0.57310148512495
1408	-34.64	-261.721497414933	0.5728703312682
1409	-34.33	-260.238711585333	0.57287008861993
1410	-34.77	-264.682260370933	0.57323182896942
1411	-34.95	-266.093605759733	0.57359980168439
1412	-34.86	-263.879397963733	0.57433711130977
1413	-35.09	-265.708286879733	0.57531837841106
1414	-35.74	-271.8448292216	0.57613727772248
1415	-36.38	-277.9431187168	0.57734333685084
1416	-36.79	-281.2255231504	0.57859095299672
1417	-37.48	-285.0099213504	0.5801077276739
1418	-38.01	-289.2710719968	0.58144652034009
1419	-38.64	-294.6915252832	0.58307450134494
1420	-38.90	-297.1231757776	0.58460910152522
1421	-39.47	-301.6771381352	0.58633287061425
1422	-40.53	-309.9753268472	0.58797296282334
1423	-40.94	-313.1869013584	0.58957595470473
1424	-40.91	-313.271364082667	0.59113784548879
1425	-41.21	-315.955004239467	0.59279540505548
1426	-41.16	-315.6023570704	0.59436169440264
1427	-40.99	-313.1942975784	0.59576108330044
1428	-40.92	-312.667172130667	0.59711679866371
1429	-40.86	-312.210183203733	0.59829308678267
1430	-40.43	-308.710941811733	0.5993864555468
1431	-40.89	-312.387166012978	0.60048944805658
1432	-40.87	-313.350377855111	0.60151057681915
1433	-40.88	-313.417803370844	0.60232895202864
1434	-39.99	-306.098869492444	0.60321660935995
1435	-39.82	-304.579550090845	0.60388692243801
1436	-40.40	-309.213859736267	0.60445466398094
1437	-40.25	-308.380098471111	0.60505062421374
1438	-40.11	-307.267039138311	0.6058232858375
1439	-40.19	-307.526317203911	0.60642640508431
1440	-40.38	-308.622220612267	0.60715951241519
1441	-40.40	-308.832691851467	0.60764627606673
1442	-41.28	-314.256608336267	0.60810463544212
1443	-41.06	-312.471188550667	0.60866878215992
1444	-40.47	-308.833900347467	0.60919720998877
1445	-39.19	-299.735557841867	0.60967032720144
1446	-38.82	-296.766948845067	0.60993642150827
1447	-40.26	-308.819234573067	0.61005958861335
1448	-40.51	-310.754676665867	0.6103
1449	-40.59	-311.463214313	0.6103
1450	-40.49	-310.6864548106	0.6103661010437
1451	-40.33	-309.4572955474	0.61048867094071
1452	-40.61	-310.6016611762	0.6106
1453	-40.49	-309.6075902362	0.6106
1454	-40.35	-308.9041795556	0.61053513124929
1455	-40.56	-310.9962153186	0.6105942057881
1456	-40.63	-311.505786025	0.6108
1457	-40.48	-311.4680746306	0.6108
1458	-40.38	-310.6456696978	0.61103864938693
1459	-40.61	-311.7389847922	0.6114269599579
1460	-40.44	-309.5957855714	0.61186414211545
1461	-40.27	-308.2244159914	0.61229115142128
1462	-39.19	-299.1198628458	0.61279704481643
1463	-39.31	-300.0971535258	0.6136771226335
1464	-40.13	-307.393768225	0.61475662480512
1465	-40.59	-311.8506854042	0.61605552034415
1466	-40.51	-311.218897988267	0.61738534078112
1467	-40.97	-316.570771697067	0.61862437807924
1468	-40.57	-313.387603743467	0.62036346611783
1469	-40.32	-309.959711603467	0.62211142463543
1470	-39.70	-303.600859657867	0.62388406848373
1471	-39.68	-303.455013701067	0.6256986172393
1472	-40.71	-312.117203621067	0.62725275417282
1473	-40.75	-312.396872373867	0.62915083558169
1474	-40.78	-312.738530040267	0.63095967995557
1475	-40.72	-312.376263526667	0.63286103206638
1476	-40.77	-312.743728469067	0.63479199804482
1477	-39.87	-305.287908119467	0.63694705963553
1478	-40.18	-307.739750688267	0.63908278216264
1479	-40.84	-312.890627129067	0.64122717905096
1480	-40.99	-313.925795386667	0.64341376922038
1481	-40.84	-312.310402961067	0.64540273117693
1482	-40.73	-311.452651289867	0.64731977728101
1483	-40.45	-309.189743777867	0.64924686204485
1484	-38.98	-297.0602485614	0.65102864979351
1485	-39.14	-297.8889230726	0.65234507650951
1486	-40.36	-307.665144371	0.65352481865647
1487	-40.54	-311.0414142838	0.65470230556229
1488	-40.73	-312.5399742326	0.6554492543166
1489	-40.47	-309.4416554678	0.65581432234481
1490	-40.51	-308.767182475	0.65577731894805
1491	-39.91	-303.9496756566	0.65558087712046
1492	-38.54	-294.8591889214	0.65523991650927
1493	-38.39	-293.5941012174	0.65469539507894
1494	-38.74	-296.3903992054	0.65428359671763
1495	-39.63	-303.4220899302	0.65404907415871
1496	-39.05	-298.7966095374	0.65396773884039
1497	-39.16	-300.2913637062	0.65444296321013
1498	-39.41	-302.2729377926	0.65507187319247
1499	-38.83	-297.0818159494	0.65630161149057
1500	-38.36	-292.7428466534	0.65782035069047
1501	-38.01	-290.000425948533	0.65941868199966
1502	-37.42	-287.858734342933	0.66117219742535
1503	-37.09	-285.187075984533	0.66314793340875
1504	-36.74	-281.311035077333	0.66519678077641
1505	-36.47	-278.039720740533	0.66720244151328
1506	-37.29	-284.636159389333	0.66915125527783
1507	-37.43	-286.377094384533	0.67154108543314
1508	-36.77	-281.040087761333	0.6741388703045
1509	-36.79	-280.089280318133	0.67679943305369
1510	-37.69	-286.157097483733	0.67981324417341
1511	-39.64	-301.757896330933	0.68289627377486
1512	-40.30	-306.430503889333	0.68659393153529
1513	-39.49	-299.882152281333	0.69020971235791
1514	-39.56	-301.329939414933	0.69420832013421
1515	-39.07	-298.288178338133	0.6979579597434
1516	-38.38	-292.703738731733	0.70234287414166
1517	-37.86	-288.584669720533	0.70633159091522
1518	-37.72	-287.446441495733	0.71064027827924
1519	-37.74	-286.6117522232	0.71512937931584
1520	-37.49	-283.58530626	0.71995221631464
1521	-36.79	-277.997909428	0.7242634921106
1522	-35.91	-271.007077148	0.7295342198844
1523	-36.87	-278.6916130624	0.7348492776948
1524	-38.74	-294.4865539744	0.73979622546719
1525	-39.62	-302.3226819104	0.74537801379092
1526	-40.20	-307.0352237624	0.75107163169244
1527	-39.91	-303.2610378776	0.75778726277205
1528	-39.75	-301.9192780176	0.76365789289518
1529	-39.66	-302.0925147736	0.76928549169325
1530	-40.43	-309.1201180424	0.7755167843008
1531	-39.45	-301.2657589744	0.78169754984685
1532	-39.20	-298.421178272	0.78824885427983
1533	-38.78	-295.0401110296	0.795240261647
1534	-38.73	-294.65310734	0.80226721182871
1535	-39.41	-300.2126773576	0.80884915168332
1536	-39.92	-304.289180548267	0.8151879207259
1537	-39.04	-297.155228429067	0.82048507912972
1538	-38.85	-295.622081544267	0.82589939069234
1539	-38.81	-295.512525661867	0.83037323582558
1540	-37.75	-287.267146030667	0.8346835314694
1541	-37.60	-286.097538312267	0.83779701926189
1542	-37.32	-283.357882499467	0.84060845024924
1543	-35.84	-271.524949958667	0.84304465231512
1544	-36.56	-277.346800598667	0.84494292339774
1545	-35.44	-268.537920266667	0.84677146544348
1546	-35.20	-266.6	0.84816164829281
1547	-38.80	-295.373250382667	0.84948676155332
1548	-40.39	-308.091855356267	0.85057606531193
1549	-40.01	-304.640404888267	0.85119787924767
1550	-39.50	-300.128463661867	0.85191656791736
1551	-39.32	-298.664797777867	0.8524916965143
1552	-39.57	-302.929478495467	0.85265097559231
1553	-39.56	-302.915889400267	0.85269519823579
1554	-39.78	-304.7716354818	0.85265949228679
1555	-39.83	-305.3205939802	0.85241250282519
1556	-40.22	-308.4577666906	0.85243490550425
1557	-39.79	-303.2392765938	0.85284239844714
1558	-38.18	-290.314628021	0.85292644603162
1559	-38.69	-294.4020529746	0.85223164540605
1560	-39.15	-297.994820829	0.8513991003604
1561	-39.26	-298.867099021	0.8504418444055
1562	-39.02	-296.3899804346	0.84972290369805
1563	-38.82	-294.7707899506	0.84903578944375
1564	-38.50	-293.175999389	0.84803936177562
1565	-37.84	-288.845789661	0.84692398002192
1566	-37.58	-286.7733483354	0.84565595355024
1567	-37.59	-284.5884521684	0.84454101797846
1568	-37.58	-284.5483837266	0.84361799045908
1569	-38.37	-291.283539713	0.84185778589619
1570	-38.43	-292.2297633426	0.83933251815622
1571	-38.88	-295.855344087467	0.83696316355262
1572	-38.45	-290.718045374667	0.83416438630613
1573	-37.42	-282.425324634667	0.83099554194264
1574	-36.90	-278.804421525867	0.82806187438546
1575	-37.14	-281.187017571467	0.82477761830778
1576	-37.85	-286.936499313867	0.82150009338968
1577	-38.17	-288.189118620267	0.81798848895492
1578	-38.00	-286.801396620267	0.81462036137571
1579	-38.15	-288.562974090667	0.81146872401611
1580	-37.94	-287.487180969867	0.80651392255324
1581	-37.23	-281.819541523467	0.80182835694182
1582	-37.44	-286.899681492267	0.79695528864061
1583	-37.42	-286.769364234667	0.7924452936102
1584	-37.49	-284.874703370667	0.78725596605534
1585	-38.02	-286.651797815467	0.78226123972985
1586	-37.85	-285.293937134667	0.77774757594978
1587	-37.51	-283.078594661067	0.77234155031416
1588	-37.69	-284.506631749867	0.76689920000096
1589	-37.86	-285.8327162936	0.76123453075768
1590	-37.40	-282.1064114416	0.75567591576113
1591	-38.02	-287.0781499208	0.74930671868755
1592	-38.04	-288.5021973904	0.74394854166786
1593	-37.92	-287.5590488136	0.73761802088817
1594	-37.89	-287.3530679176	0.73079645362607
1595	-38.07	-288.8523208664	0.72452921490768
1596	-37.88	-287.3429187504	0.71798604508744
1597	-37.84	-287.193057312	0.71161861500036
1598	-37.74	-286.4134644176	0.7051569202906
1599	-37.80	-285.3267733864	0.69883643203427
1600	-37.88	-284.4081215168	0.69242344666665
1601	-37.60	-282.1746310872	0.68606529791173
1602	-37.73	-283.7659030016	0.6794995020313
1603	-37.42	-281.283241488	0.67171353942231
1604	-37.35	-281.9312690904	0.66373313239011
1605	-37.38	-283.455331236	0.65566360658482
1606	-37.73	-286.264650964	0.64626945108241
1607	-37.21	-282.899290710667	0.63705405399999
1608	-37.63	-286.249269787467	0.62783451715817
1609	-37.77	-286.321945552267	0.6193057532733
1610	-37.93	-286.524712118667	0.61016241432351
1611	-38.04	-287.385638677067	0.60142604016723
1612	-38.09	-289.504165117067	0.5918764146912
1613	-37.89	-287.898079095467	0.58213430769533
1614	-37.85	-287.343493613067	0.57168670545442
1615	-38.15	-289.483406149067	0.56134952853131
1616	-38.55	-292.662986818667	0.55041864889515
1617	-38.65	-294.766436994667	0.54072444670757
1618	-38.95	-297.185047087467	0.53058275003508
1619	-39.08	-297.045400261067	0.52042467175756
