9.427650697985531791e-02
1.591500137533965326e-02
1.765214198372540455e+00
-3.735131443027290832e-01
1.666290489727818153e-02
1.864066660509258342e-03
3.883599480211297108e-03
5.585490467983859376e-03
6.671320246939952542e-03
7.260426986328210458e-03
5.968645570153779077e-03
2.899428558527193580e-03
-7.136918275243464864e-04
-6.846691200456572583e-03
-1.477896401925223729e-02
-2.262549915763380909e-02
-3.074267930699784920e-02
-3.767795578622147590e-02
-4.273777459882886764e-02
-4.698796043035832759e-02
-5.018695394464152415e-02
-5.108988399875807190e-02
-4.922817099130631646e-02
-4.383717669059459393e-02
-3.205514014522495986e-02
-1.670279978114953129e-02
-7.141074377558546352e-04
1.406993999867261862e-02
2.259730484280221899e-02
2.440541710377748530e-02
2.546143487523218688e-02
2.670883404728891311e-02
2.851612060509529228e-02
3.060628203439231740e-02
3.066776703156652226e-02
2.801926894558618569e-02
2.893054613430022515e-02
3.633003370633110934e-02
4.659025740458637432e-02
6.296822956426574580e-02
7.777055061001017511e-02
7.044016838164554595e-02
5.317321867284803549e-02
1.820014688054020016e-02
-1.996948660396323863e-02
-3.691180586882832071e-02
-3.382297105531246323e-02
-2.220981169567178698e-02
-1.818302079928131934e-02
-4.792607720099492652e-02
-1.077403006267089874e-01
-1.622198820251313789e-01
-1.540794390177546991e-01
-1.250576280864846290e-01
-1.172091925125408052e-01
-1.585629058745213205e-01
-1.992557186668258984e-01
-2.875065723841744858e-01
-3.877711206043236714e-01
-4.059437707722590161e-01
-2.850146204120687088e-01
-1.742069289898611206e-01
-1.249278378098726272e-01
3.183647545734855089e-02
-3.096205375890528563e-02
-9.535415097052353517e-02
7.139971906651058908e-02
3.498458459868801218e-01
3.268899073193159421e-01
3.130400790359566532e-01
3.700202942258190575e-01
3.247029875768560059e-01
3.234953250559622906e-01
6.130933616650349194e-01
3.674079302119069301e-01
2.563550180059867567e-01
3.470984517421085713e-01
3.456545704304201383e-01
2.690813430153201624e-01
2.557031420279700096e-01
2.237786517948265885e-01
8.096870587863227997e-02
-5.407074946577487828e-02
-4.342615100398151684e-01
-7.357916208661881008e-01
-1.184434217133047085e+00
-9.971800031849944457e-01
-1.059216594377268450e+00
-8.355522648715254519e-01
-4.128154527214565883e-01
-1.510637701454022874e+00
-2.742374470902502748e-01
5.555501496152064345e-01
-3.089132111872357807e-03
7.270703032674326050e-01
1.205036857402701722e+00
-2.700361616448612723e-02
-6.982501742336227890e-01
5.757982829731682628e-01
2.868128240128681172e-01
7.593234421008263069e-02
-1.800071368535809624e+00
-7.971157970669652537e-02
0.000000000000000000e+00
0.000000000000000000e+00
0.000000000000000000e+00
-2.401918706621464228e-01
-4.249037581661461310e-02
7.041459900986814235e-02
-1.722400314157883860e+00
-9.721867271185520298e-01
1.406959002486250776e-01
7.852195387929674641e-01
9.160285649882078385e-01
6.118981465694003363e-01
1.608714122409085068e-01
3.389507841848442560e-01
-4.775486830471409871e-01
-7.534380394493996880e-01
-5.839072203032031894e-01
1.049655274555893747e-01
-9.480850579481515661e-01
4.849597437058127958e-01
-2.593946067943860359e-02
-7.697878927845304142e-01
-6.202665317912948728e-01
1.432180501564296327e-01
5.512195619035045180e-01
4.575241091134309435e-01
3.020633500444733222e-01
2.343731037640048864e-01
2.821659994042162722e-01
1.961889966905360494e-01
-2.303057980798023652e-01
-4.051287929046279435e-01
-4.315011968978343937e-01
-4.185643121139641099e-01
7.528773356220112845e-02
1.946017028136507732e-01
1.461137190562536992e-01
-1.669074427819451645e-02
-1.280518147048988475e-01
4.807768195989682624e-04
2.012385134130199038e-01
2.027751308110889994e-01
2.053070368349161623e-01
2.166265244368933418e-01
2.139118285648035078e-01
-9.000483463644258497e-02
-2.498762834584086212e-01
-2.899445252588793154e-01
-1.472540328727015291e-01
-9.054632306369303583e-05
-2.483056405976042018e-08
-1.001646989740672366e-08
-2.676979790103724958e-15
2.757697056597860352e-01
2.705915285057957850e-03
-4.517518474895590996e-01
-6.064655237792905274e-01
4.971775665138085665e-01
-2.584049912680081995e-01
-3.218981983484158205e-01
3.541652826460827130e-01
1.861592910905781328e-01
-6.412232831876114869e-02
2.351353734308704313e-01
-1.550119679849127630e-01
5.248017863303192643e-01
-1.611495006323386270e-01
1.278294362882431978e-01
-9.306173859200761456e-02
-2.212097094190943261e-02
-1.137748301457944256e-01
1.884998483512018708e-01
5.971542138091314594e-02
1.535220113748614136e-23
1.662153888726806818e-25
3.568748186949548036e-31
0.000000000000000000e+00
0.000000000000000000e+00
0.000000000000000000e+00
0.000000000000000000e+00
0.000000000000000000e+00
0.000000000000000000e+00
0.000000000000000000e+00
0.000000000000000000e+00
0.000000000000000000e+00
0.000000000000000000e+00
0.000000000000000000e+00
0.000000000000000000e+00
0.000000000000000000e+00
0.000000000000000000e+00
0.000000000000000000e+00
0.000000000000000000e+00
0.000000000000000000e+00
0.000000000000000000e+00
0.000000000000000000e+00
0.000000000000000000e+00
0.000000000000000000e+00
0.000000000000000000e+00
0.000000000000000000e+00
0.000000000000000000e+00
0.000000000000000000e+00
0.000000000000000000e+00
0.000000000000000000e+00
0.000000000000000000e+00
0.000000000000000000e+00
