-4.385146554179079887e-16
4.232791760086097432e-04
-1.239997092585848554e-03
-4.417457077939584975e-03
-3.586361144750808277e-03
-4.302144189287844880e-03
-9.549223414923058498e-03
-5.380859297445318365e-03
3.141652078678843635e-02
7.392720006295053214e-02
7.202726686899383300e-03
-1.088892217950785807e-01
-1.370284216153619672e-01
-5.628486121421298616e-02
2.356951156496280841e-01
3.087253971072050907e-01
-6.095029294510458800e-02
-2.874682258813606173e-01
-1.759984399087974050e-01
2.150978120544520117e-02
9.324290688147489348e-02
6.349352190493276482e-02
1.670903921665732594e-02
-2.824682258517703139e-03
-2.916298365380721232e-03
-1.732329431410730390e-03
-9.328871079967143015e-03
-2.839760512555401448e-02
-1.891135896360055316e-02
3.121019895075482359e-02
1.980192931807804244e-02
-7.542103598815180776e-02
-1.067997456066477197e-01
-2.018987500255054694e-03
8.982387760878161875e-02
4.378572180896121019e-02
-6.991403043533070405e-02
-6.723752137069027857e-02
6.899365304209574556e-02
-6.077593262790700890e-02
-3.143681341658756123e-01
-2.489875136313249582e-01
1.960287686047968991e-01
5.895222812444670391e-01
2.820551756539005916e-01
-5.050548686960462108e-01
-6.422136949054257915e-01
2.368109583264019491e-01
6.412032965163478870e-01
1.517423195221930532e-01
-1.905650663524122712e-01
8.823144845967353933e-02
5.454628016717973926e-01
2.312020681904660147e-01
-5.244287999540323542e-01
-2.231089894119147876e-01
4.344608613254966056e-01
2.248440820262461448e-01
-2.885512171645537166e-02
-2.832521115382983720e-02
-7.279523174191863608e-03
1.331315786356577525e-03
2.303768959905828570e-02
7.977458853857541388e-02
1.149820384139067925e-01
1.141558732732918247e-01
8.892713570734557538e-02
4.972438249772184043e-02
2.677653087898479792e-02
2.235646235287569797e-02
1.831238174225737272e-02
3.987053339128983354e-02
4.518163432968482635e-02
-9.262811878274822362e-04
-1.856962305036633648e-02
-4.358623744554386559e-02
-7.940418594771736505e-02
-8.561937877537331709e-02
-1.011211105157930751e-01
-1.837680081430058746e-02
1.176309594234704187e-01
-2.662300079938908701e-02
-1.786723913479205395e-01
-5.096752845245886704e-02
-3.645564088720113730e-03
-1.110918429481793229e-01
-1.466118804833788924e-01
-1.507087621419887780e-01
-1.105756385386697099e-01
1.925813301709172198e-01
3.647926074268472568e-02
-5.800205919138244903e-01
-3.881543355758486080e-01
1.895143016590224508e-02
-1.387950905148325695e-04
1.127945475105515810e-15
-3.151934878527791398e-17
1.010311241573278173e-16
3.707135705498907890e-16
-2.306701485482161173e-16
-2.569864140774258554e-16
-1.698740999212396685e-01
4.038719767395812510e-01
-4.734058015567069733e-01
4.858786661506447335e-01
-2.701945709080433300e-01
1.935626412207885061e-01
9.633497197019130764e-02
-1.192107635632570911e-01
-3.292152328528427097e-01
-5.408939010161001315e-01
-1.007906231194225510e+00
5.838305602693188989e-01
7.862397607141644595e-01
6.407454428171421856e-01
2.670857080530672500e-01
1.877551140897204540e-01
-5.751730332389397293e-02
3.524176226017493030e-01
2.258478889327502070e-01
1.086345569893914370e-01
6.031150663870644968e-02
-3.655013286634516828e-02
-1.522652120162135692e-01
-2.045347746526300081e-01
-2.672976659957359558e-01
2.514145604557884838e-03
8.486579033133020977e-02
-3.915467011203411229e-01
-1.817984160711865194e-01
-1.456223722240827106e-02
-1.033843708913555204e-01
-1.390282936165333216e-01
-2.900888247744930482e-01
-1.512531469205619927e-01
1.475561173207574905e-01
-4.020026074299751923e-02
-2.488217068137934251e-01
-5.475355847106465612e-01
-3.448848047466865907e-01
2.205005385950825278e-02
-1.154517315902568514e-03
-2.703848630604667143e-17
-4.972628315595130287e-17
-5.729508503560018986e-16
1.184383200901234038e-16
-1.419335630598898173e-15
-1.618068053648169532e-15
-2.006570132328083552e-16
-1.376080188619083044e-15
1.553931513408472396e-16
-8.447063989074978116e-17
-1.799719755554732836e-16
-2.168959148529299424e-17
5.309845897481513872e-16
1.924785313275219942e-16
-3.740001587169450977e-17
-1.695052795242695219e-17
-2.987443951598367251e-16
-4.764269117503756032e-17
2.578011650862378359e-16
3.538410426647570084e-16
-2.485780814693482855e-16
-1.470582253132023242e-15
6.547362479344777411e-17
2.816230606905066348e-16
-2.850862326202891611e-16
-1.656725690674785199e-16
9.077166510486011461e-17
-3.932570715194128997e-16
-3.333837514050306942e-18
6.155622425588345068e-16
2.970581023548085585e-16
2.546670515593873945e-16
-2.393131991531783503e-17
3.575847068407244252e-17
-4.175984344635760708e-16
2.476104264787136697e-16
1.083492713636493649e-15
-2.435071607645862799e-16
-1.367607821979461058e-16
-9.926116616910944657e-03
5.075604994205221226e-16
-3.263837697813125605e-01
-6.813656477890155105e-02
1.713455237307952598e-03
-4.835468401630375057e-01
-2.610331750140745810e-01
-2.679766869168309293e-02
-2.836628964911814821e-01
2.497561280062708389e-01
1.426327490190276714e-01
2.692738079229287651e-01
8.799900975885108223e-02
1.618215666385798834e-01
5.388749760082459650e-01
1.293341398662679609e-01
2.845970175825274229e-01
4.519803299475474989e-02
-1.200018320016396495e-01
3.271144071583700352e-01
2.684391795215984033e-01
2.499952666925165864e-02
2.756595762945692196e-01
1.548633910378416634e-01
1.274714766398278298e-01
1.331746510482157975e-01
-8.158417151307688353e-02
3.050801941920219026e-03
7.923117740308874835e-01
-1.350360726341126860e-01
7.565776459284707933e-02
1.113866509539099409e-01
-1.138142826421964099e-01
2.609005971060952556e-01
2.160492661282179330e-02
7.548058097257201275e-03
6.004339959055999820e-01
3.955334299359645339e-02
1.822555701797540506e-01
-4.558080225574004298e-04
9.059967830028306524e-02
3.353751113747297646e-02
1.768391458134560955e-18
-2.499011845292998735e-19
9.673615789170365307e-17
1.019422244774649504e-16
-7.953018188805186328e-17
5.867160939250673743e-16
2.437556464526765826e-17
6.182474783787391548e-17
-3.065401990459401935e-16
-1.300651455840629979e-16
-1.824542312988936127e-16
5.623827013636665597e-19
1.979923597763510138e-16
5.670911497181313714e-17
-1.953016054615063539e-16
-2.759305952803846051e-16
1.136843639440768009e-16
-1.205212901153473584e-15
-3.967435726824176862e-16
1.163550267213743573e-18
5.768064907580176666e-16
2.615642687756348484e-16
-1.735405976794184470e-18
-9.754372825204411129e-17
-2.336052149443842090e-16
-6.331573870199483298e-17
9.261866138816564347e-17
-1.405516910190691567e-16
1.995446622836034313e-17
-1.004899610748283715e-16
-5.445539510943073767e-16
1.865636373544373437e-16
-8.907153897562748637e-17
2.244844487884755457e-16
-1.644699691454075495e-16
8.000097571712414365e-18
2.100227085945135082e-16
2.072954215404625698e-17
2.834818190101013849e-19
4.103737111696347931e-17
