#Prior accu for EDML from AICC2012.
0.0643943
0.0673828
0.0570528
0.0699676
0.0767793
0.067942
0.0633051
0.0716748
0.0656274
0.0590532
0.0575369
0.0605849
0.068323
0.0650594
0.0615213
0.0672942
0.0638782
0.0651805
0.0547399
0.0673155
0.0716211
0.0701068
0.0609615
0.062513
0.0649281
0.0644283
0.0592514
0.0675239
0.0670876
0.0666173
0.0724471
0.0710272
0.0570131
0.0599334
0.0616119
0.0578321
0.0645782
0.0602648
0.0569371
0.054868
0.0680097
0.0663675
0.0646759
0.0629427
0.0573925
0.0623224
0.0654587
0.0616635
0.0635933
0.0601857
0.0695538
0.0661158
0.0717315
0.0615401
0.0598253
0.059704
0.0571776
0.0593396
0.0698092
0.0585662
0.0580888
0.0664914
0.0629432
0.0709581
0.0650561
0.0705277
0.0663958
0.0681997
0.0611065
0.0622192
0.0616993
0.07099
0.066222
0.0698942
0.0659253
0.0649623
0.0640122
0.0624129
0.0601312
0.0667589
0.0695257
0.0681573
0.0677013
0.0667751
0.0672154
0.0633172
0.0650578
0.0665876
0.0677954
0.069022
0.102464
0.0946081
0.0710755
0.0613908
0.0945951
0.0643634
0.0692212
0.0663413
0.0580608
0.0686367
0.0684592
0.0583991
0.060335
0.0621326
0.0680133
0.0667486
0.0872
0.05999265
0.06815705
0.07657845
0.06888635
0.06152135
0.06569785
0.06548515
0.0739694
0.07759405
0.05770925
0.0608174
0.06641165
0.06293035
0.06828825
0.061792
0.06532965
0.07628715
0.0645331
0.0648311
0.07401985
0.0609292
0.0644515
0.0719692
0.0711182
0.0725611
0.0634154
0.064866
0.0654499
0.0659254
0.0657032
0.0660729
0.0785561
0.0697665
0.0736261
0.06734585
0.06053735
0.0622392
0.0691574
0.07055405
0.07580365
0.0703394
0.06842035
0.06667195
0.0674484
0.076364
0.06666555
0.0703552
0.07770085
0.0663592
0.0667993
0.0623691
0.05595155
0.0703397
0.07068635
0.06730605
0.07779755
0.08195335
0.06155165
0.06155955
0.0666779
0.071813
0.07089105
0.07765465
0.06099505
0.06490785
0.0653388
0.07124825
0.0692623
0.07023755
0.06966015
0.06850715
0.07061955
0.0704826
0.06157305
0.0689434
0.06323375
0.06984175
0.06471925
0.0705251
0.06087675
0.06944735
0.06125685
0.06343955
0.0718639
0.0703572
0.0720915
0.07074055
0.06294865
0.0698512
0.0717501
0.07271
0.0716014
0.07185655
0.0640386
0.0709541
0.0723822
0.07824775
0.0702371
0.0710899
0.07612555
0.06989085
0.072725
0.0832593
0.06666835
0.0688639
0.07053405
0.07362625
0.07297805
0.0722779
0.06842915
0.07143215
0.07023665
0.0635414
0.06329845
0.06780765
0.07295915
0.06546345
0.0689207
0.06980785
0.0629196
0.06882185
0.0818153
0.07107655
0.06748635
0.07040235
0.07072395
0.06743465
0.06725175
0.06903825
0.0705866
0.0755931
0.07471165
0.0693479
0.0722079
0.07624755
0.07576275
0.07861125
0.0711029
0.06545805
0.06400165
0.0610612
0.07162575
0.07483355
0.0711688
0.0692391
0.06845755
0.06768255
0.06718045
0.07454855
0.0739327
0.0728191
0.0664772
0.0680306
0.08171005
0.07443185
0.0683384
0.0786785
0.06862365
0.0715178
0.0785785
0.06717485
0.0738871
0.06525555
0.0730377
0.07495365
0.0711945
0.0828016
0.0748568
0.0731609
0.0720516
0.06928045
0.0672123
0.06804815
0.07251625
0.0712799
0.071291
0.0689653
0.07663275
0.0725047
0.07717805
0.0725003
0.07104945
0.072857
0.06589735
0.0719107
0.07685345
0.0729668
0.07547965
0.07546435
0.07546375
0.0703584
0.0660686
0.07598225
0.07618635
0.07253085
0.0659276
0.0749172
0.06606395
0.067664
0.0707948
0.07061065
0.0728295
0.07312525
0.07100605
0.06510075
0.07700785
0.07396185
0.07967635
0.07022385
0.0701635
0.0681317
0.06975065
0.06834865
0.06844235
0.07514265
0.07453945
0.0677696
0.0687704
0.0686422
0.0750708
0.0762966
0.0702513
0.07298095
0.07424585
0.07013645
0.07303025
0.07948185
0.0845556
0.072456
0.0708239
0.07538835
0.0744277
0.06834775
0.06747595
0.0706325
0.07693715
0.06730235
0.0719369
0.0651505
0.07484325
0.07177715
0.070947
0.0616097
0.0762185
0.07760635
0.07143085
0.07322935
0.07601565
0.07467205
0.0786682
0.07435875
0.0715838
0.0663096
0.06964015
0.06546245
0.0706035
0.0715033
0.0720863
0.0764465
0.0721649
0.077154
0.0686325
0.0693724
0.0660631
0.07216815
0.0696972
0.07254445
0.06871425
0.07214745
0.07240475
0.066568
0.0669334
0.07158585
0.07158775
0.078923
0.076105
0.0726898
0.0807228
0.07163025
0.07255065
0.06680395
0.07325695
0.06817065
0.06913565
0.0684192
0.07155585
0.07693985
0.0729431
0.07180865
0.0725146
0.06335725
0.0777065
0.07538935
0.07165355
0.0810824
0.0687647
0.0720073
0.0691798
0.07024035
0.0732012
0.06506375
0.0723062
0.0740751
0.06777915
0.06617975
0.0738626
0.06549665
0.0713713
0.06501145
0.069259
0.06246035
0.07637815
0.0732314
0.071417
0.07525505
0.07357695
0.07047865
0.0732989
0.07077185
0.0649763
0.0711561
0.0755371
0.0783577
0.07043465
0.07596885
0.07294005
0.066049496
0.067007
0.0711164
0.0714649
0.0712337
0.0724536
0.06901965
0.06898895
0.07386559
0.07012245
0.06862805
0.0711089
0.0630285
0.0729804
0.0737748
0.0734605
0.0663041
0.069168067
0.0723438
0.065836428
0.07017085
0.0633361
0.0713657
0.0699484
0.06754755
0.0683347
0.0689184
0.0654765
0.07118825
0.07024665
0.0674718
0.07218275
0.0736115
0.06147115
0.06678605
0.07028065
0.06322055
0.07231345
0.0673022
0.06468975
0.0697311
0.0704352
0.06836765
0.07022155
0.06749255
0.06888425
0.07050825
0.06317065
0.06191295
0.06475025
0.0703813
0.0735903
0.0651798
0.0660938
0.06963155
0.06951975
0.0647992
0.066557072
0.06505585
0.06677805
0.06812615
0.0660268
0.06567075
0.0606721
0.0642631
0.06211245
0.0676355
0.0626111
0.06701045
0.06228775
0.0687213
0.070541807
0.0615806
0.0621697
0.0632316
0.0650846
0.0696993
0.07239045
0.06304505
0.0626745
0.06036735
0.0634688
0.0628577
0.06571475
0.06858305
0.0641059
0.06694645
0.0678971
0.0633221
0.0655647
0.0657293
0.06573575
0.0650282
0.06069695
0.0591199
0.06728985
0.06580095
0.06729715
0.06805085
0.0646122
0.06348005
0.0760243
0.0667975
0.058263
0.06493785
0.07360915
0.06645075
0.0634913
0.064685
0.06495035
0.06993725
0.0708894
0.0621105
0.06180995
0.06529435
0.0811648
0.0639069
0.0678266
0.0656227
0.06681945
0.07429845
0.0698204
0.06940415
0.0628968
0.06332665
0.0670433
0.06622695
0.0649944
0.06538935
0.0645297
0.06626355
0.0681605
0.06657455
0.0732827
0.06231975
0.06931715
0.07355475
0.07149295
0.0679637
0.07009735
0.07380495
0.0710188
0.0684215
0.06890245
0.06110775
0.0739321
0.0698706
0.06920745
0.0714073
0.06198355
0.0716233
0.07195195
0.06749085
0.071743144
0.07110525
0.0706553
0.067973
0.07020815
0.0644347
0.06516445
0.06733235
0.06952255
0.06986655
0.0664797
0.0784441
0.07009005
0.06394575
0.0755946
0.0676945
0.0709253
0.07134965
0.069651
0.06879865
0.0710128
0.07223395
0.0673439
0.0722783
0.06786715
0.071515
0.07387395
0.0694312
0.06807805
0.07204125
0.0710315
0.0692461
0.07044755
0.0724176
0.06774315
0.0729791
0.07000785
0.06493325
0.0706657
0.07287865
0.07055855
0.065229
0.07013825
0.0739204
0.06586115
0.06852535
0.07153585
0.06619455
0.0698857
0.06835395
0.0605341
0.06482585
0.06634245
0.0667314
0.06473175
0.07086815
0.07435275
0.07532295
0.06926125
0.0652977
0.071878722
0.0667777
0.0650681
0.07118725
0.0686154
0.066195
0.0635446
0.05955525
0.06322975
0.05936945
0.0614257
0.076228
0.0705842
0.07094005
0.0715161
0.066159787
0.06277955
0.06738665
0.0715731
0.0650912
0.0700764
0.062316842
0.0620007
0.06706175
0.0626086
0.0657096
0.06215095
0.07246805
0.0620412
0.0595886
0.0665786
0.0630173
0.06119225
0.06345295
0.06199855
0.0597476
0.06033275
0.05822665
0.0598137
0.0598246
0.05640725
0.0602385
0.05358265
0.0543141
0.06112495
0.05385425
0.05322355
0.0588955
0.055884
0.05707835
0.051865956
0.0517267
0.051197871
0.054675632
0.0516664
0.0502842
0.05077075
0.0517823
0.05038235
0.049389268
0.04638335
0.051714
0.050304828
0.0485008
0.0454335
0.04927895
0.0501415
0.0436179
0.04963855
0.05136285
0.0480761
0.0466176
0.04401385
0.04443115
0.04650775
0.04629125
0.0468121
0.04646145
0.0434234
0.05094165
0.0479731
0.04839355
0.0477733
0.04969675
0.05051525
0.0489128
0.0462167
0.0465249
0.0473228
0.04628505
0.0447587
0.0460896
0.05203875
0.05016205
0.04726545
0.04278185
0.04688345
0.04394355
0.0453974
0.0441433
0.045889
0.04857095
0.04423805
0.0429969
0.0386988
0.0429492
0.0478086
0.04659575
0.0498306
0.04845175
0.0426435
0.0468896
0.0427671
0.04825445
0.0497466
0.0466475
0.0470763
0.050145
0.04918315
0.05128975
0.0526902
0.04763295
0.0482495
0.04747595
0.0461758
0.0474393
0.0433584
0.04667615
0.0473043
0.05154345
0.048302
0.04945545
0.0489235
0.04965785
0.04710215
0.04646195
0.04611775
0.04714835
0.04979765
0.047577
0.048631
0.04270945
0.04827035
0.0466455
0.0462582
0.0434954
0.04666895
0.05062595
0.04671525
0.04591855
0.0445919
0.04166925
0.0427531
0.0451609
0.0450979
0.04146845
0.0463137
0.0435508
0.0445718
0.0454394
0.04477445
0.04709
0.04747755
0.043468
0.04030255
0.04473055
0.04806645
0.0430776
0.043263
0.0419109
0.04286085
0.04619795
0.04260235
0.0434418
0.04362815
0.04615035
0.04396765
0.04291925
0.0409575
0.04597425
0.04266435
0.0473914
0.04578175
0.0410626
0.0377279
0.038745
0.04238715
0.04088965
0.03760445
0.0403879
0.03696325
0.03772515
0.0363742
0.03871175
0.03963465
0.0362862
0.0370136
0.03755225
0.03898875
0.04417285
0.0380299
0.0330271
0.03892315
0.03321855
0.03724095
0.03545905
0.034785
0.03976625
0.03412795
0.0369007
0.0332466
0.03571385
0.0313614
0.03442675
0.03188285
0.0335141
0.03330705
0.0335397
0.03544025
0.0339715
0.0349782
0.03504365
0.03264565
0.0319254
0.0328629
0.03343015
0.0319056
0.03357485
0.03357215
0.03455565
0.03106615
0.02929965
0.02818805
0.03055745
0.02932375
0.03072025
0.02967895
0.02832615
0.0305271
0.02959945
0.03163045
0.028207
0.0301383
0.02880245
0.0274966
0.02921915
0.02867695
0.02935865
0.03211515
0.03135285
0.0339809
0.03081705
0.03045775
0.0316439
0.03142
0.02916815
0.028182
0.02716285
0.02930305
0.02672965
0.0275312
0.02928975
0.02782205
0.0315396
0.026512
0.02879855
0.0278769
0.03030335
0.0321855
0.02831455
0.03035625
0.0302732
0.03064185
0.0291839
0.03141715
0.02780045
0.03288825
0.03059035
0.0292237
0.03032425
0.02862335
0.0273808
0.030143
0.03231235
0.0295295
0.02793425
0.02795475
0.02906605
0.029427
0.03090505
0.0288204
0.0283131
0.0291211
0.02952905
0.0302007
0.02942255
0.0288643
0.0300492
0.03028095
0.03338745
0.02929145
0.02812415
0.02959345
0.02441175
0.0292259
0.029666
0.0291247
0.0266995
0.02637845
0.0269757
0.02814335
0.02945805
0.03026435
0.0282445
0.03021035
0.0297361
0.0304167
0.02927
0.02817685
0.0268061
0.0262268
0.0286515
0.0285552
0.0302987
0.02603355
0.0281112
0.02701345
0.0288863
0.02669585
0.0280078
0.02777965
0.02650525
0.0271738
0.02812585
0.0289054
0.0286396
0.02940215
0.0265123
0.02820745
0.02783065
0.02596125
0.02775925
0.02623835
0.03109115
0.02767365
0.0286536
0.02633505
0.0274478
0.0279924
0.03048055
0.02758045
0.0299858
0.026107
0.0283018
0.02893295
0.02948195
0.02990885
0.0312794
0.0294115
0.0311656
0.0324255
0.0314645
0.03049745
0.0292925
0.03114645
0.02952545
0.0322611
0.0312519
0.0331267
0.02932535
0.03150605
0.0294301
0.02994265
0.03153365
0.0279889
0.0290881
0.027871
0.02783195
0.0278587
0.0289041
0.02531255
0.02701615
0.0275638
0.0265412
0.02539165
0.02762725
0.02845565
0.0270829
0.0270853
0.0257942
0.02615025
0.02852465
0.02718275
0.02863645
0.0246629
0.0262742
0.02664295
0.02573515
0.03032445
0.0264603
0.0261187
0.0254668
0.0275582
0.02851025
0.0297388
0.02825305
0.02641045
0.02875655
0.027409
0.02883195
0.02695625
0.02452855
0.02810825
0.0286455
0.0270903
0.02716755
0.02692705
0.02751095
0.02768535
0.0272182
0.02736985
0.02642085
0.02726795
0.02838385
0.02709835
0.0252163
0.0303086
0.0287071
0.0273345
0.0258443
0.03080505
0.02927445
0.0314349
0.0300412
0.0267616
0.02875975
0.02773685
0.03003125
0.0269647
0.0277068
0.0284159
0.02860755
0.02449075
0.03021405
0.027806
0.02419055
0.0302797
0.0275122
0.02512745
0.0309236
0.02804245
0.0270513
0.0292097
0.02921495
0.0299752
0.0280854
0.02944085
0.03415785
0.0313214
0.0330287
0.0322058
0.03205435
0.03214855
0.0328385
0.03660625
0.03250175
0.03348365
0.03420255
0.03238465
0.0333981
0.0320328
0.0364989
0.03186585
0.0316785
0.03304315
0.0293564
0.0309912
0.0332414
0.0307988
0.03265545
0.03702895
0.0353216
0.03539095
0.0376621
0.04064625
0.03592705
0.0349889
0.03449875
0.0367496
0.03670885
0.03848735
0.0413829
0.0391259
0.03779225
0.0378053
0.03764745
0.03860155
0.03487235
0.04001545
0.03639035
0.04001415
0.0374276
0.04068215
0.03866855
0.03784205
0.0362415
0.03242285
0.0338237
0.03338395
0.03230645
0.03255125
0.0327326
0.033209
0.0328411
0.0346216
0.03757415
0.0365474
0.0332445
0.03590685
0.0336774
0.0335196
0.0341092
0.0336512
0.032928
0.03311265
0.0310264
0.0329334
0.0319103
0.0332942
0.02872325
0.0330708
0.03331885
0.0326622
0.03253855
0.0302439
0.0333986
0.0329312
0.0313165
0.03379435
0.03658935
0.03477525
0.03320035
0.0337043
0.03849615
0.03643905
0.0352816
0.0391497
0.0359023
0.03579395
0.03597505
0.0386635
0.03602715
0.03427845
0.03433815
0.0330576
0.0326284
0.0351127
0.0338351
0.0325573
0.0336183
0.03442935
0.035353
0.03650215
0.03536985
0.03626025
0.0342967
0.03559515
0.03723215
0.03329005
0.0369334
0.0364223
0.03614575
0.03711385
0.03604775
0.0347286
0.0300875
0.03273655
0.0346105
0.03318625
0.03193385
0.035239
0.0351909
0.0335467
0.03226905
0.03190925
0.0333601
0.03284435
0.0348568
0.03685325
0.03578125
0.0334772
0.03713615
0.0390155
0.0368761
0.0380506
0.03442765
0.03573565
0.03705795
0.0375016
0.0378576
0.0402812
0.04078075
0.03712825
0.0383203
0.0387951
0.0399788
0.03823935
0.0371182
0.03615455
0.0356977
0.0372127
0.03466295
0.03584545
0.0355311
0.0377663
0.0347602
0.03397655
0.03774995
0.03186005
0.0353387
0.0347557
0.03076525
0.0335243
0.03205945
0.03286375
0.03365515
0.0334421
0.0357547
0.03433195
0.0340225
0.03720245
0.03556495
0.033634
0.03573385
0.03587435
0.0369168
0.0377898
0.0371624
0.0358775
0.0351597
0.03735385
0.03800775
0.03880215
0.03905325
0.0409904
0.0410635
0.04419445
0.03897755
0.0384789
0.0410135
0.0426893
0.04061315
0.03950345
0.04127305
0.0403092
0.04058675
0.04400335
0.04360485
0.0385237
0.0451305
0.04226685
0.0419783
0.04009585
0.04369325
0.04059945
0.0426758
0.04176755
0.04292115
0.04298275
0.0398662
0.045133
0.0453071
0.044557
0.0417113
0.04308705
0.03797915
0.0393058
0.04151515
0.03847285
0.0392349
0.0375467
0.0330464
0.03860005
0.0373192
0.03373005
0.0329916
0.03398565
0.03233195
0.03545685
0.0351386
0.0354378
0.03402545
0.0353164
0.0354066
0.0368356
0.03589175
0.03577325
0.0362233
0.03600345
0.03402695
0.0365994
0.0350116
0.03685725
0.0325145
0.0335228
0.03453795
0.03259345
0.03325575
0.03372815
0.03614685
0.038929
0.0383575
0.0346434
0.03570145
0.03649025
0.040915
0.0369957
0.03570055
0.03895905
0.0405432
0.03827285
0.03759305
0.0344513
0.03754155
0.03549435
0.03648135
0.03617915
0.03414295
0.0331933
0.0352927
0.03537645
0.0366723
0.0348985
0.03409515
0.03644515
0.03829325
0.0353218
0.0376591
0.0354075
0.03694115
0.03515465
0.03642155
0.03907005
0.0372251
0.04055975
0.0396419
0.0391989
0.04031535
0.03686095
0.03986445
0.03809445
0.0397408
0.0389022
0.038681
0.03835375
0.03839555
0.0384432
0.03849945
0.03855385
0.0386062
0.03865455
0.0387001
0.0387434
0.038781
0.0388093
0.0388321
0.0388477
0.03885835
0.0388658
0.0388697
0.0388742
0.03888035
0.0388908
0.03890945
0.0380673
0.0360502
0.04097625
0.03801885
0.0423999
0.0424308
0.03943795
0.04241585
0.0422775
0.04084025
0.04092115
0.0424669
0.04033545
0.04167775
0.0419278
0.04723615
0.0458527
0.04130935
0.04967995
0.0472002
0.04294835
0.04495045
0.0482951
0.0468629
0.0473239
0.04568175
0.0445573
0.04536055
0.04606595
0.05014285
0.04743505
0.0497047
0.04751085
0.04582055
0.04479615
0.0458392
0.04731995
0.0463118
0.0457002
0.04501065
0.0461847
0.044923
0.0471483
0.04761325
0.04608285
0.0491231
0.0451782
0.04438695
0.04500165
0.0468314
0.04560825
0.0446005
0.04087395
0.0386826
0.03914425
0.0363077
0.0384051
0.0382687
0.0369526
0.03602005
0.03717735
0.0366386
0.0360816
0.03986595
0.04108635
0.03545925
0.04021115
0.03921485
0.03896055
0.0378482
0.0393623
0.03647005
0.04095855
0.0421686
0.040424
0.03715155
0.0386157
0.0405901
0.03927825
0.0372618
0.0373239
0.03544115
0.0390985
0.041121
0.03701565
0.0389347
0.03929195
0.03837235
0.0382704
0.042861
0.0383087
0.038241
0.04212705
0.0389127
0.03961205
0.04121755
0.04017755
0.04190155
0.0396686
0.0408809
0.0416303
0.0382885
0.0438671
0.0423012
0.04003055
0.04404445
0.0427055
0.0445004
0.03940825
0.0422714
0.04109765
0.0414335
0.04201555
0.0446404
0.04182175
0.0440265
0.0441989
0.0436209
0.0432497
0.04566705
0.0412278
0.04432055
0.0418077
0.04534195
0.0412045
0.0424466
0.044372145
0.04212755
0.0407525
0.04013435
0.0433706
0.0461483
0.04384975
0.04365775
0.042232
0.042062
0.0437662
0.0413593
0.04651975
0.0425476
0.0460316
0.04474065
0.04382715
0.04915505
0.0484166
0.0434043
0.0454563
0.0454712
0.0433116
0.04384885
0.0434401
0.04535685
0.04616315
0.0459469
0.04222725
0.04360395
0.04111905
0.04337255
0.04412185
0.04143875
0.041681118
0.038333265
0.0399575
0.03639905
0.0430051
0.042068
0.0413605
0.0409118
0.0429147
0.04088365
0.0426588
0.0430065
0.04128605
0.04116155
0.0407243
0.0420485
0.03956715
0.0406555
0.04006765
0.0399554
0.0383366
0.03872835
0.04116485
0.03632
0.03944115
0.03847965
0.0389627
0.03715705
0.0380665
0.039914936
0.03833015
0.0390496
0.0376791
0.03791435
0.0392061
0.0383436
0.0385794
0.0400847
0.04136725
0.04150525
0.04335785
0.0414921
0.042556418
0.0451551
0.0467614
0.04135825
0.0406849
0.0424201
0.041249
0.04305895
0.0448071
0.04236875
0.04348055
0.0397563
0.03962495
0.04242105
0.04363015
0.04088375
0.0437416
0.0429235
0.0455394
0.04417555
0.04397795
0.04328365
0.0417358
0.0469455
0.04626785
0.046790906
0.04699365
0.0488871
0.046115
0.0470562
0.0448713
0.047076
0.0447383
0.04828745
0.04897735
0.0443617
0.0465659
0.04502855
0.04911445
0.04520725
0.0473105
0.04406195
0.04356915
0.0464784
0.0466654
0.04453975
0.04645265
0.044932647
0.04498505
0.041839
0.04289915
0.04614055
0.04385765
0.042705
0.0396383
0.0417141
0.04153545
0.04333295
0.042716
0.0448987
0.0440611
0.0410369
0.041301
0.0417543
0.0411651
0.0410847
0.0402894
0.04054915
0.0383695
0.03982595
0.04041525
0.04012115
0.0428353
0.0434328
0.0391387
0.0406773
0.04225385
0.03980355
0.04078805
0.0403135
0.03686645
0.0393556
0.0371726
0.0374294
0.03911605
0.0383957
0.0367969
0.0377483
0.0389654
0.0350123
0.03535335
0.0357343
0.03461705
0.0363963
0.03740515
0.0365759
0.0347516
0.0339907
0.0352324
0.0351757
0.03641755
0.0349276
0.0371678
0.03431115
0.03655355
0.0353876
0.0356039
0.03559045
0.0379735
0.035448
0.0339358
0.0314453
0.0368353
0.03188175
0.03761235
0.03424895
0.03296835
0.03494825
0.037037
0.03447835
0.0345483
0.03298175
0.0336204
0.03292465
0.0329382
0.03294335
0.0329424
0.03293905
0.03293695
0.0329432
0.03294925
0.0329568
0.0329748
0.03230735
0.0323139
0.03094875
0.03248185
0.03458975
0.03331815
0.0343881
0.03287725
0.03439625
0.03546155
0.03228575
0.0356469
0.0343624
0.0346388
0.03380045
0.03296755
0.0315688
0.03286015
0.03322605
0.0308968
0.0299089
0.037317
0.03546195
0.03146605
0.03610465
0.0330198
0.03486325
0.03324445
0.03290935
0.03353265
0.0313278
0.03580915
0.0382005
0.03679195
0.03777325
0.03721005
0.03561085
0.03919685
0.0365535
0.0345251
0.03478145
0.0371703
0.03166105
0.033835409
0.03209585
0.0331098
0.03340645
0.03686045
0.03585715
0.0353869
0.03621175
0.03834935
0.03649655
0.03935605
0.0375668
0.0363922
0.03838925
0.040421
0.0410507
0.03888235
0.04125025
0.0425543
0.0397532
0.040059
0.0471163
0.04349045
0.04383405
0.0448377
0.0451428
0.04757775
0.0437117
0.0453347
0.0452374
0.0457796
0.05089695
0.04601275
0.04750975
0.04883145
0.04933945
0.0478612
0.0471953
0.0492188
0.048498
0.05084105
0.04662185
0.0502114
0.05026145
0.04890385
0.05153565
0.0483894
0.0467948
0.04848975
0.04564565
0.0390828
0.04250345
0.04207425
0.0440982
0.0431649
0.04534695
0.04385895
0.04242275
0.04596935
0.04666655
0.04694335
0.04451145
0.0460887
0.04865665
0.04677795
0.0457783
0.045985
0.0482896
0.04912685
0.0461001
0.04348715
0.04750465
0.0472981
0.05009225
0.04842375
0.05059615
0.05002915
0.049964
0.04802825
0.0512269
0.0512972
0.0521412
0.05125295
0.0501385
0.0516888
0.04731935
0.04786845
0.0480888
0.05069355
0.0515126
0.0495439
0.0471389
0.04927015
0.0472686
0.0496211
0.05064875
0.05058275
0.048531
0.04880805
0.0463183
0.0461288
0.0451529
0.0440621
0.04641095
0.04446755
0.04835605
0.042458
0.0501983
0.0446085
0.04628935
0.04532085
0.0501783
0.04814705
0.0455088
0.0467713
0.0485378
0.05476675
0.04928505
0.04644345
0.05110785
0.0491425
0.0540143
0.0485579
0.04817525
0.0496948
0.05252365
0.0491123
0.0493959
0.0498004
0.049196117
0.0514565
0.047496
0.05048755
0.0492955
0.04973765
0.0505999
0.0499498
0.0486506
0.0508976
0.0523127
0.0507046
0.0511994
0.0528588
0.0532561
0.051418
0.05288455
0.05044225
0.05469935
0.05150775
0.0545112
0.05191595
0.05414525
0.0580362
0.0552379
0.05900695
0.05784835
0.05884835
0.05973095
0.0548732
0.0594089
0.06223375
0.05824625
0.06056795
0.0668209
0.06006865
0.0609033
0.06293195
0.064368
0.0608845
0.06121315
0.06282375
0.06056215
0.0642425
0.0594984
0.06365345
0.0581382
0.0604183
0.0607457
0.0612806
0.06092605
0.0604804
0.0608299
0.05949145
0.0603248
0.06409545
0.06117555
0.05985885
0.0629986
0.06195435
0.0612759
0.06220785
0.06415965
0.0643193
0.06343575
0.063947104
0.0595519
0.06420605
0.0638197
0.06369415
0.06087635
0.06281655
0.0609046
0.0594087
0.0599975
0.06072405
0.05971765
0.06017955
0.058396988
0.05824765
0.0582081
0.05617325
0.05618965
0.05753545
0.05653365
0.0559609
0.0520075
0.0542048
0.05531455
0.05620195
0.0559491
0.05156995
0.0540963
0.0542466
0.05192305
0.04951735
0.05042055
0.05146115
0.0524246
0.05015
0.05142345
0.0476819
0.0490549
0.04864585
0.05042435
0.0465275
0.04315395
0.04364505
0.0435585
0.04316355
0.0451757
0.0444898
0.0420251
0.04566515
0.0460799
0.0453183
0.0439741
0.04619555
0.04848335
0.04623335
0.04382655
0.0428914
0.04730645
0.0450435
0.0467177
0.04476225
0.04822595
0.04514465
0.04915835
0.04774605
0.04924955
0.0466934
0.0483746
0.0462309
0.04691315
0.04905595
0.04529535
0.04769735
0.04775945
0.0469487
0.04734415
0.04481515
0.04558265
0.0469951
0.0472797
0.04801365
0.04786305
0.0486156
0.04644805
0.04893015
0.0473629
0.0484579
0.0505699
0.0491575
0.051253
0.0491982
0.05058065
0.04927495
0.0505454
0.0497201
0.0517064
0.050448
0.0500435
0.0528867
0.0502722
0.0503357
0.05660225
0.05535255
0.0549185
0.0580991
0.057734
0.06038615
0.05792725
0.06389755
0.06037955
0.0578358
0.05995095
0.06156105
0.06091085
0.06214825
0.060051
0.0595004
0.05546535
0.05877225
0.05795405
0.0578181
0.0587461
0.0586741
0.0548848
0.0553704
0.05590125
0.05917115
0.0550843
0.056095
0.05646105
0.05505105
0.05861555
0.05669605
0.0560955
0.05468925
0.0563553
0.0543805
0.05476155
0.0569828
0.05618295
0.05826745
0.05447325
0.05463545
0.05463095
0.05388365
0.05675815
0.0557277
0.05461955
0.0558886
0.0537724
0.05288085
0.0541249
0.0553292
0.0563575
0.05516485
0.05568225
0.05562335
0.05470375
0.05364635
0.05227095
0.05312595
0.051397791
0.0515991
0.05291545
0.0511283
0.05272635
0.0518198
0.0521954
0.05113085
0.0501699
0.05154925
0.0523287
0.0538754
0.05397735
0.0541609
0.05304935
0.0555198
0.05751615
0.05732415
0.0560612
0.05428805
0.0613217
0.0589464
0.05691415
0.0578254
0.0601646
0.056578
0.05799045
0.0553279
0.0534506
0.0475529
0.0464482
0.047781936
0.04592925
0.04621525
0.0466645
0.04663495
0.0478356
0.0488246
0.048559
0.0515906
0.0484022
0.05057985
0.0487199
0.05154425
0.0484665
0.05063615
0.0468975
0.0527405
0.0519257
0.0522704
0.0512126
0.0543557
0.05047335
0.051265
0.0492695
0.0505059
0.0495012
0.0503283
0.0432546
0.044344
0.04078525
0.0392142
0.04111645
0.0408085
0.04041105
0.04119465
0.04172225
0.0432457
0.04197735
0.04329835
0.0440933
0.04589155
0.04429155
0.0462708
0.04462465
0.0440436
0.0447035
0.0444893
0.0488831
0.0468369
0.0476721
0.0467771
0.04807565
0.04929875
0.0502659
0.05142335
0.0510901
0.0541107
0.05023125
0.0509831
0.05206505
0.05197415
0.04822435
0.05066205
0.048642
0.05154735
0.05140795
0.0511058
0.05076175
0.053326
0.05479245
0.05178635
0.05237015
0.0550672
0.0564095
0.05763425
0.05901905
0.06000635
0.06274165
0.0592047
0.05593295
0.0568814
0.05958875
0.0601603
0.0609088
0.05926035
0.06593405
0.06741725
0.0672311
0.06882255
0.0757358
0.07130495
0.07107397
0.06605325
0.0726111
0.070391176
0.07465795
0.0721556
0.0753602
0.0808849
0.08503935
0.08718465
0.0849573
0.0837358
0.08881225
0.0862544
0.08646735
0.0867146
0.0869853
0.08522385
0.08635845
0.08795225
0.0882112
0.08415485
0.0851524
0.086014
0.08397675
0.08399325
0.08277035
0.08406345
0.0860868
0.08801205
0.08616855
0.0906585
0.0950335
0.09209795
0.0947115
0.09260835
0.0980486
0.0934441
0.0969341
0.0984711
0.09541425
0.103441
0.105188
0.09788145
0.09760705
0.1026915
0.0997383
0.10032865
0.0990156
0.10129835
0.107234
0.1062555
0.1026425
0.09952185
0.1007535
0.1007395
0.1039015
0.10078025
0.09879
0.09857085
0.09632235
0.10002345
0.09693615
0.0974161
0.09670525
0.0963237
0.1001033
0.1054205
0.102217
0.104646
0.110231
0.109241
0.104945
0.105399
0.1043185
0.1080695
0.103044
0.100903
0.09866595
0.09554325
0.0946918
0.0906612
0.0877743
0.08191915
0.07920345
0.07393805
0.069515
0.0675273
0.06506595
0.06139025
0.05493975
0.05281065
0.04822855
0.04283225
0.03873355
0.0365574
0.0355483
0.0347844
0.0310707
0.03073115
0.0293513
0.03094425
0.0312643
0.0331367
0.03401085
0.0338271
0.0339566
0.03273155
0.0317367
0.0331763
0.03300825
0.0332458
0.0327268
0.0334866
0.03363805
0.03342855
0.03100875
0.03143755
0.033724
0.03444305
0.03420245
0.0341881
0.03383415
0.0338236
0.03430755
0.03289305
0.03016515
0.0309947
0.0332729
0.0326462
0.0322531
0.031065
0.03127355
0.0339362
0.03585985
0.03483565
0.03607895
0.0361521
0.03701075
0.0352112
0.03469025
0.03443885
0.0340901
0.03463595
0.03343905
0.03438325
0.0348304
0.03615925
0.0376818
0.03560595
0.0368217
0.0376008
0.03931965
0.0371633
0.03802725
0.0385917
0.0386575
0.038546
0.03733755
0.03570865
0.03688425
0.0379887
0.03674415
0.03740765
0.03780335
0.039186
0.0383086
0.03788725
0.03905285
0.0385164
0.03620735
0.0344393
0.03326715
0.0342802
0.034402
0.0360709
0.03570505
0.03655525
0.03519425
0.03564905
0.03511985
0.03455375
0.03441335
0.03373215
0.034192
0.0339258
0.035295
0.0338989
0.03487885
0.03652175
0.0343914
0.0347007
0.03500035
0.0352227
0.0342685
0.0360776
0.0360185
0.0342395
0.03343605
0.033492
0.0330118
0.0324271
0.0338099
0.03304905
0.03483215
0.0349117
0.03521645
0.03607875
0.03580375
0.03496735
0.03473455
0.0356162
0.0360523
0.035604
0.0354593
0.0358993
0.03639125
0.03775305
0.03689075
0.03681335
0.03579885
0.0365881
0.03763245
0.03773265
0.03644015
0.0360696
0.03625145
0.036755
0.0379402
0.0380121
0.03746695
0.04124555
0.0416463
0.04257655
0.0422377
0.0380236
0.0371679
0.0370827
0.0396129
0.03899025
0.0403101
0.04125945
0.0434334
0.04914815
0.04802
0.0507695
0.05019465
0.0507461
0.04779735
0.0496043
0.0508499
0.0541336
0.06162255
0.0616619
0.05489305
0.05666635
0.0613296
0.0629162
0.06231405
0.05905445
0.05102455
0.0477153
0.0478258
0.0504316
0.05433385
0.05974915
0.05350725
0.0521606
0.05433655
0.054763544
0.05336215
