#Sigma on accu for EDML from AICC2012.
0.151053247513
0.151111761264
0.151170275015
0.151228788765
0.151287302516
0.151345816267
0.151404330018
0.151462843768
0.151521357519
0.15157987127
0.15163838502
0.151696898771
0.151755412522
0.151813926273
0.151872440023
0.151930953774
0.151989467525
0.152047981276
0.152106495026
0.152165008777
0.152223522528
0.152282036279
0.152340550029
0.15239906378
0.152457577531
0.152516091281
0.152574605032
0.152633118783
0.152691632534
0.152750146284
0.152808660035
0.152867173786
0.152925687537
0.152984201287
0.153042715038
0.153101228789
0.153159742539
0.15321825629
0.153276770041
0.153335283792
0.153393797542
0.153452311293
0.153510825044
0.153569338795
0.153627852545
0.153686366296
0.153744880047
0.153803393798
0.153861907548
0.153920421299
0.15397893505
0.1540374488
0.154095962551
0.154154476302
0.154212990053
0.154271503803
0.154330017554
0.154388531305
0.154447045056
0.154505558806
0.154564072557
0.154622586308
0.154681100059
0.154739613809
0.15479812756
0.154856641311
0.154915155061
0.154973668812
0.155032182563
0.155090696314
0.155149210064
0.155207723815
0.155266237566
0.155324751317
0.155383265067
0.155441778818
0.155500292569
0.155558806319
0.15561732007
0.155675833821
0.155734347572
0.155792861322
0.155851375073
0.155909888824
0.155968402575
0.156026916325
0.156085430076
0.156143943827
0.156202457578
0.156260971328
0.156319485079
0.15637799883
0.15643651258
0.156495026331
0.156553540082
0.156612053833
0.156670567583
0.156729081334
0.156787595085
0.156846108836
0.156904622586
0.156963136337
0.157021650088
0.157080163839
0.157138677589
0.15719719134
0.157255705091
0.157314218841
0.157372732592
0.157431246343
0.157489760094
0.157548273844
0.157606787595
0.157665301346
0.157723815097
0.157782328847
0.157840842598
0.157899356349
0.157957870099
0.15801638385
0.158074897601
0.158133411352
0.158191925102
0.158250438853
0.158308952604
0.158367466355
0.158425980105
0.158484493856
0.158543007607
0.158601521358
0.158660035108
0.158718548859
0.15877706261
0.15883557636
0.158894090111
0.158952603862
0.159011117613
0.159069631363
0.159128145114
0.159186658865
0.159245172616
0.159303686366
0.159362200117
0.159420713868
0.159479227618
0.159537741369
0.15959625512
0.159654768871
0.159713282621
0.159771796372
0.159830310123
0.159888823874
0.159947337624
0.160005851375
0.160064365126
0.160122878877
0.160181392627
0.160239906378
0.160298420129
0.160356933879
0.16041544763
0.160473961381
0.160532475132
0.160590988882
0.160649502633
0.160708016384
0.160766530135
0.160825043885
0.160883557636
0.160942071387
0.161000585138
0.161059098888
0.161117612639
0.16117612639
0.16123464014
0.161293153891
0.161351667642
0.161410181393
0.161468695143
0.161527208894
0.161585722645
0.161644236396
0.161702750146
0.161761263897
0.161819777648
0.161878291398
0.161936805149
0.1619953189
0.162053832651
0.162112346401
0.162170860152
0.162229373903
0.162287887654
0.162346401404
0.162404915155
0.162463428906
0.162521942657
0.162580456407
0.162638970158
0.162697483909
0.162755997659
0.16281451141
0.162873025161
0.162931538912
0.162990052662
0.163048566413
0.163107080164
0.163165593915
0.163224107665
0.163282621416
0.163341135167
0.163399648917
0.163458162668
0.163516676419
0.16357519017
0.16363370392
0.163692217671
0.163750731422
0.163809245173
0.163867758923
0.163926272674
0.163984786425
0.164043300176
0.164101813926
0.164160327677
0.164218841428
0.164277355178
0.164335868929
0.16439438268
0.164452896431
0.164511410181
0.164569923932
0.164628437683
0.164686951434
0.164745465184
0.164803978935
0.164862492686
0.164921006437
0.164979520187
0.165038033938
0.165096547689
0.165155061439
0.16521357519
0.165272088941
0.165330602692
0.165389116442
0.165447630193
0.165506143944
0.165564657695
0.165623171445
0.165681685196
0.165740198947
0.165798712697
0.165857226448
0.165915740199
0.16597425395
0.1660327677
0.166091281451
0.166149795202
0.166208308953
0.166266822703
0.166325336454
0.166383850205
0.166442363956
0.166500877706
0.166559391457
0.166617905208
0.166676418958
0.166734932709
0.16679344646
0.166851960211
0.166910473961
0.166968987712
0.167027501463
0.167086015214
0.167144528964
0.167203042715
0.167261556466
0.167320070217
0.167378583967
0.167437097718
0.167495611469
0.167554125219
0.16761263897
0.167671152721
0.167729666472
0.167788180222
0.167846693973
0.167905207724
0.167963721475
0.168022235225
0.168080748976
0.168139262727
0.168197776477
0.168256290228
0.168314803979
0.16837331773
0.16843183148
0.168490345231
0.168548858982
0.168607372733
0.168665886483
0.168724400234
0.168782913985
0.168841427736
0.168899941486
0.168958455237
0.169016968988
0.169075482738
0.169133996489
0.16919251024
0.169251023991
0.169309537741
0.169368051492
0.169426565243
0.169485078994
0.169543592744
0.169602106495
0.169660620246
0.169719133996
0.169777647747
0.169836161498
0.169894675249
0.169953188999
0.17001170275
0.170070216501
0.170128730252
0.170187244002
0.170245757753
0.170304271504
0.170362785255
0.170421299005
0.170479812756
0.170538326507
0.170596840257
0.170655354008
0.170713867759
0.17077238151
0.17083089526
0.170889409011
0.170947922762
0.171006436513
0.171064950263
0.171123464014
0.171181977765
0.171240491516
0.171299005266
0.171357519017
0.171416032768
0.171474546518
0.171533060269
0.17159157402
0.171650087771
0.171708601521
0.171767115272
0.171825629023
0.171884142774
0.171942656524
0.172001170275
0.172059684026
0.172118197776
0.172176711527
0.172235225278
0.172293739029
0.172352252779
0.17241076653
0.172469280281
0.172527794032
0.172586307782
0.172644821533
0.172703335284
0.172761849035
0.172820362785
0.172878876536
0.172937390287
0.172995904037
0.173054417788
0.173112931539
0.17317144529
0.17322995904
0.173288472791
0.173346986542
0.173405500293
0.173464014043
0.173522527794
0.173581041545
0.173639555295
0.173698069046
0.173756582797
0.173815096548
0.173873610298
0.173932124049
0.1739906378
0.174049151551
0.174107665301
0.174166179052
0.174224692803
0.174283206554
0.174341720304
0.174400234055
0.174458747806
0.174517261556
0.174575775307
0.174634289058
0.174692802809
0.174751316559
0.17480983031
0.174868344061
0.174926857812
0.174985371562
0.175043885313
0.175102399064
0.175160912815
0.175219426565
0.175277940316
0.175336454067
0.175394967817
0.175453481568
0.175511995319
0.17557050907
0.17562902282
0.175687536571
0.175746050322
0.175804564073
0.175863077823
0.175921591574
0.175980105325
0.176038619075
0.176097132826
0.176155646577
0.176214160328
0.176272674078
0.176331187829
0.17638970158
0.17644821533051
0.176506729081
0.176565242832
0.176623756583
0.176682270334
0.176740784084
0.176799297835
0.17685781158596
0.176916325336
0.176974839087
0.177033352838
0.177091866589
0.177150380339
0.17720889409
0.177267407841
0.177325921592
0.17738443534249
0.177442949093
0.177501462844
0.17755997659451
0.177618490345
0.177677004096
0.177735517847
0.177794031597
0.177852545348
0.177911059099
0.17796957285
0.1780280866
0.178086600351
0.178145114102
0.178203627853
0.178262141603
0.178320655354
0.178379169105
0.178437682855
0.178496196606
0.178554710357
0.178613224108
0.178671737858
0.178730251609
0.17878876536
0.178847279111
0.178905792861
0.178964306612
0.179022820363
0.179081334114
0.179139847864
0.179198361615
0.179256875366
0.179315389116
0.179373902867
0.179432416618
0.179490930369
0.179549444119
0.17960795787
0.179666471621
0.179724985372
0.17978349912204
0.179842012873
0.179900526624
0.179959040374
0.180017554125
0.180076067876
0.180134581627
0.180193095377
0.180251609128
0.180310122879
0.18036863663
0.18042715038
0.180485664131
0.18054417788149
0.18060269163251
0.180661205383
0.180719719134
0.180778232885
0.180836746635
0.180895260386
0.180953774137
0.181012287888
0.181070801638
0.181129315389
0.18118782914
0.181246342891
0.181304856641
0.181363370392
0.181421884143
0.181480397894
0.181538911644
0.181597425395
0.181655939146
0.181714452896
0.181772966647
0.181831480398
0.181889994149
0.181948507899
0.18200702165
0.182065535401
0.182124049152
0.182182562902
0.182241076653
0.182299590404
0.182358104154
0.182416617905
0.182475131656
0.182533645407
0.182592159157
0.182650672908
0.182709186659
0.18276770041
0.18282621416
0.182884727911
0.182943241662
0.183001755413
0.183060269163
0.183118782914
0.183177296665
0.183235810415
0.183294324166
0.183352837917
0.183411351668
0.183469865418
0.183528379169
0.18358689292
0.183645406671
0.183703920421
0.183762434172
0.183820947923
0.183879461673
0.183937975424
0.183996489175
0.184055002926
0.184113516676
0.184172030427
0.184230544178
0.184289057929
0.184347571679
0.18440608543
0.184464599181
0.184523112932
0.184581626682
0.184640140433
0.184698654184
0.184757167934
0.184815681685
0.184874195436
0.184932709187
0.184991222937
0.185049736688
0.185108250439
0.18516676419
0.18522527794
0.185283791691
0.18534230544196
0.185400819193
0.185459332943
0.185517846694
0.185576360445
0.185634874195
0.185693387946
0.185751901697
0.185810415448
0.185868929198
0.185927442949
0.1859859567
0.186044470451
0.186102984201
0.186161497952
0.186220011703
0.186278525453
0.186337039204
0.186395552955
0.186454066706
0.186512580456
0.186571094207
0.186629607958
0.186688121709
0.186746635459
0.18680514921
0.186863662961
0.186922176712
0.186980690462
0.187039204213
0.187097717964
0.187156231714
0.187214745465
0.187273259216
0.187331772967
0.187390286717
0.187448800468
0.187507314219
0.18756582797
0.18762434172
0.187682855471
0.187741369222
0.187799882972
0.187858396723
0.187916910474
0.187975424225
0.188033937975
0.188092451726
0.188150965477
0.188209479228
0.188267992978
0.188326506729
0.18838502048
0.188443534231
0.188502047981
0.188560561732
0.188619075483
0.188677589233
0.188736102984
0.188794616735
0.188853130486
0.18891164423651
0.188970157987
0.189028671738
0.189087185489
0.189145699239
0.18920421299
0.189262726741
0.189321240492
0.189379754242
0.189438267993
0.189496781744
0.189555295494
0.189613809245
0.189672322996
0.189730836747
0.18978935049751
0.189847864248
0.189906377999
0.18996489175
0.1900234055
0.190081919251
0.190140433002
0.190198946752
0.190257460503
0.190315974254
0.190374488005
0.190433001755
0.190491515506
0.190550029257
0.190608543008
0.190667056758
0.190725570509
0.19078408426
0.190842598011
0.190901111761
0.190959625512
0.191018139263
0.191076653013
0.191135166764
0.191193680515
0.191252194266
0.191310708016
0.191369221767
0.191427735518
0.193476856276
0.199961847286
0.206749353613
0.213241624984
0.219773040596
0.22616910225873
0.23288489293
0.2395696905011
0.24608638752364
0.25218798202
0.258337005563
0.264470179852
0.270233901134
0.275794635597
0.28122126212669
0.286479070753
0.291726929245
0.29630267505316
0.300652527639
0.304949356591
0.309094891055
0.312726301793
0.316093338785
0.319525588167
0.32243610841
0.324966175181
0.327423687132
0.329722891412
0.331926268663
0.333875723307
0.335580841397
0.337126388893
0.338494973803
0.339748970116
0.340917757871
0.341879071746
0.342772449592
0.343598426549
0.344357324087
0.345044428731
0.345668965189
0.346267882464
0.346849151886
0.347385414491
0.34787944559
0.348339492973
0.348761112249
0.349134872807
0.349430961444
0.349692251808
0.349906800147
0.350062665128
0.350136563929
0.35013400274
0.350044889766
0.349863851132
0.349594456414
0.349242619048
0.348781401257
0.348167886021
0.347385028974
0.346570241675
0.345729114451
0.344818052552
0.343890991317
0.342879619155
0.341708813168
0.34058140304
0.339356218004
0.338240323084
0.337149222471
0.336009702758
0.334930361235
0.33398332333
0.333072973043
0.332273458018
0.331539551728
0.330867814056
0.330289115629
0.329832889687
0.329522972551
0.329363165632
0.32935821746
0.329517805607
0.329854149842
0.330301959688
0.330919870953
0.331704354814
0.332624982667
0.333668697204
0.334909362137
0.336301375962
0.337844547499
0.339443978083
0.341097106268
0.342866870349
0.344720369965
0.34680679243
0.348764118576
0.35080807782
0.352866306177
0.355026461171
0.357043036133
0.358923567393
0.360883050955
0.362833886609
0.364780109523
0.366760138931
0.368628545781
0.370334474497
0.371970745875
0.373618446862
0.375081314976
0.376526846785
0.377890764706
0.379186682529
0.380441496433
0.381648734591
0.382846251649
0.384126979521
0.385505699794
0.386816020942
0.388119272514
0.389589858928
0.391169608447
0.392888819136
0.394707399132
0.39658050311
0.398703159741
0.400973489231
0.403378318391
0.405870567984
0.408593440762
0.411572219778
0.414873973247
0.418022371493
0.42148973673
0.424878414675
0.428484179835
0.432548101604
0.437183197563
0.441810686456
0.446134097835
0.450696315468
0.455626665549
0.460345121569
0.465409151164
0.470449848944
0.475501432283
0.480217519278
0.484762484319
0.489447012274
0.494024315898
0.49845818269
0.502460176764
0.505991398157
0.509797863456
0.513799135192
0.517333815803
0.520967432253
0.524118525578
0.52720312366
0.530186125205
0.532697608209
0.535432071582
0.53795227916
0.540521339005
0.542978957214
0.545613680482
0.548050800509
0.550648363704
0.553207165491
0.555839743412
0.55852630032
0.561180898256
0.564057583153
0.566975493013
0.570030914146
0.573375605367
0.576858986576
0.580379817709
0.58393684873
0.587649331391
0.59123096467
0.594783580013
0.598184725388
0.601820919466
0.605501927591
0.609056981958
0.612196581671
0.615093425201
0.617592840066
0.61981300281
0.621800149741
0.623350166833
0.624605096676
0.625554162069
0.626320868828
0.626865931039
0.627262435361
0.627555081585
0.627790438665
0.628024634026
0.628299508566
0.628632256217
0.62904992652
0.629545097052
0.630161180856
0.630888326792
0.631673952343
0.632536510557
0.633481390765
0.634458194685
0.635433441326
0.636273192927
0.6370317175
0.637614171586
0.638000521632
0.638199197923
0.638224334669
0.638027210974
0.637674092833
0.637154654087
0.636599243432
0.636003529136
0.63528888301
0.634617057357
0.633979810214
0.633416317251
0.632912446707
0.632553107183
0.632271069365
0.63217875728
0.63218865948
0.632336569999
0.632612728468
0.633018009328
0.633557460977
0.63414724809
0.634779642148
0.635503894578
0.636313012675
0.637159184484
0.637995010354
0.638838984257
0.639676938391
0.640576640103
0.641509263656
0.642432088048
0.643366528621
0.644312365102
0.645295797348
0.646307850121
0.64731980794
0.64832073896
0.649252729952
0.650273238588
0.651297320079
0.652262795182
0.653285724379
0.654137338183
0.654906033953
0.655621352325
0.656306144765
0.656925381509
0.657482254671
0.657988300198
0.658460429452
0.65893009007
0.659434373641
0.65995427573
0.660507003627
0.661099806993
0.66176225302
0.662492705079
0.663304881871
0.66418401769
0.665052170245
0.66594093458
0.66681633614
0.667792324311
0.668733747331
0.669681512689
0.670581263725
0.671494183906
0.672375948031
0.673246571607
0.674128255846
0.674971167343
0.675770338306
0.676520439069
0.677227625301
0.677866160208
0.678449869516
0.678899283032
0.679195223245
0.679284642034
0.679132428389
0.678675220209
0.678034712211
0.67697240877
0.67558076486
0.673671530303
0.671418870847
0.668851688401
0.666139246299
0.662878937018
0.659577111294
0.655641144498
0.651803029356
0.648041891529
0.644371378009
0.64087820967
0.637794938513
0.634848429751
0.632439183551
0.630486202579
0.628965849318
0.62796014968
0.627553009328
0.627801690972
0.628717514678
0.630184141515
0.632292539469
0.634876309642
0.638230210877
0.641874436046
0.646132515359
0.650688986633
0.655323656138
0.660675419328
0.665901959274
0.671233067278
0.676423116644
0.681331652835
0.685801294995
0.690317949831
0.694073019417
0.697231034376
0.699933603798
0.702105786775
0.703613377564
0.704603724971
0.705162189937
0.70529980265
0.705032722969
0.704426640496
0.703628015876
0.702587856783
0.701446475984
0.699993787844
0.698581478971
0.69716398147
0.695763365595
0.694674991822
0.693558977655
0.692604704266
0.691866364822
0.691429299205
0.691261783117
0.691336721925
0.691654365117
0.69224063267
0.693017082205
0.693991308696
0.695073501116
0.696290039788
0.697618261497
0.698754017659
0.699735001744
0.700547398826
0.701082791398
0.701272679142
0.701079755924
0.700489408036
0.699470772912
0.698044860819
0.696207436312
0.694111137403
0.691882676271
0.689463815607
0.686839136074
0.68476493429
0.682817317289
0.681106164991
0.679790826422
0.679168233556
0.679035870491
0.679418751898
0.680323372474
0.681893337892
0.683910567124
0.68634727586
0.688952310305
0.691945633864
0.694844434569
0.697477418902
0.699731792471
0.701654332178
0.702564886198
0.702689712226
0.701621138739
0.699760440061
0.696723946487
0.692261566871
0.687725584717
0.681952594943
0.675320961604
0.668640624902
0.661761824137
0.654947969004
0.647952101341
0.641451099573
0.636134181333
0.631038738835
0.626738255669
0.622989543787
0.619930374801
0.61756273362
0.615906699369
0.614904965591
0.61426028092
0.614033528092
0.614068119094
0.614241250704
0.614411301182
0.614429585574
0.61421185106
0.613516294482
0.612251876652
0.61038609991
0.607528469612
0.603954509223
0.599942507839
0.594886708236
0.589540232031
0.584347378103
0.578665378165
0.572788321918
0.567220100217
0.561961358513
0.556303478244
0.55081732414
0.545736544408
0.541368454315
0.537681664159
0.534759708766
0.532650082003
0.531114680539
0.530238797633
0.530106464184
0.53075882485
0.532082306838
0.534245864208
0.536830170146
0.540113384766
0.543690932866
0.547795701061
0.551885485656
0.556377830418
0.561062273506
0.566041862053
0.571498158634
0.576678070646
0.581697082508
0.58660457456
0.591170081361
0.595404379999
0.599293403173
0.602919719557
0.606087426549
0.608889360174
0.611593805246
0.614339310649
0.616815874367
0.619256016462
0.621584890706
0.623754302353
0.6257927165
0.627631522444
0.629227726159
0.630559261839
0.63143976302
0.631879828782
0.631817520822
0.631104699653
0.629893251789
0.628158180435
0.625885421927
0.62308238967
0.619604688582
0.616078937738
0.612255651665
0.608148422789
0.604310283775
0.600857157677
0.597457489625
0.594076448581
0.591135155084
0.588963458525
0.587105734537
0.585599514715
0.584631539415
0.583975412193
0.583711613874
0.583784556823
0.584117139191
0.584670922266
0.585397928281
0.586219828512
0.587082085733
0.587892487242
0.588569544646
0.589141196216
0.58958344023
0.589888546262
0.590096089416
0.59025874764
0.590427441406
0.590659782889
0.591006581428
0.591550489049
0.592314858115
0.593311828579
0.594706557036
0.596306849228
0.598170804106
0.600304436005
0.60258336327
0.60508274227
0.607748621473
0.610743769764
0.613328835757
0.615504158925
0.617330441426
0.618635717563
0.619220197805
0.619131544051
0.618233175106
0.616388245641
0.613595233574
0.610065422751
0.605711507811
0.601015053597
0.595918269819
0.590322883119
0.584152596837
0.578469099871
0.572815019939
0.567211026771
0.56195601383
0.556674296784
0.552141191107
0.548405469969
0.545457813209
0.543340580914
0.542035834522
0.541546289793
0.541849539032
0.543039898146
0.545011223989
0.547718366618
0.551204184936
0.555540539724
0.560666960164
0.566345727782
0.572203484883
0.578730020319
0.585277995681
0.591786891292
0.597801510688
0.604010436595
0.609836646934
0.614721015109
0.619543710053
0.623165402009
0.62598670441
0.628033904658
0.628913106777
0.628748838224
0.627573297644
0.625472606134
0.622517780759
0.61903831407
0.61477502783
0.609924995545
0.605041527706
0.59959200671
0.5935396481
0.587564800854
0.581612859127
0.575747702907
0.569994395671
0.564187208817
0.558268638054
0.552313730064
0.546800583232
0.54158310429
0.536540259173
0.531634290237
0.527148477734
0.522766859645
0.518748181807
0.514292691981
0.509815597028
0.505747852329
0.501923538735
0.497990581799
0.494059678753
0.490397467337
0.486732432871
0.483332618949
0.480395797453
0.477669276906
0.474970454395
0.472940613621
0.471226045274
0.46996504784
0.469247990611
0.469168514026
0.469768255351
0.471064312168
0.473107498862
0.475871659935
0.479357914174
0.48387571154
0.488759194416
0.49414308789
0.500205427674
0.507200245241
0.514622450219
0.523313722359
0.532017599028
0.540570586263
0.54981171143
0.558842303941
0.567741755382
0.577125997563
0.584931511568
0.592096297416
0.599041928807
0.605041422662
0.60980914061
0.613673724878
0.616353350814
0.618259070246
0.61945872293
0.620085785631
0.620262626038
0.620123179404
0.619780659567
0.619284716236
0.618692628925
0.618044199492
0.617328429925
0.61647578689
0.61556662693
0.614441697702
0.613162412148
0.611412056026
0.609361994724
0.607001442775
0.604163404359
0.601074443908
0.597817328287
0.59468705309
0.591798591897
0.588961939709
0.586164662492
0.583809167134
0.58200061248
0.580864910505
0.580222685068
0.580256066485
0.580942163404
0.582192035273
0.584019796763
0.586415981253
0.589446332008
0.5925922115
0.595991174179
0.599308691924
0.602442857204
0.605347180015
0.607719570311
0.609266813236
0.609998865562
0.609885436432
0.60887856939
0.606910915596
0.604260705716
0.60107866157
0.597012463948
0.592701324429
0.587753256041
0.582789590928
0.577482371508
0.572449061024
0.567943054613
0.563531092764
0.559775306194
0.556429768264
0.553518484564
0.551159356018
0.54916587802
0.547834417182
0.546981391475
0.546623677713
0.546695913794
0.547163168591
0.547968388953
0.549043142655
0.55032049606
0.551734099203
0.553220181436
0.554718371605
0.556171970052
0.557526179194
0.558732799359
0.559746324347
0.560523967741
0.561025095803
0.561210969247
0.561044619193
0.5604878637
0.559507573288
0.558077635481
0.556173241944
0.553775059165
0.550872913771
0.547336630563
0.543061391032
0.538765320985
0.533748042366
0.528795055645
0.523509683022
0.517526927726
0.511572477137
0.505401415801
0.498787938409
0.49211906971
0.485627518071
0.478786673043
0.472186493327
0.465888738796
0.460257383996
0.454683189934
0.448765798972
0.444037194977
0.439263347463
0.434354370958
0.429933546135
0.426048257491
0.422384916793
0.419014182063
0.415784609063
0.412803029844
0.410167155566
0.407914171691
0.406088381556
0.404513998207
0.403324270235
0.40245943563
0.401998605299
0.402040646593
0.402634344919
0.403811491205
0.405634008524
0.408242162126
0.411655327596
0.415845996636
0.420959872374
0.426693216148
0.433196139058
0.440726333063
0.448637152787
0.457770735056
0.467760136942
0.478177582951
0.488596835358
0.499377299365
0.510634745292
0.522619795691
0.534784378142
0.546082939562
0.556949323298
0.566037895014
0.573652219836
0.579923723353
0.584446040776
0.587123351905
0.588219454733
0.587838577859
0.586397012563
0.584201829965
0.581014013371
0.577760397459
0.574364911651
0.5710382482
0.567946601939
0.565416426785
0.563302575334
0.562032839577
0.56134220849
0.561185812303
0.561575680849
0.562406661222
0.563517333883
0.564834385765
0.566246884658
0.567540156154
0.568603400251
0.569224635109
0.569414989554
0.56909484867
0.568271268318
0.566933184275
0.565059343704
0.562716554738
0.560267331791
0.557209220299
0.553890480797
0.550566756344
0.546926262291
0.543261034724
0.539685661041
0.536070502642
0.532602794698
0.529008638048
0.525571347033
0.522284986298
0.518829901159
0.515885439195
0.512931029189
0.509926032157
0.507303131986
0.504742061447
0.502382810275
0.499965838021
0.497915368097
0.49605901866
0.494501645135
0.49328325073
0.492438597879
0.491888482301
0.49169979727
0.491836067297
0.492283614167
0.493016042454
0.493945144292
0.495118781787
0.496329471819
0.497588342025
0.498699222887
0.499688873968
0.50035780932465
0.500636915965
0.50044720348
0.49966342498
0.498225706423
0.496296742761
0.493945574924
0.49098675965
0.487537183708
0.483574891169
0.479317589968
0.475083381159
0.470635213948
0.466802168441
0.463043187831
0.459951200384
0.45736637935
0.455442983414
0.454422915795
0.454150883625
0.454744648912
0.456233568179
0.458658923308
0.462087726053
0.466321408091
0.471314546152
0.476676158547
0.482358518357
0.488359715944
0.494939089499
0.501297025404
0.507707084071
0.513475037539
0.518614021678
0.523261722783
0.52715388379963
0.530381494556
0.532619939674
0.534063774836
0.534654066131
0.534738625719
0.534464581281
0.534003433689
0.533570220269
0.533308922736
0.533409962541
0.533984715256
0.535184632748
0.537100957664
0.539796008857
0.543149347239
0.547384180614
0.552181017619
0.557523256579
0.563255452977
0.569276043906
0.575213061541
0.580549471658
0.585856875868
0.590013419021
0.593236283203
0.595293560973
0.596062957563
0.595402475538
0.59344555141251
0.590004146278
0.585433127819
0.579587540793
0.572793476489
0.565493394184
0.557668803204
0.549758126267
0.542340850939
0.535572993841
0.529359409127
0.524036053617
0.51943545471973
0.51583469372
0.513291327672
0.511579590434
0.510503386893
0.510190265483
0.51049882124
0.511241826463
0.512170557738
0.513077689082
0.513830213171
0.514202176064
0.513992579356
0.51300369946
0.511254674533
0.508724826567
0.505151233547
0.500952361767
0.496000839069
0.490730350411
0.484855597671
0.478582000055
0.472086675199
0.465407323591
0.459469813724
0.453854212967
0.44868365624006
0.444033143464
0.440100138568
0.43664823987
0.433961366531
0.431949112634
0.430782634049
0.43036669036
0.430703666035
0.431685412431
0.433419497779
0.43570811455
0.438578336462
0.441735221052
0.445518713641
0.449500078234
0.453989725148
0.458761849498
0.463438437136
0.468205631597
0.473156938358
0.477967245223
0.48289102023755
0.487752177652
0.492816471215
0.4976569855
0.502046098786
0.50643358662
0.510795681828
0.515222523672
0.519256631627
0.523044996288
0.526456870729
0.529681310785
0.532554840159
0.535250155358
0.537889691865
0.540239792349
0.542333751106
0.544219408896
0.54590250293
0.547446859401
0.548868751325
0.550309095938
0.551736869155
0.553276872824
0.555028309024
0.556966520507
0.559210056589
0.562111599315
0.565396433372
0.569069957457
0.573471908133
0.57824834402
0.583625910795
0.58984001787
0.596069805857
0.602874590097
0.609740881674
0.616354357391
0.622947944385
0.629486357174
0.635487203774
0.640861282466
0.646109234496
0.650563422269
0.654211078709
0.657136608692
0.659192651528
0.660545044616
0.661349739783
0.661675054837
0.661608942866
0.661321377821
0.660969550992
0.660704494569
0.660623184563
0.660831591595
0.661408878822
0.662340285027
0.6636699643
0.665332828144
0.667263656321
0.669269477334
0.671486866872
0.673829959507
0.676253770014
0.678289635511
0.680473112411
0.682317294098
0.684291136407
0.68640728537
0.688565756845
0.690814781097
0.693477617117
0.696439702756
0.699822398614
0.703414316018
0.707240737048
0.711131477118
0.714932330685
0.718483157708
0.721606839761
0.724142467381
0.725940118176
0.726860732431
0.726836622466
0.725835165453
0.723827715774
0.720952782111
0.717223815858
0.713223945192
0.709380001005
0.705614144611
0.702433957843
0.699901066501
0.698409629079
0.697972115623
0.698664806566
0.70034264828
0.702965335536
0.706290457795
0.710135941443
0.714251462454
0.718367361133
0.721788929272
0.72440271033
0.726051810996
0.726326033232
0.725408409186
0.723268308369
0.719470299576
0.714937851887
0.708920738463
0.702304926776
0.694657407802
0.686600342369
0.678837880062
0.671250678699
0.665661548019
0.661704323001
0.659202743964
0.658505212688
0.659609708363
0.662548369702
0.666704574879
0.672269373676
0.678906656656
0.685594667245
0.691522262642
0.696714676462
0.69975410064014
0.700474100541
0.69853460281
0.694026472634
0.687899551847
0.679901132911
0.67029952905
0.659841610555
0.649308694707
0.638090640631
0.627372425006
0.616307300813
0.605191095567
0.594812308574
0.585251765111
0.576006502879
0.566563934036
0.557664658865
0.549070353987
0.539874433828
0.530638655756
0.52253462636
0.513760530868
0.504749344862
0.495726462914
0.486598564365
0.477629797541
0.467920807683
0.45844513235
0.449068323871
0.440072177174
0.432179410915
0.424200384794
0.417190462706
0.411325105344
0.40667763622
0.403267360121
0.401407061117
0.401286129745
0.402917379822
0.40617883178
0.411465578468
0.418020778372
0.425990675721
0.435253857822
0.444860540978
0.455610742298
0.466845190213
0.477325921569
0.487573765278
0.497839890354
0.505319893283
0.510475094938
0.513119283748
0.513506308176
0.511877416586
0.50836194271
0.50318421263
0.497347526782
0.490936015125
0.484292881628
0.477219159529
0.470527535836
0.464410465339
0.458439439165
0.452661290558
0.447200683218
0.442234385164
0.437469445166
0.432456444261
0.427163755177
0.422225969159
0.417304322736
0.412708125817
0.408076612633
0.403858712101
0.399939706958
0.39641669343
0.393350429963
0.391036186304
0.389335998623
0.388253648622
0.387742498594
0.387790713633
0.388353249895
0.389480940555
0.391091538618
0.393151556526
0.395533581087
0.39832078472
0.40172423232
0.405846456092
0.410496097151
0.415969941271
0.421931036661
0.428363626203
0.435292188995
0.442819745339
0.450427215999
0.4582967229
0.465639990448
0.472117597654
0.477338084558
0.480709965021
0.482257752666
0.481832342084
0.479175729257
0.475123303268
0.468988995482
0.461602708383
0.453016820174
0.444547164069
0.435604121351
0.426329929207
0.41780015761
0.410437756632
0.404700504043
0.399501630359
0.395346325329
0.392783580356
0.391370760069
0.391056164152
0.39163205752
0.392982671721
0.394788782667
0.396721414445
0.398756994791
0.400553313699
0.401890516401
0.4026206751989
0.402638466893
0.401826448732
0.400262233957
0.397913302954
0.394899827431
0.391414872667
0.387437741769
0.383005229234
0.3786003999
0.374175264328
0.369541265726
0.364817986291
0.360029565795
0.354920486729
0.349190661529
0.34296821024
0.335614404952
0.327885658519
0.318617365229
0.308740543528
0.297323750444
0.285375357004
0.273300836384
0.265272088941
0.265330602692
0.265389116442
0.265447630193
0.265506143944
0.265564657695
0.265623171445
0.265681685196
0.265740198947
0.265798712697
0.265857226448
0.265915740199
0.26597425395
0.2660327677
0.266091281451
0.266149795202
0.266208308953
0.266266822703
0.266325336454
0.266383850205
0.266442363956
0.266500877706
0.266559391457
0.266617905208
0.266676418958
0.266734932709
0.26679344646
0.266851960211
0.266910473961
0.266968987712
0.267027501463
0.267086015214
0.267144528964
0.267203042715
0.267261556466
0.267320070217
0.267378583967
0.267437097718
0.267495611469
0.267554125219
0.26761263897
0.26767115272051
0.267729666472
0.267788180222
0.267846693973
0.267905207724
0.267963721475
0.268022235225
0.268080748976
0.268139262727
0.268197776477
0.268256290228
0.268314803979
0.26837331772996
0.26843183148
0.268490345231
0.268548858982
0.268607372733
0.268665886483
0.275248621597
0.283450468485
0.291279316874
0.299152658508
0.306308158796
0.312967269279
0.319317360775
0.325559650114
0.332193818561
0.338628639607
0.345254946935
0.352550086544
0.360778984209
0.36971573384
0.379533829662
0.390320995956
0.402821266328
0.416338457085
0.431921833643
0.447911796508
0.464219244191
0.479638327298
0.495002636007
0.509177169939
0.520028750733
0.527205681687
0.530576055088
0.530516111109
0.527763768004
0.522854144063
0.517396250821
0.511989359432
0.507119341357
0.503183236486
0.500573457883
0.498929052222
0.49773899956
0.496532187038
0.494749584854
0.49224251794
0.488485159982
0.483761047146
0.478014048943
0.472226400934
0.466230142622
0.461298485167
0.457322772171
0.454813701222
0.453813767183
0.454469780121
0.456679900702
0.460139378492
0.464240791158
0.469004095097
0.473406593535
0.47720331179
0.480036519493
0.48151171179
0.481373779742
0.479442546985
0.475901306032
0.470912165789
0.464786673512
0.457697125169
0.450120019508
0.442124038529
0.434703243381
0.427664461662
0.421737869085
0.417174328044
0.41372370351
0.411542359067
0.410206946893
0.409411815781
0.40851557867
0.406850476059
0.403606741308
0.39829705351
0.390055900233
0.37840184253
0.364108632429
0.345835705703
0.324875156983
0.304557125093
0.282911913161
0.273698069046
0.273756582797
0.273815096548
0.273873610298
0.273932124049
0.2739906378
0.274049151551
0.274107665301
0.274166179052
0.274224692803
0.274283206554
0.274341720304
0.274400234055
0.274458747806
0.274517261556
0.274575775307
0.274634289058
0.274692802809
0.274751316559
0.27480983031
0.274868344061
0.274926857812
0.275380172037
0.276278772811
0.276598724315
0.276554541768
0.276408168313
0.276369927078
0.276594840506
0.277181833397
0.278203006623
0.279705784138
0.28159158605
0.28392869232
0.28657294654
0.289346161202
0.292258023001
0.295079085524
0.297934529443
0.300500485743
0.302627993857
0.304225797832
0.305165846877
0.305540393607
0.305396878682
0.304893114696
0.304232659743
0.303750484861
0.303825731098
0.304764989191
0.306785695771
0.310150908256
0.314847335902
0.320815882728
0.327978736267
0.336101685216
0.344798474644
0.35330944662121
0.361608708142
0.369024427727
0.375136126072
0.38005701584
0.383333150918
0.384947804303
0.384675748534
0.382268685701
0.377369022252
0.370023214529
0.360209842253
0.34820078563
0.333951878202
0.317741715448
0.299859477898
0.282228896959
0.2780280866
0.278086600351
0.278145114102
0.278203627853
0.278262141603
0.278320655354
0.278379169105
0.278437682855
0.278496196606
0.299291975077
0.328893070994
0.36189220896
0.396115668149
0.431339439198
0.460988397894
0.48147796313589
0.493139206
0.495297115135
0.489747126784
0.478886224621
0.465664380771
0.452441154468
0.44061592386
0.431646712423
0.424727324962
0.420198148641
0.416800524911
0.41380341528
0.409907275993
0.404865854999
0.398007395004
0.391073442211
0.384281792374
0.379017819477
0.376616353846
0.378362927863
0.385676429587
0.399033491626
0.41942857597
0.445153065036
0.475795696783
0.50858284868
0.546274417932
0.580036564583
0.609457578661
0.629569849974
0.637833025483
0.635971873922
0.625740886839
0.610190034622
0.592338682835
0.575147851792
0.559504388219
0.547504491056
0.53924198069
0.534385902093
0.531792606922
0.530506178159
0.529057557214
0.526082246021
0.520512253553
0.511597729311
0.500374751739
0.485762243696
0.469079019931
0.450797786791
0.432957030785
0.416836395031
0.403473276573
0.393721834138
0.387873204407
0.386146541018
0.388110064279
0.393126247824
0.399884690673
0.407136903271
0.41381903351
0.417758224991
0.418140456454
0.414368520106
0.406343292927
0.394170818058
0.378171379039
0.360262895644
0.341356627533
0.320902972901
0.301461250997
0.284667507889
0.283177296665
0.283235810415
0.283294324166
0.283352837917
0.283411351668
0.283469865418
0.283528379169
0.28358689292
0.283645406671
0.283703920421
0.283762434172
0.283820947923
0.283879461673
0.283937975424
0.283996489175
0.284055002926
0.284113516676
0.284172030427
0.28423054417751
0.284289057929
0.28434757167902
0.28440608543
0.284464599181
0.284523112932
0.284581626682
0.284640140433
0.297538964432
0.324685793918
0.349322190819
0.370225537578
0.385817409884
0.397085855767
0.403557862217
0.405457484514
0.403287622975
0.397670834041
0.389693978285
0.380568463959
0.371297585779
0.362657845645
0.356293759665
0.353117979934
0.353899449449
0.359341403605
0.369820272848
0.384929319342
0.403898356254
0.425954800043
0.451094149616
0.476899862776
0.502668138301
0.529213566618
0.55493538812
0.5803470782
0.603277770315
0.625714218609
0.645953211611
0.664319909723
0.681480776041
0.695832736102
0.708565193612
0.720514893651
0.730751927385
0.738794426244
0.745060421261
0.749171601327
0.750942786603
0.750163538383
0.747078642888
0.741672264599
0.73376141357
0.723487579727
0.711727389565
0.699141018942
0.686892883363
0.675260103388
0.66551598613
0.659038051757
0.656809772168
0.659601948686
0.667999469582
0.681856475137
0.700787161195
0.723876489632
0.748386460819
0.772276544478
0.795490199383
0.81505261564
0.829191708544
0.837487849706
0.838401336455
0.830464567804
0.812838497078
0.786294911024
0.748982803238
0.701315753625
0.643700157651
0.576904228587
0.503457155022
0.42321624812
0.3389708109
0.289087185489
0.289145699239
0.28920421299
0.289262726741
0.289321240492
0.289379754242
0.289438267993
0.365181032776
0.459920842226
0.555890521971
0.646660646006
0.719248473606
0.766678637606
0.799330108016
0.830979801949
0.866837685751
0.890265290949
0.887244713322
0.860206477629
0.825302108926
0.801524002091
0.795981607401
0.80607916106
0.821531735396
0.831684420837
0.831858775327
0.826712923124
0.820741565273
0.814326902391
0.809164573263
0.812443428665
0.82773348957
0.845460125903
0.84716235739
0.826602264372
0.803993547746
0.793753052277
0.79461359116
0.796475246361
0.796708926528
0.805952288648
0.831216623573
0.860534817949
0.866249531792
0.844020900685
0.82858473695
0.839493554563
0.861876349517
0.859752787632
0.823043324447
0.785065591016
0.765112291577
0.75717360461
0.751971390935
0.751488088574
0.762295752074
0.781059885332
0.794051379218
0.796820895885
0.799170087647
0.806196820415
0.805636127488
0.785681991633
0.757742484869
0.74349939977
0.744040869458
0.741605429827
0.726892604293
0.713099214485
0.711166150476
0.712620495481
0.705026146812
0.695561659249
0.701773186687
0.726640262712
0.75026585874
0.749642045734
0.734843783291
0.729285047182
0.728757814156
0.718233094613
0.705106108748
0.703642895079
0.706020288309
0.701402045822
0.705611530705
0.737593813996
0.787868143914
0.820375216293
0.816424234233
0.795103070582
0.775551202687
0.764348357163
0.760722576247
0.765355551245
0.774747599557
0.782857301781
0.791894209171
0.803228675379
0.811472673376
0.81053453319
0.80217705438
0.798691906489
0.801667343501
0.790918517463
0.774912700977
0.781940063507
0.796555277965
0.793751284453
0.790667277047
0.791142905923
0.775783696845
0.766365711923
0.791030084299
0.825831859376
0.834021673479
0.830831460398
0.835603086196
0.836312217864
0.824807775908
0.807601321631
0.796372831466
0.78597095545
0.770574807898
0.768011454929
0.785460329228
0.797157859956
0.784752586617
0.7702822767
0.773193965197
0.782368159053
0.778422145212
0.75814617599
0.738060094616
0.736185514174
0.753072476541
0.770960591159
0.764276304364
0.738076894052
0.729616634557
0.748333004848
0.767854352679
0.766672995151
0.750170155451
0.735247644348
0.732232478745
0.724193616844
0.685775726542
0.636465013322
0.610985322739
0.633129006036
0.69207132671
0.746878192815
0.746939717399
0.710264024066
0.68628445732
0.679639953904
0.660218471705
0.60456436121
0.52916270917
0.469538617738
0.432966207676
0.427848399456
0.450768906365
0.481774086171
0.481650778735
0.421558278988
0.328592869739
0.298917495611
0.298976009362
0.299034523113
0.299093036864
0.299151550614
0.299210064365
0.299268578116
0.299327091867
0.349150445185
0.477829009055
0.519207949749
0.450652877926
0.354282692086
0.304738581496
0.308580001856
0.341308171213
0.368366255203
0.37690683208106
0.377467081347
