#Relative density for EDML from AICC2012.
0.581518
0.595697
0.603342
0.609102
0.616768
0.620599
0.626735
0.629714
0.633844
0.642349
0.647776
0.653605
0.660304
0.664403
0.671433
0.677768
0.68247
0.686077
0.695015
0.693687
0.700727
0.702642
0.705974
0.715408
0.722038
0.727698
0.727179
0.733145
0.734746
0.744012
0.743246
0.746192
0.75487
0.755551
0.764491
0.769474
0.775892
0.777844
0.782002
0.786168
0.788036
0.795577
0.798632
0.79777
0.806039
0.812126
0.811335
0.818438
0.824161
0.822799
0.832035
0.840914
0.837192
0.835529
0.843143
0.846844
0.853276
0.850352
0.857293
0.856194
0.857646
0.859808
0.863268
0.876445
0.880361
0.876912
0.880458
0.886722
0.889479
0.896125
0.898164
0.901929
0.903803
0.903489
0.907668
0.911919
0.912431
0.916505
0.923914
0.927723
0.929631
0.929692
0.932409
0.924001
0.909274
0.920788
0.925945
0.948279
0.943221
0.944027
0.946595
0.94914
0.951738
0.954462
0.956935
0.959615
0.962162
0.964549
0.957854
0.954673
0.956433
0.958336
0.960089
0.961846
0.963704
0.965499
0.967363
0.9705805
0.970629
0.9706775
0.970726
0.9707745
0.970823
0.9708715
0.97092
0.9709685
0.971017
0.9710655
0.971114
0.9711625
0.971211
0.9712595
0.971308
0.9713565
0.971405
0.9714535
0.971502
0.9715505
0.971599
0.9716475
0.971696
0.9717445
0.971793
0.9718415
0.97189
0.9719385
0.971987
0.9720355
0.972084
0.9721325
0.972181
0.9722295
0.972278
0.9723265
0.972375
0.9724235
0.972472
0.9725205
0.972569
0.9726175
0.972666
0.9727145
0.972763
0.9728115
0.9728605
0.972909
0.9729575
0.973006
0.9730545
0.973103
0.9731515
0.9732
0.9732485
0.973297
0.9733455
0.973394
0.9734425
0.973491
0.9735395
0.973588
0.9736365
0.973685
0.9737335
0.973782
0.9738305
0.973879
0.9739275
0.973976
0.9740245
0.974073
0.9741215
0.97417
0.9742185
0.974267
0.9743155
0.974364
0.9744125
0.974461
0.9745095
0.974558
0.9746065
0.974655
0.9747035
0.974752
0.9748005
0.974849
0.9748975
0.974946
0.9749945
0.975043
0.9750915
0.97514
0.9751885
0.975237
0.9752855
0.975334
0.9753825
0.975431
0.9754795
0.975528
0.9755765
0.975625
0.9756735
0.975722
0.9757705
0.975819
0.9758675
0.975916
0.9759645
0.976013
0.9760615
0.97611
0.9761585
0.9762075
0.976256
0.9763045
0.976353
0.9764015
0.97645
0.9764985
0.976547
0.9765955
0.976644
0.9766925
0.976741
0.9767895
0.976838
0.9768865
0.976935
0.9769835
0.977032
0.9770805
0.977129
0.9771775
0.977226
0.9772745
0.977323
0.9773715
0.97742
0.9774685
0.977517
0.9775655
0.977614
0.9776625
0.977711
0.9777595
0.977808
0.9778565
0.977905
0.9779535
0.978002
0.9780505
0.978099
0.9781475
0.978196
0.9782445
0.978293
0.9783415
0.97839
0.9784385
0.978487
0.9785355
0.978584
0.9786325
0.978681
0.9787295
0.978778
0.9788265
0.978875
0.9789235
0.978972
0.9790205
0.979069
0.9791175
0.979166
0.9792145
0.979263
0.9793115
0.97936
0.9794085
0.979457
0.9795055
0.979554
0.9796025
0.9796515
0.9797
0.9797485
0.979797
0.9798455
0.979894
0.9799425
0.979991
0.9800395
0.980088
0.9801365
0.980185
0.9802335
0.980282
0.9803305
0.980379
0.9804275
0.980476
0.9805245
0.980573
0.9806215
0.98067
0.9807185
0.980767
0.9808155
0.980864
0.9809125
0.980961
0.9810095
0.981058
0.9811065
0.981155
0.9812035
0.981252
0.9813005
0.981349
0.9813975
0.981446
0.9814945
0.981543
0.9815915
0.98164
0.9816885
0.981737
0.9817855
0.981834
0.9818825
0.981931
0.9819795
0.982028
0.9820765
0.982125
0.9821735
0.982222
0.9822705
0.982319
0.9823675
0.982416
0.9824645
0.982513
0.9825615
0.98261
0.9826585
0.982707
0.9827555
0.982804
0.9828525
0.982901
0.9829495
0.9829985
0.983047
0.9830955
0.983144
0.9831925
0.983241
0.9832895
0.983338
0.9833865
0.983435
0.9834835
0.983532
0.9835805
0.983629
0.9836775
0.983726
0.9837745
0.983823
0.9838715
0.98392
0.9839685
0.984017
0.9840655
0.984114
0.9841625
0.984211
0.9842595
0.984308
0.9843565
0.984405
0.9844535
0.984502
0.9845505
0.984599
0.9846475
0.984696
0.9847445
0.984793
0.9848415
0.98489
0.9849385
0.984987
0.9850355
0.985084
0.9851325
0.985181
0.9852295
0.985278
0.9853265
0.985375
0.9854235
0.985472
0.9855205
0.985569
0.9856175
0.985666
0.9857145
0.985763
0.9858115
0.98586
0.9859085
0.985957
0.9860055
0.986054
0.9861025
0.986151
0.9861995
0.986248
0.9862965
0.986345
0.9863935
0.986442
0.986491
0.9865395
0.986588
0.9866365
0.986685
0.9867335
0.98678248
0.9868305
0.986879
0.9869275
0.986976
0.9870245
0.987073
0.9871215
0.98717
0.98721899
0.987267
0.9873155
0.9873635
0.9874125
0.987461
0.9875095
0.987558
0.9876065
0.987655
0.9877035
0.987752
0.9878005
0.987849
0.9878975
0.987946
0.9879945
0.988043
0.9880915
0.98814
0.9881885
0.988237
0.9882855
0.988334
0.9883825
0.988431
0.9884795
0.988528
0.9885765
0.988625
0.9886735
0.988722
0.9887705
0.988819
0.9888675
0.988916
0.9889645
0.989013
0.9890615
0.98911
0.9891585
0.9892065
0.9892555
0.989304
0.9893525
0.989401
0.9894495
0.989498
0.9895465
0.989595
0.9896435
0.989692
0.9897405
0.9897895
0.989838
0.989886
0.989935
0.9899835
0.990032
0.9900805
0.990129
0.9901775
0.990226
0.9902745
0.990323
0.9903715
0.99042
0.9904685
0.990517
0.9905655
0.990614
0.9906625
0.990711
0.9907595
0.990808
0.9908565
0.990905
0.9909535
0.991002
0.9910505
0.991099
0.9911475
0.991196
0.9912445
0.991293
0.9913415
0.99139
0.9914385
0.991487
0.9915355
0.991584
0.9916325
0.991681
0.9917295
0.991778
0.9918265
0.991875
0.9919235
0.991972
0.9920205
0.992069
0.9921175
0.992166
0.9922145
0.992263
0.9923115
0.99236
0.9924085
0.992457
0.9925055
0.992554
0.9926025
0.992651
0.9926995
0.992748
0.9927965
0.992845
0.9928935
0.992942
0.9929905
0.993039
0.9930875
0.993136
0.9931845
0.9932335
0.993282
0.9933305
0.993379
0.9934275
0.993476
0.9935245
0.993573
0.9936215
0.99367
0.9937185
0.993767
0.99381646
0.993864
0.9939125
0.993961
0.9940095
0.994058
0.9941065
0.994155
0.9942035
0.994252
0.9943005
0.994349
0.9943975
0.994446
0.9944945
0.994543
0.9945915
0.99464
0.9946885
0.994737
0.9947855
0.994834
0.9948825
0.994931
0.9949795
0.995028
0.9950765
0.995125
0.9951735
0.995222
0.9952705
0.995319
0.9953675
0.995416
0.9954645
0.995513
0.9955615
0.99561
0.9956585
0.995707
0.9957555
0.995804
0.9958525
0.995901
0.9959495
0.995998
0.9960465
0.996095
0.9961435
0.996192
0.9962405
0.996289
0.9963375
0.996386
0.9964345
0.996483
0.9965315
0.9965805
0.996629
0.9966775
0.996726
0.996774
0.996823
0.9968715
0.99692
0.9969685
0.997017
0.9970655
0.997114
0.9971625
0.997211
0.9972595
0.997308
0.9973565
0.997405
0.9974535
0.9975015
0.9975505
0.997599
0.9976475
0.997696
0.9977445
0.997792
0.9978415
0.99789
0.9979385
0.997987
0.9980355
0.998084
0.9981325
0.998181
0.9982295
0.998278
0.9983265
0.998375
0.9984235
0.998472
0.9985205
0.998569
0.9986175
0.998666
0.9987145
0.998763
0.9988115
0.99886
0.9989085
0.998957
0.9990055
0.999054
0.9991025
0.99915149
0.9991995
0.99924802
0.99929699
0.999345
0.9993935
0.999442
0.9994905
0.999539
0.99958846
0.999636
0.9996845
0.99973349
0.9997815
0.99983
0.9998785
0.999927
0.9999755
1
1
1
1
1
1
1
1
1
1
1
1
1
1
1
1
1
1
1
1
1
1
1
1
1
1
1
1
1
1
1
1
1
1
1
1
1
1
1
1
1
1
1
1
1
1
1
1
1
1
1
1
1
1
1
1
1
1
1
1
1
1
1
1
1
1
1
1
1
1
1
1
1
1
1
1
1
1
1
1
1
1
1
1
1
1
1
1
1
1
1
1
1
1
1
1
1
1
1
1
1
1
1
1
1
1
1
1
1
1
1
1
1
1
1
1
1
1
1
1
1
1
1
1
1
1
1
1
1
1
1
1
1
1
1
1
1
1
1
1
1
1
1
1
1
1
1
1
1
1
1
1
1
1
1
1
1
1
1
1
1
1
1
1
1
1
1
1
1
1
1
1
1
1
1
1
1
1
1
1
1
1
1
1
1
1
1
1
1
1
1
1
1
1
1
1
1
1
1
1
1
1
1
1
1
1
1
1
1
1
1
1
1
1
1
1
1
1
1
1
1
1
1
1
1
1
1
1
1
1
1
1
1
1
1
1
1
1
1
1
1
1
1
1
1
1
1
1
1
1
1
1
1
1
1
1
1
1
1
1
1
1
1
1
1
1
1
1
1
1
1
1
1
1
1
1
1
1
1
1
1
1
1
1
1
1
1
1
1
1
1
1
1
1
1
1
1
1
1
1
1
1
1
1
1
1
1
1
1
1
1
1
1
1
1
1
1
1
1
1
1
1
1
1
1
1
1
1
1
1
1
1
1
1
1
1
1
1
1
1
1
1
1
1
1
1
1
1
1
1
1
1
1
1
1
1
1
1
1
1
1
1
1
1
1
1
1
1
1
1
1
1
1
1
1
1
1
1
1
1
1
1
1
1
1
1
1
1
1
1
1
1
1
1
1
1
1
1
1
1
1
1
1
1
1
1
1
1
1
1
1
1
1
1
1
1
1
1
1
1
1
1
1
1
1
1
1
1
1
1
1
1
1
1
1
1
1
1
1
1
1
1
1
1
1
1
1
1
1
1
1
1
1
1
1
1
1
1
1
1
1
1
1
1
1
1
1
1
1
1
1
1
1
1
1
1
1
1
1
1
1
1
1
1
1
1
1
1
1
1
1
1
1
1
1
1
1
1
1
1
1
1
1
1
1
1
1
1
1
1
1
1
1
1
1
1
1
1
1
1
1
1
1
1
1
1
1
1
1
1
1
1
1
1
1
1
1
1
1
1
1
1
1
1
1
1
1
1
1
1
1
1
1
1
1
1
1
1
1
1
1
1
1
1
1
1
1
1
1
1
1
1
1
1
1
1
1
1
1
1
1
1
1
1
1
1
1
1
1
1
1
1
1
1
1
1
1
1
1
1
1
1
1
1
1
1
1
1
1
1
1
1
1
1
1
1
1
1
1
1
1
1
1
1
1
1
1
1
1
1
1
1
1
1
1
1
1
1
1
1
1
1
1
1
1
1
1
1
1
1
1
1
1
1
1
1
1
1
1
1
1
1
1
1
1
1
1
1
1
1
1
1
1
1
1
1
1
1
1
1
1
1
1
1
1
1
1
1
1
1
1
1
1
1
1
1
1
1
1
1
1
1
1
1
1
1
1
1
1
1
1
1
1
1
1
1
1
1
1
1
1
1
1
1
1
1
1
1
1
1
1
1
1
1
1
1
1
1
1
1
1
1
1
1
1
1
1
1
1
1
1
1
1
1
1
1
1
1
1
1
1
1
1
1
1
1
1
1
1
1
1
1
1
1
1
1
1
1
1
1
1
1
1
1
1
1
1
1
1
1
1
1
1
1
1
1
1
1
1
1
1
1
1
1
1
1
1
1
1
1
1
1
1
1
1
1
1
1
1
1
1
1
1
1
1
1
1
1
1
1
1
1
1
1
1
1
1
1
1
1
1
1
1
1
1
1
1
1
1
1
1
1
1
1
1
1
1
1
1
1
1
1
1
1
1
1
1
1
1
1
1
1
1
1
1
1
1
1
1
1
1
1
1
1
1
1
1
1
1
1
1
1
1
1
1
1
1
1
1
1
1
1
1
1
1
1
1
1
1
1
1
1
1
1
1
1
1
1
1
1
1
1
1
1
1
1
1
1
1
1
1
1
1
1
1
1
1
1
1
1
1
1
1
1
1
1
1
1
1
1
1
1
1
1
1
1
1
1
1
1
1
1
1
1
1
1
1
1
1
1
1
1
1
1
1
1
1
1
1
1
1
1
1
1
1
1
1
1
1
1
1
1
1
1
1
1
1
1
1
1
1
1
1
1
1
1
1
1
1
1
1
1
1
1
1
1
1
1
1
1
1
1
1
1
1
1
1
1
1
1
1
1
1
1
1
1
1
1
1
1
1
1
1
1
1
1
1
1
1
1
1
1
1
1
1
1
1
1
1
1
1
1
1
1
1
1
1
1
1
1
1
1
1
1
1
1
1
1
1
1
1
1
1
1
1
1
1
1
1
1
1
1
1
1
1
1
1
1
1
1
1
1
1
1
1
1
1
1
1
1
1
1
1
1
1
1
1
1
1
1
1
1
1
1
1
1
1
1
1
1
1
1
1
1
1
1
1
1
1
1
1
1
1
1
1
1
1
1
1
1
1
1
1
1
1
1
1
1
1
1
1
1
1
1
1
1
1
1
1
1
1
1
1
1
1
1
1
1
1
1
1
1
1
1
1
1
1
1
1
1
1
1
1
1
1
1
1
1
1
1
1
1
1
1
1
1
1
1
1
1
1
1
1
1
1
1
1
1
1
1
1
1
1
1
1
1
1
1
1
1
1
1
1
1
1
1
1
1
1
1
1
1
1
1
1
1
1
1
1
1
1
1
1
1
1
1
1
1
1
1
1
1
1
1
1
1
1
1
1
1
1
1
1
1
1
1
1
1
1
1
1
1
1
1
1
1
1
1
1
1
1
1
1
1
1
1
1
1
1
1
1
1
1
1
1
1
1
1
1
1
1
1
1
1
1
1
1
1
1
1
1
1
1
1
1
1
1
1
1
1
1
1
1
1
1
1
1
1
1
1
1
1
1
1
1
1
1
1
1
1
1
1
1
1
1
1
1
1
1
1
1
1
1
1
1
1
1
1
1
1
1
1
1
1
1
1
1
1
1
1
1
1
1
1
1
1
1
1
1
1
1
1
1
1
1
1
1
1
1
1
1
1
1
1
1
1
1
1
1
1
1
1
1
1
1
1
1
1
1
1
1
1
1
1
1
1
1
1
1
1
1
1
1
1
1
1
1
1
1
1
1
1
1
1
1
1
1
1
1
1
1
1
1
1
1
1
1
1
1
1
1
1
1
1
1
1
1
1
1
1
1
1
1
1
1
1
1
1
1
1
1
1
1
1
1
1
1
1
1
1
1
1
1
1
1
1
1
1
1
1
1
1
1
1
1
1
1
1
1
1
1
1
1
1
1
1
1
1
1
1
1
1
1
1
1
1
1
1
1
1
1
1
1
1
1
1
1
1
1
1
1
1
1
1
1
1
1
1
1
1
1
1
1
1
1
1
1
1
1
1
1
1
1
1
1
1
1
1
1
1
1
1
1
1
1
1
1
1
1
1
1
1
1
1
1
1
1
1
1
1
1
1
1
1
1
1
1
1
1
1
1
1
1
1
1
1
1
1
1
1
1
1
1
1
1
1
1
1
1
1
1
1
1
1
1
1
1
1
1
1
1
1
1
1
1
1
1
1
1
1
1
1
1
1
1
1
1
1
1
1
1
1
1
1
1
1
1
1
1
1
1
1
1
1
1
1
1
1
1
1
1
1
1
1
1
1
1
1
1
1
1
1
1
1
1
1
1
1
1
1
1
1
1
1
1
1
1
1
1
1
1
1
1
1
1
1
1
1
1
1
1
1
1
1
1
1
1
1
1
1
1
1
1
1
1
1
1
1
1
1
1
1
1
1
1
1
1
1
1
1
1
1
1
1
1
1
1
1
1
1
1
1
1
1
1
1
1
1
1
1
1
1
1
1
1
1
1
1
1
1
1
1
1
1
1
1
1
1
1
1
1
1
1
1
1
1
1
1
1
1
1
1
1
1
1
1
1
1
1
1
1
1
1
1
1
1
1
1
1
1
1
1
1
1
1
1
1
1
1
1
1
1
1
1
1
1
1
1
1
1
1
1
