#Prior LID for EDML from AICC2012.
83.8354285714286
83.8354285714286
83.8354285714286
83.8354285714286
83.8354285714286
83.8354285714286
83.8354285714286
83.8354285714286
83.8354285714286
83.8354285714286
83.8354285714286
83.8354285714286
83.8354285714286
83.8354285714286
83.8354285714286
83.8354285714286
83.8354285714286
83.8354285714286
83.8354285714286
83.8354285714286
83.8354285714286
83.8354285714286
83.8354285714286
83.8354285714286
83.8354285714286
83.8354285714286
83.8354285714286
83.8354285714286
83.8354285714286
83.8354285714286
83.8354285714286
83.8354285714286
83.8354285714286
83.8354285714286
83.8354285714286
83.8354285714286
83.8354285714286
83.8354285714286
83.8354285714286
83.8354285714286
83.8354285714286
83.8354285714286
83.8354285714286
83.8354285714286
83.8354285714286
83.8354285714286
83.8354285714286
83.8354285714286
83.8354285714286
83.8354285714286
83.8354285714286
83.8354285714286
83.8354285714286
83.8354285714286
83.8354285714286
83.8354285714286
83.8354285714286
83.8354285714286
83.8354285714286
83.8354285714286
83.8354285714286
83.8354285714286
83.8354285714286
83.8354285714286
83.8354285714286
83.8354285714286
83.8354285714286
83.882
83.8354285714286
82.7484285714286
83.0434285714286
84.0217142857143
84.5185714285714
83.2142857142857
84.4565714285714
84.1148571428571
84.1925714285714
84.5341428571429
83.9285714285714
83.9441428571429
84.4254285714286
84.1925714285714
84.0682857142857
83.7111428571429
83.6801428571429
82.8415714285714
84.0061428571429
83.8042857142857
83.0745714285714
83.5248571428571
83.1055714285714
82.4534285714286
83.1521428571429
82.5155714285714
83.1367142857143
82.6862857142857
82.7174285714286
82.7018571428572
82.9037142857143
82.7174285714286
82.205
82.6087142857143
82.0962857142857
82.4534285714286
83.2452857142857
83.1055714285714
83.2452857142857
82.8261428571429
82.7795714285714
82.7795714285714
82.3757142857143
82.8105714285714
82.6862857142857
83.5747142857143
84.0905714285714
84.0171428571429
83.884
83.8524285714286
83.8567142857143
83.1017142857143
83.0327142857143
84.0484285714286
84.3695714285714
83.3385714285714
84.4028571428571
84.1734285714286
84.2768571428572
84.439
83.9332857142857
84.0788571428572
84.3422857142857
84.1535714285714
84.0975714285714
83.8157142857143
83.3985714285714
83.166
83.9312857142857
83.7782857142857
83.1324285714286
83.4991428571429
82.9565714285714
82.9801428571429
82.6655714285714
82.85
82.6978571428571
82.7122857142857
82.7364285714286
82.8378571428571
82.6844285714286
82.4875714285714
82.1584285714286
82.5995714285714
83.1674285714286
83.2098571428571
83.0741428571429
82.7985714285714
82.646
82.4907142857143
82.7974285714286
82.6652857142857
82.554
82.663
82.8194285714286
82.8365714285714
83.1748571428571
83.219
83.2014285714286
83.1282857142857
83.3061428571429
83.4844285714286
83.4585714285714
83.8998571428571
84.03
84.0587142857143
83.972
83.9297142857143
83.7832857142857
84.566
84.5755714285714
84.1061428571429
84.1402857142857
83.9508571428571
84.3351428571429
84.4975714285714
84.7612857142857
84.5561428571429
84.512
84.671
85.2104285714286
84.5874285714286
84.5195714285714
84.5911428571429
84.1412857142857
84.6468571428571
83.8194285714286
83.3097142857143
83.2238571428572
83.1874285714286
83.457
83.9767142857143
83.9952857142857
83.6242857142857
83.6124285714286
83.4875714285714
83.688
83.9271428571429
83.6972857142857
94.7391428571429
94.6781428571429
89.6127142857143
89.033
91.243
92.6017142857143
92.3932857142857
90.8487142857143
89.511
89.6867142857143
91.816
91.9111428571429
90.3537142857143
91.9864285714286
91.6715714285714
91.4295714285714
92.0512857142857
92.0128571428572
89.841
90.461
89.6941428571429
91.5897142857143
90.5692857142857
91.9301428571429
88.478
91.3548571428571
88.9762857142857
90.0215714285714
92.3292857142857
91.8952857142857
90.9481428571429
91.5414285714286
89.9401428571429
91.9495714285714
92.8255714285714
91.5914285714286
92.3497142857143
90.3628571428572
92.0701428571429
92.9274285714286
94.373
92.2185714285714
92.2785714285714
93.6694285714286
91.9365714285714
94.0772857142857
91.1412857142857
90.9232857142857
91.7642857142857
92.9297142857143
92.9541428571429
92.4068571428571
91.961
92.092
91.7111428571429
90.3382857142857
89.7878571428571
90.9585714285714
92.4768571428572
89.8155714285714
91.4948571428572
91.1291428571429
89.3707142857143
92.381
95.211
92.2737142857143
90.9995714285714
91.9044285714286
90.7477142857143
90.7984285714286
91.8357142857143
91.517
93.4658571428572
93.176
92.1508571428571
92.3411428571429
93.2777142857143
93.386
94.3958571428572
92.363
90.0834285714286
89.7638571428571
88.6974285714286
92.4678571428572
93.1521428571429
91.8135714285714
91.3382857142857
91.307
90.8752857142857
90.857
93.0598571428572
92.9305714285714
92.1294285714286
90.3898571428572
91.6445714285714
92.4621428571429
92.4621428571429
92.9274285714286
93.957
91.0315714285714
92.158
93.7161428571429
90.6534285714286
92.3632857142857
90.2331428571429
92.6091428571429
92.9171428571429
93.1187142857143
95.2205714285714
92.0104285714286
92.4867142857143
92.4798571428572
90.9311428571429
90.8832857142857
90.8718571428572
92.6548571428572
91.5524285714286
91.607
91.7188571428571
93.081
92.4252857142857
93.8527142857143
92.1861428571429
91.8037142857143
91.868
91.7971428571429
92.5005714285714
93.1935714285714
91.7708571428571
93.419
93.099
91.59
91.7475714285714
92.8955714285714
93.4188571428571
91.5198571428571
92.2422857142857
92.0701428571429
89.8148571428572
91.5538571428571
91.577
92.5268571428572
91.9298571428571
92.4444285714286
90.8004285714286
92.3018571428571
93.2344285714286
94.0561428571429
91.8012857142857
91.5058571428572
90.7227142857143
91.3465714285714
91.2391428571429
90.709
92.2637142857143
93.4167142857143
90.3162857142857
91.3627142857143
91.1865714285714
93.058
92.6217142857143
91.9391428571429
92.3154285714286
92.0528571428571
92.3525714285714
93.1608571428571
96.085
92.4165714285714
92.8317142857143
93.131
93.0667142857143
90.8534285714286
90.7275714285714
91.2917142857143
93.4955714285714
90.8348571428571
91.9781428571429
90.0004285714286
92.506
92.0862857142857
91.9745714285714
90.2118571428571
93.6384285714286
93.266
91.794
92.28
92.6785714285714
93.0657142857143
93.4414285714286
92.6021428571429
91.0312857142857
91.7787142857143
89.6022857142857
91.2467142857143
91.7245714285714
92.5264285714286
93.2598571428571
92.0078571428571
93.4295714285714
90.8771428571429
91.4918571428572
89.7118571428571
92.32
90.7625714285714
91.9521428571429
91.0852857142857
92.0585714285714
91.3837142857143
90.2352857142857
90.3107142857143
91.7414285714286
92.3895714285714
95.0365714285714
91.8624285714286
93.8888571428571
93.2394285714286
91.9581428571429
90.355
91.8605714285714
91.0361428571429
91.1188571428572
90.8618571428571
93.8578571428572
92.305
92.2084285714286
91.5138571428572
89.4268571428571
94.2316890756302
93.8577142857143
94.1512857142857
91.9825714285714
91.4915714285714
91.7335714285714
90.9447142857143
92.5664560439561
90.6124285714286
90.8515714285714
92.4795714285714
90.8601428571429
90.4645714285714
91.327
91.5497142857143
91.4445714285714
90.0930504201681
90.9367142857143
89.9115714285714
90.8559719887955
93.4218571428572
92.3102857142857
92.4148571428571
91.5918571428572
92.4067142857143
91.4515714285714
91.8064285714286
90.7382857142857
90.6701428571429
92.652
94.2385714285714
92.8437142857143
91.775
93.3134285714286
91.6351428571429
90.3778571428572
90.5155714285714
91.6852857142857
92.2192857142857
92.326
92.066
91.1378571428572
91.088
92.6977142857143
91.9168571428572
91.0698571428571
91.8351428571429
89.2321428571429
91.6951428571429
92.7455714285714
92.8274285714286
90.355
91.4541428571429
91.8161428571429
90.6642857142857
91.3924285714286
89.805
91.5968021978022
91.7571428571429
91.1048571428572
91.2571428571429
90.4007142857143
91.3185714285714
89.9204285714286
92.0115714285714
91.2564285714286
91.3621428571429
93.3897142857143
91.127
88.934
90.5774173669468
91.492324929972
89.8278571428572
91.7141428571429
90.8912857142857
89.8231428571429
90.9974285714286
91.9174285714286
91.2594285714286
91.5527142857143
90.8324285714286
92.4305714285714
91.0401428571429
88.864
89.6477142857143
90.5965714285714
93.4924285714286
89.9737142857143
90.6134285714286
91.4311428571429
91.3584285714286
90.6105714285714
90.4011428571429
89.9945714285714
90.3524285714286
90.1277142857143
86.1997142857143
86.113
86.0261428571429
85.9394285714286
85.8527142857143
85.766
85.6792857142857
85.5925714285714
85.5058571428572
85.4191428571429
85.3324285714286
85.2457142857143
85.159
85.5048571428571
85.8505714285714
86.1964285714286
86.5421428571429
86.888
87.2338571428571
87.5795714285714
87.9254285714286
88.2711428571429
88.617
88.9627142857143
89.3085714285714
89.1748571428571
89.0411428571429
88.9072857142857
88.7735714285714
88.6398571428572
88.5061428571429
88.3724285714286
88.2387142857143
88.1048571428572
87.9711428571429
87.8374285714286
87.7037142857143
88.0542857142857
88.405
88.7555714285714
89.1061428571429
89.4568571428571
89.8074285714286
90.158
90.5087142857143
90.8592857142857
91.21
91.5605714285714
91.9111428571429
91.9968571428572
92.0824285714286
92.1681428571429
92.2537142857143
92.3394285714286
92.425
92.5107142857143
92.5962857142857
92.682
92.7675714285714
92.8532857142857
92.9388571428571
93.0244285714286
92.1621428571429
91.2997142857143
90.4374285714286
89.575
88.7125714285714
87.8502857142857
86.9878571428572
86.1254285714286
85.2631428571429
84.4007142857143
83.5382857142857
83.5675714285714
83.5967142857143
83.626
83.6551428571429
83.6844285714286
83.7135714285714
83.7428571428571
83.772
83.8011428571429
83.8304285714286
83.8595714285714
83.8888571428571
83.918
83.9472857142857
83.9764285714286
84.0057142857143
84.0348571428571
84.064
84.0932857142857
84.1224285714286
84.1517142857143
84.1808571428571
84.2101428571429
84.2392857142857
84.7177142857143
85.1961428571429
85.6745714285714
86.153
86.6314285714286
87.1098571428572
87.5882857142857
88.0667142857143
88.5451428571429
89.0235714285714
89.502
89.9804285714286
90.4588571428571
90.6805714285714
90.9021428571429
91.1237142857143
91.3452857142857
91.567
91.7885714285714
92.0101428571429
92.2317871148459
92.4534285714286
92.675
92.8965714285714
92.8017142857143
92.7067142857143
92.6118571428571
92.5168571428571
92.422
92.327
92.2321428571429
92.1371428571429
92.0422857142857
91.9474285714286
91.8524285714286
91.7541764705882
91.3255714285714
90.8937142857143
90.4617142857143
90.0298571428571
89.5978571428572
89.1659340659341
88.734
88.3021428571429
87.8701428571429
87.4382857142857
87.0062857142857
86.5744285714286
86.1424285714286
86.488
86.8334285714286
87.1788571428571
87.5242857142857
87.8697142857143
88.2151428571429
88.5605714285714
88.906
89.2514285714286
89.5968571428571
89.9424285714286
89.5737142857143
89.2051428571429
88.8365714285714
88.468
88.0994285714286
87.7307142857143
87.3621428571429
86.9935714285714
86.625
86.2564005602241
85.8877142857143
85.5191148459384
85.1575428571429
85.4961428571429
85.8415714285714
86.1871428571429
86.5325714285714
86.8781428571429
87.2236593406594
87.5691428571429
87.9147142857143
88.2602577030812
88.6057142857143
88.9511428571429
89.2967142857143
88.8915714285714
88.4864285714286
88.0812857142857
87.6761428571429
87.271
86.8658571428572
86.4605714285714
86.0554285714286
85.6502857142857
85.2451428571429
85.9474285714286
86.6498571428571
87.3521428571429
88.0544285714286
88.7567142857143
89.4591428571429
90.1614285714286
90.8637142857143
91.566
92.2682857142857
92.9707142857143
93.673
93.7664285714286
93.251
92.7354285714286
92.22
91.7045714285714
91.1891428571429
90.6735714285714
90.1581428571429
89.6427142857143
89.1272857142857
88.6117142857143
88.0962857142857
87.9597142857143
87.8231428571429
87.6865714285714
87.55
87.4135714285714
87.277
87.1404285714286
87.0038571428572
86.8672857142857
86.7307142857143
86.5941428571429
86.4575714285714
86.321
86.4951428571429
86.6691428571429
86.8432857142857
87.0172857142857
87.1914285714286
87.3654285714286
87.5395714285714
87.7135714285714
87.8877142857143
88.0617142857143
88.2358571428571
88.4098571428571
88.6578571428571
88.9058571428571
89.1538571428571
89.4018571428572
89.6498571428571
89.8978571428571
90.1458571428572
90.394
90.642
90.89
91.138
91.386
91.2308571428571
91.0755714285714
90.9204285714286
90.7652857142857
90.6101428571429
90.455
90.2997142857143
90.1445714285714
89.9894285714286
89.8342857142857
89.679
89.5238571428572
89.3687142857143
89.2511428571429
89.1335714285714
89.016
88.8984285714286
88.7808571428571
88.6632857142857
88.5457142857143
88.4281428571429
88.3105714285714
88.193
88.0754285714286
88.1998571428571
88.3242857142857
88.4485714285714
88.573
88.6974285714286
88.8218571428572
88.9461428571429
89.0705714285714
89.195
89.3192857142857
89.4437142857143
89.5681428571429
89.6668571428572
89.7655714285714
89.8642857142857
89.963
90.0617142857143
90.1604285714286
90.2592857142857
90.358
90.4567142857143
90.5554285714286
90.6541428571429
90.7528571428572
90.8515714285714
90.367
89.8824285714286
89.3977142857143
88.9131428571429
88.4285714285714
87.9438571428571
87.4592857142857
86.9747142857143
86.4901428571429
86.0054285714286
85.5208571428572
85.5042857142857
85.4875714285714
85.471
85.4544285714286
85.4377142857143
85.4211428571429
85.4045714285714
85.3878571428572
85.3712857142857
85.3545714285714
85.338
85.3214285714286
85.3047142857143
85.039
84.7734285714286
84.5077142857143
84.242
83.9762857142857
83.7105714285714
83.4448571428571
83.1791428571429
82.9134285714286
82.6477142857143
82.382
82.1162857142857
82.0665714285714
82.0167142857143
81.967
81.9171428571429
81.8674285714286
81.8177142857143
81.7678571428571
81.7181428571429
81.6684285714286
81.6185714285714
81.5688571428571
81.5191428571429
81.4245714285714
81.3301428571429
81.2355714285714
81.1411428571429
81.0467142857143
80.9521428571429
80.8577142857143
80.7631428571429
80.6687142857143
80.5741428571429
80.4797142857143
80.3852857142857
80.3017142857143
80.2181428571429
80.1345714285714
80.051
79.9674285714286
79.8838571428572
79.8002857142857
79.7167142857143
79.6331428571429
79.5495714285714
79.6442857142857
79.739
79.8335714285714
79.9282857142857
80.023
80.1177142857143
80.2124285714286
80.307
80.4017142857143
80.4964285714286
80.5911428571429
80.6857142857143
80.7804285714286
80.529
80.2775714285714
80.0261428571429
79.7748571428571
79.5234285714286
79.272
79.0205714285714
78.7691428571429
78.5177142857143
78.2662857142857
78.015
77.7635714285714
77.973
78.1824285714286
78.3918571428571
78.3131428571429
78.2345714285714
78.156
78.0772857142857
77.9987142857143
77.9201428571429
77.8414285714286
77.7628571428571
77.6842857142857
77.6055714285714
77.527
76.7424285714286
75.9578571428571
75.1731428571429
74.3885714285714
73.604
72.8192857142857
72.0347142857143
71.2501428571429
70.4655714285714
69.6808571428571
70.0821428571429
70.4832857142857
70.8844285714286
71.2857142857143
71.6868571428571
72.088
72.4891428571429
72.8904285714286
73.2915714285714
73.6927142857143
74.094
74.3278571428571
74.5618571428571
74.7957142857143
75.0295714285714
75.2635714285714
75.4974285714286
75.7314285714286
75.9652857142857
76.1991428571429
76.4331428571429
76.667
76.901
77.1348571428571
77.1125714285714
77.0902857142857
77.068
77.0457142857143
77.0234285714286
77.0011428571429
76.9788571428571
76.9565714285714
76.9342857142857
76.912
76.8897142857143
76.8674285714286
76.902
76.9365714285714
76.9711428571429
77.0057142857143
77.0402857142857
77.0748571428571
77.1094285714286
77.144
77.1785714285714
77.2131428571429
77.2477142857143
77.2822857142857
76.7261428571429
76.17
75.6138571428571
75.0575714285714
74.5014285714286
73.9452857142857
73.3891428571429
72.833
72.2768571428572
71.7205714285714
71.1644285714286
70.6082857142857
70.0521428571429
70.5724285714286
71.0927142857143
71.613
72.1334285714286
72.6537142857143
73.174
73.6942857142857
74.2145714285714
74.735
75.2552857142857
75.7755714285714
75.5384285714286
75.3014285714286
75.0642857142857
74.8271428571429
74.5901428571429
74.353
74.1158571428572
73.8788571428572
73.6417142857143
73.4045714285714
73.1675714285714
72.9304285714286
72.8517142857143
72.7728571428571
72.6941428571429
72.6152857142857
72.5365714285714
72.4577142857143
72.379
72.3001428571429
72.2214285714286
72.1425714285714
72.0638571428571
71.9851428571429
71.9062857142857
72.599
73.2918571428571
73.9845714285714
74.6774285714286
75.3701428571429
76.0628571428571
76.7557142857143
77.4484285714286
78.1412857142857
78.834
79.5267142857143
80.2195714285714
79.8367142857143
79.4538571428571
79.071
78.6881428571429
78.3052857142857
77.9224285714286
77.5394285714286
77.1565714285714
76.7737142857143
76.3908571428571
76.008
75.6251428571429
75.7564285714286
75.8877142857143
76.019
76.1502857142857
76.2815714285714
76.4128571428571
76.5441428571429
76.6754285714286
76.8067142857143
76.938
77.0692857142857
77.2005714285714
76.7718571428571
76.3431428571429
75.9144285714286
75.4857142857143
75.057
74.6282857142857
74.1995714285714
73.7708571428572
73.3421428571429
72.9134285714286
73.615
74.3164285714286
75.018
75.7195714285714
76.4211428571429
77.1227142857143
77.8241428571429
78.5257142857143
79.2272857142857
79.9288571428572
80.6302857142857
81.3318571428571
81.062
80.7921428571429
80.5221428571429
80.2522857142857
79.9824285714286
79.7124285714286
79.4425714285714
79.1727142857143
78.9028571428571
78.6328571428571
78.363
78.0931428571429
77.8231428571429
77.5532857142857
77.2861428571429
77.019
76.752
76.4848571428572
76.2177142857143
75.9505714285714
75.6834285714286
75.4162857142857
75.1491428571429
74.8821428571429
75.1778571428571
75.4735714285714
75.7692857142857
76.065
76.3607142857143
76.6564285714286
76.9521428571429
77.2478571428572
77.5435714285714
77.8392857142857
78.135
78.4307142857143
78.5198571428571
78.2388571428572
77.9578571428572
77.6768571428571
77.3958571428572
77.1148571428571
76.8338571428572
76.553
76.272
75.991
75.71
75.429
77.0285714285714
76.9357142857143
76.843
76.7501428571429
76.6572857142857
76.5644285714286
76.4717142857143
76.3788571428572
76.286
76.1932857142857
76.1004285714286
76.0075714285714
75.9297142857143
75.9517142857143
75.9738571428571
75.996
76.018
76.0401428571429
76.0621428571429
76.0842857142857
76.1062857142857
76.1284285714286
76.1504285714286
76.1725714285714
76.1658571428571
75.9662857142857
75.7667142857143
75.5671428571429
75.3675714285714
75.168
74.9684285714286
74.7688571428571
74.5692857142857
74.3698571428571
74.1702857142857
73.9707142857143
73.787
73.7094285714286
73.6317142857143
73.5541428571429
73.4765714285714
73.399
73.3214285714286
73.2438571428571
73.1661428571429
73.0885714285714
73.011
72.9584285714286
73.0897142857143
73.221
73.3522857142857
73.4834285714286
73.6147142857143
73.746
73.8772857142857
74.0085714285714
74.1397142857143
74.271
74.4022857142857
74.5335714285714
74.6997142857143
75.1001428571429
75.5004285714286
75.9008571428571
76.2898571428571
76.4068571428571
76.5237142857143
76.6405714285714
76.7574285714286
76.8742857142857
76.9912857142857
77.1081428571429
77.2127142857143
77.2274285714286
77.242
77.2565714285714
77.2712857142857
77.2858571428571
77.3005714285714
77.3151428571429
77.3298571428571
77.3444285714286
77.359
77.3737142857143
77.3911428571429
77.4271428571429
77.4631428571429
77.4991428571429
77.5351428571429
77.5712857142857
77.6072857142857
77.6432857142857
77.6792857142857
77.7152857142857
77.7512857142857
77.7874285714286
77.8234285714286
77.8594285714286
77.8954285714286
77.9314285714286
77.9675714285714
78.0035714285714
78.0395714285714
78.0755714285714
78.1115714285714
78.1475714285714
78.1837142857143
78.2197142857143
78.272
78.399
78.5258571428571
78.6527142857143
78.7795714285714
78.9065714285714
79.0334285714286
79.1602857142857
79.2871428571429
79.414
79.541
79.6678571428571
79.8394285714286
80.215
80.5905714285714
80.9661428571429
81.3417142857143
81.7171428571429
82.0927142857143
82.4682857142857
82.8438571428571
83.2194285714286
83.5948571428572
83.9704285714286
84.2307142857143
83.966
83.7012857142857
83.4365714285714
83.1718571428571
82.9071428571429
82.6424285714286
82.3777142857143
82.113
81.8482857142857
81.5835714285714
81.3188571428572
81.1008571428572
81.0957142857143
81.0905714285714
81.0854285714286
81.0802857142857
81.0751428571429
81.07
81.0648571428572
81.0597142857143
81.0545714285714
81.0495714285714
81.0444285714286
80.9988571428571
80.7692857142857
80.5397142857143
80.3102857142857
80.0807142857143
79.8511428571429
79.6217142857143
79.3921428571429
79.1625714285714
78.933
78.7035714285714
78.474
78.3447142857143
78.6724285714286
79.0001428571429
79.328
79.6557142857143
79.9834285714286
80.3111428571429
80.6388571428571
80.9665714285714
81.2942857142857
81.622
81.9497142857143
82.2004285714286
82.1001428571429
81.9998571428572
81.8995714285714
81.7994285714286
81.6991428571429
81.5988571428571
81.4985714285714
81.3982857142857
81.298
81.1977142857143
81.0974285714286
81.0224285714286
81.0625714285714
81.1028571428571
81.143
81.1831428571429
81.2232857142857
81.2634285714286
81.3037142857143
81.3438571428571
81.384
81.4241428571429
81.4642857142857
81.4777142857143
81.3692857142857
81.2607142857143
81.1522857142857
81.0438571428571
80.9352857142857
80.8268571428572
80.7182857142857
80.6098571428572
80.5014285714286
80.3928571428572
80.2844285714286
80.1667142857143
80.0075714285714
79.8482857142857
79.6891428571429
79.5298571428572
79.3705714285714
79.2114285714286
79.0521428571429
78.893
78.7337142857143
78.5744285714286
79.232
79.6167142857143
81.8627142857143
79.9885714285714
79.4381428571429
81.0345714285714
81.6664285714286
80.8278571428572
79.1321428571429
79.2335714285714
79.3571428571429
79.7334285714286
79.1631428571429
78.2105714285714
77.8625714285714
78.1102857142857
80.0327142857143
79.1191428571429
78.4312857142857
78.5071428571429
79.665
79.786
79.955
78.8967142857143
79.5947142857143
78.6988571428572
79.6022857142857
80.6072857142857
79.8597142857143
81.3232857142857
81.5802857142857
81.2971428571429
80.4491428571429
80.5058571428572
80.4198571428572
81.0957142857143
80.5922857142857
80.6698571428571
81.852
81.7727142857143
81.9857142857143
81.9744285714286
82.0447142857143
81.9252857142857
80.1271428571429
79.529
80.4384285714286
78.4574285714286
78.274
79.0081428571429
81.6261428571429
80.2214285714286
79.4402857142857
82.2137142857143
81.1231428571429
81.2845714285714
78.771
80.8232857142857
78.6981428571429
81.2495714285714
79.8955714285714
81.9
82.0355714285714
80.5577142857143
82.4812857142857
81.2638571428571
80.4834285714286
82.1934285714286
81.812
80.476
82.093
82.5294285714286
84.0561428571429
83.2455714285714
82.8232857142857
85.3602857142857
83.254
82.6984285714286
83.46
84.7604285714286
84.1737142857143
84.4968571428571
83.6887142857143
83.1847142857143
83.7477142857143
83.9767142857143
85.544
84.5535714285714
85.3154285714286
85.0152857142857
83.9411428571429
83.6025714285714
83.351
84.0014285714286
84.4117142857143
84.2638571428571
83.9557142857143
83.3822857142857
83.3897142857143
83.9812857142857
83.7114285714286
83.6374285714286
84.3995714285714
84.763
84.2022857142857
84.9322857142857
83.727
83.2524285714286
83.524
84.6191428571429
83.9454285714286
81.7675714285714
80.3794285714286
80.5352857142857
79.6594285714286
80.1997142857143
80.0281428571429
78.5811428571429
79.5614285714286
79.2698571428571
79.0068571428571
80.1701428571429
80.5907142857143
80.8921428571429
79.597
80.7691428571429
80.3251428571429
79.9627142857143
80.5171428571429
79.1225714285714
81.3555714285714
82.0491428571429
80.7055714285714
80.6488571428572
79.64
80.3025714285714
81.1801428571429
80.5348571428571
79.5338571428571
79.4087142857143
78.6065714285714
80.4698571428572
80.532
79.6331428571429
80.7108571428572
80.0264285714286
80.3294285714286
81.48
80.5904285714286
80.6457142857143
79.9432857142857
80.5857142857143
81.4057142857143
81.0762857142857
81.6268571428571
80.288
81.9888571428572
80.3501428571429
81.2615714285714
82.3895714285714
81.6104285714286
81.087
82.6774285714286
81.8988571428572
82.8745714285714
81.1872582417582
80.9052857142857
82.1035714285714
81.2411428571429
81.3878571428571
81.8295714285714
82.5311428571429
81.6812857142857
82.6938571428572
82.7837142857143
82.4384285714286
82.2818571428571
83.4115714285714
81.369
82.816
81.7391428571429
83.2474285714286
81.5858571428572
81.887
82.8462857142857
81.9661428571429
81.0987142857143
81.031
82.3155714285714
83.5182857142857
82.8474285714286
82.3295714285714
81.9072857142857
82.1702857142857
82.2914285714286
81.588
82.7505714285714
82.9357142857143
83.4282857142857
83.1247142857143
82.9942829131653
84.1987142857143
84.998
82.9521428571429
83.1431428571429
84.1617142857143
82.0831428571429
82.5902857142857
82.4254285714286
83.4335714285714
83.7157142857143
83.4685714285714
81.917
82.531
81.4067142857143
82.0721428571429
83.0745714285714
81.4962857142857
81.4078571428572
80.1518571428571
80.5204285714286
78.928
81.5628571428572
81.9024285714286
81.5095714285714
81.2827142857143
81.9334285714286
81.4658571428571
82.0551428571429
81.750949579832
81.7622857142857
81.0155714285714
81.2382857142857
81.4922857142857
80.5577142857143
80.9734285714286
80.4682857142857
80.3237142857143
80.3465714285714
80.841
79.1237142857143
80.1029395604396
80.1982857142857
80.2102857142857
79.2281428571429
79.6477142857143
80.2778571428571
79.69
80.3561428571429
79.8112857142857
80.1991428571429
79.3818571428572
80.173
79.355
80.1935714285714
81.1297142857143
81.9527142857143
80.9971428571429
81.7364285714286
81.6582857142857
82.2045714285714
84.0115714285714
81.958
81.2135714285714
81.6762857142857
81.5234285714286
81.3388571428572
81.9735238095238
82.3238571428572
82.0865714285714
81.1141428571429
80.735
80.9462857142857
81.9454285714286
82.1111428571429
81.0734285714286
82.2951428571429
81.96
82.8678571428571
83.0771428571429
82.0271428571429
82.4665714285714
81.8695714285714
82.2347142857143
83.5572857142857
84.2221428571429
83.4545714285714
84.483
83.6264285714286
84.2502492997199
83.302
83.302
83.4605714285714
83.4784285714286
85.3372857142857
83.5091428571429
82.934
83.9804285714286
84.036
84.2321428571429
83.1265714285714
83.8497142857143
82.6541428571429
83.0534285714286
83.6247142857143
83.2545714285714
84.0224285714286
83.2701428571429
82.79
82.724
81.7771428571429
83.0158571428571
82.8762857142857
82.4625714285714
80.9038571428571
81.6285714285714
82.541
82.663
82.3364285714286
82.9428571428572
81.5318571428571
81.61
81.8431428571429
81.4951428571429
81.195
81.3484285714286
80.7871428571429
80.5947142857143
81.0148571428572
80.9852857142857
82.3448571428572
82.2205714285714
80.4785714285714
81.8038571428572
81.628
80.8725714285714
81.4465714285714
79.2711428571429
80.6467142857143
79.5052857142857
79.636
80.5302857142857
80.165
79.2791428571429
79.9672857142857
80.0158571428571
79.5542857142857
78.2527142857143
78.524
78.4628571428571
78.1005714285714
79.1902857142857
79.6132857142857
79.1738571428571
78.4902857142857
78.6054285714286
77.1421428571429
78.4312857142857
78.5748571428572
78.74
78.7765714285714
78.6754285714286
78.1871428571429
79.011
78.4275714285714
78.5501428571429
78.5432857142857
79.6594285714286
78.6347142857143
77.7484285714286
76.2977142857143
78.2042857142857
77.5467142857143
77.307
78.8178571428572
77.8495714285714
77.0661428571429
78.6002857142857
78.8847142857143
77.746
77.7622857142857
76.9152857142857
77.34
77.9018571428572
77.5157142857143
74.8095714285714
75.5674285714286
77.6685714285714
76.3905714285714
77.776
77.1334285714286
76.518
76.863
76.2777142857143
77.5777142857143
75.8602857142857
76.1672857142857
77.3397142857143
77.0582857142857
77.3027142857143
77.215
77.6147142857143
77.3101428571429
76.9191428571429
77.1285714285714
78.2654285714286
77.3674285714286
77.458
77.0795714285714
76.6411428571429
75.7024285714286
76.3744285714286
76.5007142857143
75.2504285714286
75.1775714285714
79.3941428571429
77.2241428571429
75.7721428571429
78.1596274509804
76.4112857142857
77.3175714285714
76.638
76.1921428571429
76.5681428571429
75.8542857142857
76.4454285714286
79.3004285714286
78.2592857142857
78.8487142857143
78.2425714285714
79.4555714285714
78.491
77.3222857142857
77.0347142857143
77.7092857142857
75.4601428571429
76.5148571428572
75.4968571428572
75.8378571428571
76.5247142857143
78.1187142857143
77.678
76.9838571428571
77.8747142857143
78.7488571428571
78.8258571428571
77.8938571428571
78.8302857142857
78.4565714285714
78.6284285714286
79.6508571428571
79.9512857142857
79.1562857142857
80.1248571428572
80.2845714285714
80.2641428571429
79.9365714285714
81.9624285714286
81.5142857142857
81.5592857142857
81.8091428571429
82.4947142857143
81.2741428571429
82.1385714285714
81.9672857142857
83.9187142857143
82.3031428571429
82.6571428571429
83.9744285714286
83.171
82.835
83.6127142857143
83.4637142857143
83.5587142857143
83.6834285714286
84.0524285714286
83.8065714285714
84.923
82.3872857142857
83.2644285714286
81.6952857142857
78.8254285714286
80.5381428571429
80.3622857142857
81.0487142857143
80.7948571428571
81.8212857142857
81.3812857142857
80.027
80.69
82.0061428571429
82.3168571428571
82.5768571428572
82.084
81.5978571428572
82.3017142857143
83.0214285714286
82.3127142857143
82.7548571428571
80.9632857142857
82.2384285714286
82.9985714285714
83.3191428571429
82.5258571428571
81.2068571428571
81.327
82.6127142857143
82.8944285714286
83.7167142857143
83.077
83.7128571428571
83.831
83.6134285714286
82.5628571428571
84.1341428571429
84.1987142857143
84.4324285714286
84.4888571428572
83.1388571428571
83.5382857142857
82.5487142857143
82.7027142857143
83.892
83.5282857142857
83.6185714285714
82.6882857142857
82.6004285714286
83.2831428571429
84.5861428571429
82.8354285714286
83.8002857142857
82.2201428571429
81.8887142857143
81.4627142857143
81.0135714285714
81.4658571428571
82.2061428571429
81.8275714285714
81.2467142857143
82.5347142857143
81.2227142857143
81.929
82.4608571428572
82.8344285714286
81.5757142857143
81.8384285714286
82.8217142857143
85.0817226890757
83.124
81.808
83.7221428571429
83.7191428571429
84.3577142857143
82.4874285714286
82.1088571428571
84.067
83.9204285714286
82.815
82.7824285714286
83.0554285714286
83.6978571428572
82.057
83.4574285714286
82.6272857142857
83.23
83.4448571428571
82.7857142857143
82.6462857142857
82.8452857142857
83.8025714285714
83.3272857142857
84.0871428571429
83.9214285714286
83.9987142857143
83.348
84.3965714285714
83.4928571428571
84.5011428571429
83.51
84.5291428571429
85.4842857142857
85.5338571428571
85.9912857142857
86.0858571428572
86.2968571428571
84.967
86.2524285714286
87.3071428571429
85.9275714285714
87.004
88.5027142857143
86.7085714285714
87.0904285714286
87.7292857142857
87.7647142857143
86.9942857142857
87.4378571428571
86.7757142857143
87.3597142857143
87.7692857142857
86.7394285714286
87.5432857142857
86.0168571428571
86.8211428571429
86.92
87.5964285714286
87.0307142857143
86.8481428571429
87.2444285714286
86.385
86.7408571428572
87.6707142857143
87.3690840336134
87.2995714285714
86.9094285714286
88.0311428571429
87.4708571428571
87.3937142857143
87.778
88.3174285714286
87.9512857142857
88.5307142857143
88.0825714285714
87.2471428571429
88.0591373626374
88.4227142857143
88.224
87.411
88.0991428571429
87.462
86.8162857142857
87.0527142857143
87.4981428571429
87.4605714285714
87.2518571428571
86.4787142857143
86.6938571428571
87.2195714285714
85.7945714285714
86.3155714285714
85.4418571428571
86.7224285714286
85.9991428571429
85.8175714285714
84.2771428571429
85.2288571428572
85.6495714285714
86.0525714285714
85.8435714285714
84.4038571428571
85.1971428571429
85.2302857142857
84.5708571428572
83.4315714285714
83.7727142857143
84.1584285714286
84.564
83.6561428571429
84.073
82.6255714285714
83.0958571428571
83.2215714285714
83.3575714285714
82.0111428571429
80.2481428571429
80.6892857142857
80.5811428571429
80.4588571428571
81.3075714285714
80.9671428571429
79.8727142857143
81.303
81.5518571428571
81.3738571428571
80.5178571428571
81.6398571428572
82.5822857142857
81.664
80.9182857142857
80.3455714285714
81.5495714285714
81.3322857142857
81.4441428571429
81.3645714285714
81.6342857142857
81.9091428571429
81.5187142857143
82.6172857142857
82.2175714285714
82.8108571428571
81.5875714285714
82.2011428571429
82.1298571428571
81.465
82.2865714285714
80.9484285714286
82.065
82.1431428571429
81.7465714285714
80.8018571428572
80.9884285714286
81.6097142857143
81.7471428571429
81.9727142857143
81.9402857142857
82.1988571428572
81.5602857142857
82.1465714285714
81.448
82.5385714285714
82.2831428571429
83.5931428571429
82.252
82.8532857142857
82.0994285714286
82.2287142857143
83.349
83.1434285714286
83.2452857142857
83.129
84.3375714285714
84.6404285714286
84.5401428571429
85.4834285714286
85.9778571428571
86.3525714285714
85.782
87.6714285714286
86.6445714285714
85.8538571428572
85.8452857142857
86.7568571428571
87.2491428571429
86.7272857142857
87.1038571428572
86.3214285714286
86.1987142857143
84.8592857142857
85.8481428571429
85.4071428571429
86.2545714285714
85.8762857142857
84.9245714285714
84.8027142857143
85.1984285714286
84.8305714285714
85.771
84.5222857142857
85.1325714285714
84.926
84.88
86.242
85.1457142857143
84.7378571428572
84.6702857142857
85.1011428571429
84.3871428571429
84.5012857142857
85.3364285714286
85.081
85.8355714285714
84.6502857142857
84.4675714285714
84.4704285714286
84.1917142857143
85.2954285714286
84.9812857142857
84.5728571428571
84.6075714285714
83.9017142857143
84.4935714285714
84.2854285714286
84.7856358543417
85.2345714285714
84.7928571428571
84.8648571428571
85.1901428571429
84.5638571428571
84.3934285714286
83.407
84.1534285714286
83.4815714285714
83.2981428571429
83.6791428571429
83.2805714285714
83.7351428571429
83.433
83.6378571428572
82.9608571428572
82.8598571428572
83.167
84.2931428571429
84.2048571428572
84.396
83.5161428571429
84.9552857142857
85.804
85.1467142857143
84.6135714285714
87.1402857142857
85.9314285714286
85.4812857142857
86.404
86.4034285714286
85.8354369747901
86.0134285714286
85.13
84.4777142857143
82.2848571428571
81.2444285714286
82.068
81.2034285714286
81.688
81.0134285714286
82.0001428571429
81.3225714285714
82.2204285714286
82.2515714285714
83.0268571428572
82.4868571428571
83.1255714285714
82.4414285714286
83.4464285714286
82.4077142857143
83.2164285714286
81.7611428571429
83.5207142857143
83.9665714285714
83.7807142857143
83.4921428571429
84.6385714285714
83.6047142857143
83.3115714285714
82.9634285714286
83.5881428571429
82.8388571428572
82.9485714285714
83.1271428571429
80.1482857142857
80.4712857142857
78.9552857142857
77.9925714285714
78.765
78.625
78.3927142857143
78.6791428571429
78.9784285714286
79.4331428571429
79.0751428571429
79.6397142857143
79.87
80.5702857142857
79.9287142857143
80.6992857142857
79.8724285714286
79.6208571428571
79.504
80.4471428571429
81.642
80.8195714285714
80.5568571428572
81.0162857142857
81.5398571428571
81.8168571428571
82.215
82.0965714285714
82.5881428571429
83.1792857142857
81.88
81.9938571428572
82.4257142857143
82.3608571428571
81.9255714285714
80.6592857142857
81.6742857142857
80.8025714285714
81.7004285714286
81.7964285714286
81.9624285714286
81.7362857142857
81.6965714285714
83.0825714285714
81.9551428571429
81.8705714285714
82.848
83.1747142857143
84.8052857142857
84.4558571428572
85.5282857142857
83.949
82.6177142857143
84.0788571428572
84.29
84.4375714285714
84.0941428571429
86.1545238095239
86.47
86.3387002801121
87.2474285714286
88.8314285714286
87.5208571428572
86.678
87.2335714285714
87.0612857142857
87.8918571428571
88.3798571428571
89.8367142857143
91.0794285714286
91.5944285714286
91.0462857142857
90.6515714285714
91.7781428571429
90.8074285714286
90.9295714285714
90.2208571428572
90.6948571428572
90.205
90.9148571428571
91.0768571428572
91.391
91.5801428571429
90.5351428571429
90.5658571428571
90.9255714285714
90.3377142857143
90.1664285714286
90.2867142857143
90.1535714285714
89.938
91.3067142857143
90.3275714285714
91.4427142857143
91.8272857142857
92.3724285714286
91.8534285714286
92.5528571428572
92.3224285714286
92.7605714285714
92.086
93.955
94.1518571428572
92.6991428571429
92.6334285714286
93.5911428571429
93.0391428571428
93.0944285714286
92.764
93.49
94.7485714285714
94.4618571428572
93.963
93.2917142857143
93.1677142857143
93.3745714285714
93.8801428571429
93.8465714285714
92.6687142857143
92.9082857142857
92.7092857142857
93.5357142857143
92.294
92.6862857142857
93.0378571428571
92.5324285714286
93.403
94.7175714285714
94.179
94.9705714285714
96.1632857142857
95.7402857142857
95.238
95.0995714285714
96.043
95.3244285714286
94.9054285714286
94.5415714285714
94.058
93.7251428571429
93.1801428571429
92.2604285714286
91.2611428571429
90.3027142857143
89.2854285714286
87.9967142857143
87.6224285714286
87.0477142857143
86.0192857142857
83.8914285714286
83.2508571428571
81.5334285714286
79.2657142857143
77.3088571428571
75.984
75.6955714285714
74.9948571428571
74.0374285714286
72.4542857142857
72.0102857142857
72.4458571428572
72.6218571428571
73.6584285714286
74.3478571428572
74.3498571428571
74.1854285714286
73.9511428571429
73.3088571428571
73.3047142857143
73.892
73.6365714285714
73.8207142857143
73.5467142857143
73.8874285714286
73.9518571428572
74.299
72.9711428571429
72.463
72.463
72.463
72.463
72.463
72.463
72.463
72.463
72.463
72.463
72.463
72.463
72.463
72.463
72.463
72.463
72.463
72.463
72.463
72.463
72.463
72.463
72.463
72.463
72.463
72.463
72.463
72.463
72.463
72.463
72.463
72.463
72.463
72.463
72.463
72.463
72.463
72.463
72.463
72.463
72.463
72.463
72.463
72.463
72.463
72.463
72.463
72.463
72.463
72.463
72.463
72.463
72.463
72.463
72.463
72.463
72.463
72.463
72.463
72.463
72.463
72.463
72.463
72.463
72.463
72.463
72.463
72.463
72.463
72.463
72.463
72.463
72.463
72.463
72.463
72.463
72.463
72.463
72.463
72.463
72.463
72.463
72.463
72.463
72.463
72.463
72.463
72.463
72.463
72.463
72.463
72.463
72.463
72.463
72.463
72.463
72.463
72.463
72.463
72.463
72.463
72.463
72.463
72.463
72.463
72.463
72.463
72.463
72.463
72.463
72.463
72.463
72.463
72.463
72.463
72.463
72.463
72.463
72.463
72.463
72.463
72.463
72.463
72.463
72.463
72.463
72.463
72.463
72.463
72.463
72.463
72.463
72.463
72.463
72.463
72.463
72.463
72.463
72.463
72.463
72.463
72.463
72.463
72.463
72.463
72.463
72.463
72.463
72.463
72.463
72.463
