#Prior thinning for EDML from AICC2012.
0.99408
0.99397
0.99383
0.99368
0.99352
0.99336
0.99319
0.99297
0.99275
0.99253
0.99231
0.99205
0.99177
0.9915
0.99122
0.9909
0.99057
0.99024
0.98991
0.98955
0.98918
0.9888
0.98842
0.98801
0.9876
0.98719
0.98677
0.98634
0.9859
0.98546
0.98502
0.98457
0.98412
0.98367
0.98321
0.98276
0.9823
0.98185
0.9814
0.98094
0.98049
0.98005
0.9796
0.97915
0.97872
0.97829
0.97785
0.97743
0.97701
0.97659
0.97618
0.97577
0.97536
0.97496
0.97456
0.97417
0.97377
0.97338
0.97299
0.9726
0.97221
0.97182
0.97142
0.97103
0.97063
0.97024
0.96984
0.96944
0.96905
0.96865
0.96825
0.96785
0.96746
0.96707
0.96668
0.96629
0.9659
0.96551
0.96512
0.96473
0.96434
0.96394
0.96354
0.96314
0.96272
0.96229
0.96187
0.96143
0.96097
0.96052
0.96005
0.95958
0.9591
0.95861
0.95811
0.95761
0.95711
0.9566
0.95609
0.95559
0.95508
0.95457
0.95408
0.95358
0.95309
0.95261
0.95213
0.95166
0.95119
0.95073
0.95027
0.94981
0.94935
0.94889
0.94842
0.94795
0.94748
0.947
0.94651
0.94602
0.94552
0.94501
0.9445
0.94399
0.94348
0.94297
0.94246
0.94195
0.94145
0.94095
0.94046
0.93998
0.9395
0.93904
0.93858
0.93812
0.93767
0.93722
0.93677
0.93631
0.93586
0.93541
0.93495
0.93449
0.93402
0.93353
0.93305
0.93255
0.93204
0.93152
0.93099
0.93044
0.92989
0.92933
0.92875
0.92818
0.92759
0.927
0.92641
0.92582
0.92522
0.92464
0.92406
0.92345
0.9229
0.92234
0.92177
0.92123
0.9207
0.92017
0.91965
0.91914
0.91863
0.91813
0.91764
0.91714
0.91665
0.91615
0.91565
0.91515
0.91464
0.91412
0.9136
0.91307
0.91253
0.91199
0.91144
0.91089
0.91033
0.90978
0.90922
0.90866
0.90812
0.90758
0.90705
0.90653
0.90601
0.90551
0.90503
0.90454
0.90407
0.90361
0.90315
0.9027
0.90225
0.90179
0.90133
0.90087
0.9004
0.89991
0.89943
0.89892
0.8984
0.89788
0.89733
0.89678
0.89623
0.89566
0.8951
0.89453
0.89397
0.89341
0.89286
0.89232
0.89177
0.89126
0.89074
0.89024
0.88975
0.88927
0.88879
0.88833
0.88787
0.88742
0.88697
0.88653
0.88608
0.88564
0.88519
0.88474
0.88429
0.88383
0.88337
0.88291
0.88244
0.88197
0.8815
0.88102
0.88054
0.88007
0.87959
0.87912
0.87865
0.87818
0.87772
0.87726
0.87681
0.87635
0.87591
0.87546
0.87501
0.87456
0.87411
0.87365
0.87319
0.87273
0.87227
0.87179
0.87132
0.87084
0.87036
0.86988
0.86939
0.8689
0.86842
0.86793
0.86744
0.86695
0.86645
0.86596
0.86547
0.86498
0.86449
0.864
0.86351
0.86302
0.86254
0.86205
0.86157
0.86109
0.86061
0.86014
0.85967
0.8592
0.85874
0.85828
0.85782
0.85737
0.85692
0.85648
0.85604
0.8556
0.85517
0.85473
0.8543
0.85386
0.85343
0.85299
0.85255
0.8521
0.85166
0.8512
0.85075
0.85029
0.84983
0.84937
0.8489
0.84843
0.84797
0.8475
0.84704
0.84658
0.84612
0.84567
0.84522
0.84477
0.84433
0.84389
0.84345
0.84301
0.84256
0.84212
0.84167
0.84121
0.84076
0.84029
0.83982
0.83935
0.83886
0.83837
0.83788
0.83738
0.83688
0.83638
0.83588
0.83537
0.83487
0.83437
0.83388
0.83339
0.8329
0.83242
0.83195
0.83148
0.83101
0.83056
0.8301
0.82966
0.82922
0.82878
0.82834
0.82791
0.82748
0.82705
0.82662
0.8262
0.82577
0.82535
0.82493
0.82451
0.82409
0.82368
0.82327
0.82285
0.82244
0.82203
0.82161
0.82119
0.82077
0.82034
0.81991
0.81948
0.81903
0.81859
0.81814
0.81768
0.81722
0.81676
0.81629
0.81583
0.81537
0.81491
0.81445
0.814
0.81355
0.81311
0.81267
0.81224
0.81181
0.81139
0.81097
0.81056
0.81014
0.80973
0.80932
0.80891
0.8085
0.80809
0.80767
0.80726
0.80684
0.80642
0.80601
0.80559
0.80517
0.80477
0.80436
0.80396
0.80357
0.80317
0.80279
0.80242
0.80205
0.8017
0.80135
0.801
0.80066
0.80033
0.79999
0.79966
0.79933
0.79899
0.79865
0.79831
0.79796941176471
0.79761
0.79726
0.79689
0.79653
0.79615
0.79577
0.79538961538462
0.79501
0.79462
0.79423
0.79384
0.79345
0.79306
0.79268
0.7923
0.79191980392157
0.79154
0.79116
0.79079029411765
0.79042
0.79005
0.78968
0.78931
0.78894
0.78857
0.78821
0.78784
0.78746
0.78709
0.78672
0.78635
0.78598
0.7856
0.78523
0.78486
0.78449
0.78412
0.78375
0.78339
0.78302
0.78266
0.7823
0.78194
0.78158
0.78122
0.78086
0.78051
0.78015
0.7798
0.77944
0.77908
0.77872
0.77835
0.77798
0.77761
0.77724
0.77686019230769
0.77647
0.77609
0.7757
0.77531
0.77492
0.77452
0.77412
0.77372
0.77332
0.77292
0.77252
0.77211
0.77171
0.77129990196078
0.77089
0.77048
0.77007
0.76965
0.76924
0.76882
0.7684
0.76798
0.76756
0.76714
0.76672
0.7663
0.76588
0.76546
0.76504
0.76462
0.7642
0.76377
0.76335
0.76293
0.76251
0.76209
0.76167
0.76126
0.76085
0.76045
0.76005
0.75966
0.75927
0.75889
0.75852
0.75816
0.75779
0.75744
0.75708
0.75673
0.75637
0.75602
0.75567
0.75532
0.75497
0.75462
0.75427
0.75392
0.75358
0.75324
0.7529
0.75257
0.75224
0.75191
0.75159
0.75127
0.75096
0.75066
0.75035
0.75005
0.74974
0.74944
0.74914
0.74883
0.74852
0.74821
0.7479
0.74757
0.74724
0.74691
0.74656
0.7462
0.74584
0.74545
0.74507
0.74466
0.74424
0.74382
0.74338
0.74293
0.74248
0.74201
0.74154
0.74107
0.74058961538462
0.74011
0.73962
0.73914
0.73865
0.73817
0.73768
0.73719
0.73671
0.73622
0.73573
0.73525
0.73477
0.73428
0.73381
0.73333
0.73286
0.7324
0.73194
0.7315
0.73106
0.73064
0.73023
0.72982
0.72944
0.72907
0.7287
0.72836
0.72803
0.7277
0.72741
0.72712
0.72685
0.7266
0.72635
0.72612
0.7259
0.72569
0.72549
0.72531
0.72512
0.72495
0.72477
0.7246
0.72443
0.72425
0.72407
0.72389
0.7237
0.72351
0.72331
0.72311
0.72289
0.72268
0.72246
0.72224
0.72202
0.72179
0.72156
0.72134
0.7211
0.72086960784314
0.72063
0.72039
0.72014
0.71988
0.71962
0.71935
0.71906
0.71877
0.71847
0.71816
0.71784
0.71752
0.71718
0.71685
0.71651960784314
0.71618
0.71584
0.71551
0.71518
0.71486
0.71454980769231
0.71424
0.71394
0.71366
0.71339
0.71312
0.71288
0.71264
0.71241
0.7122
0.71199
0.7118
0.71162
0.71143
0.71126
0.7111
0.71093
0.71077
0.71061
0.71045
0.71029
0.71013
0.70997
0.70981
0.70965
0.70948
0.70932
0.70916
0.70899960784314
0.70884
0.70867960784314
0.7085295
0.70837
0.70822
0.70806
0.70791
0.70775
0.70759019230769
0.70742
0.70724
0.70706970588235
0.70688
0.70668
0.70648
0.70626
0.70604
0.70582
0.70557
0.70532
0.70506
0.70479
0.70451
0.70423
0.70393
0.70363
0.70331
0.70298
0.70266
0.70231
0.70196
0.70161
0.70124
0.70087
0.7005
0.70013
0.69975
0.69938
0.699
0.69862
0.69825
0.69788
0.69751
0.69714
0.69678
0.69642
0.69606
0.69571
0.69536
0.69501
0.69466
0.69431
0.69397
0.69362
0.69328
0.69294
0.6926
0.69226
0.69192
0.69158
0.69124
0.6909
0.69056
0.69021
0.68987
0.68952
0.68918
0.68883
0.68849
0.68814
0.6878
0.68746
0.68712
0.68678
0.68645
0.68612
0.6858
0.68548
0.68516
0.68484
0.68453
0.68422
0.68392
0.68361
0.68331
0.68301
0.68271
0.68241
0.68211
0.68182
0.68153
0.68123
0.68094
0.68065
0.68037
0.68009
0.67981
0.67953
0.67926
0.67899
0.67873
0.67847
0.67822
0.67797
0.67773
0.67748
0.67725
0.67701
0.67678
0.67655
0.67633
0.6761
0.67587
0.67565
0.67542
0.67519
0.67496
0.67473
0.67449
0.67426
0.67401
0.67377
0.67353
0.67328
0.67303
0.67278
0.67253
0.67227
0.67202
0.67177
0.67151
0.67126
0.671
0.67074
0.67048
0.67022
0.66995
0.66969
0.66942
0.66914
0.66886
0.66858
0.6683
0.66801
0.66773
0.66744
0.66715
0.66685
0.66656
0.66627
0.66597
0.66567
0.66537
0.66507
0.66477
0.66447
0.66416
0.66386
0.66355
0.66324
0.66293
0.66262
0.6623
0.66199
0.66166
0.66133
0.661
0.66066
0.66032
0.65997
0.65961
0.65926
0.65889
0.65851
0.65814
0.65775
0.65736
0.65697
0.65657
0.65617
0.65577
0.65537
0.65496
0.65456
0.65415
0.65375
0.65334
0.65294
0.65253
0.65213
0.65173
0.65132
0.65092
0.65052
0.65013
0.64973
0.64933
0.64894
0.64854
0.64814
0.64775
0.64735
0.64696
0.64656
0.64617
0.64577
0.64538
0.64499
0.6446
0.64421
0.64382
0.64344
0.64306
0.64268
0.64231
0.64194
0.64157
0.64121
0.64085
0.64049
0.64014
0.63979
0.63944
0.6391
0.63876
0.63841
0.63807
0.63773
0.63739
0.63705
0.63672
0.63638
0.63604
0.6357
0.63536
0.63503
0.63469
0.63435
0.63402
0.63369
0.63335
0.63302
0.63269
0.63236
0.63203
0.6317
0.63137
0.63105
0.63072
0.6304
0.63007
0.62974
0.62942
0.6291
0.62877
0.62845
0.62813
0.6278
0.62748
0.62716
0.62684
0.62651
0.62619
0.62587
0.62555
0.62523
0.6249
0.62458
0.62426
0.62393
0.6236
0.62327
0.62294
0.6226
0.62226
0.62192
0.62158
0.62123
0.62089
0.62054
0.62019
0.61984
0.61948
0.61913
0.61878
0.61843
0.61809
0.61774
0.61739
0.61705
0.61671
0.61637
0.61603
0.6157
0.61537
0.61504
0.61471
0.61438
0.61405
0.61373
0.6134
0.61308
0.61275
0.61242
0.61209
0.61175
0.61142
0.61108
0.61073
0.61039
0.61003
0.60968
0.60932
0.60895
0.60859
0.60822
0.60784
0.60747
0.60709
0.60671
0.60632
0.60594
0.60555
0.60515
0.60475
0.60435
0.60394
0.60353
0.60311
0.60268
0.60225
0.60181
0.60136
0.60091
0.60045
0.59998
0.5995
0.59902
0.59852
0.59803
0.59753
0.59702
0.59651
0.59599
0.59547
0.59495
0.59442
0.5939
0.59337
0.59285
0.59232
0.59179
0.59126
0.59073
0.5902
0.58967
0.58913
0.58859
0.58805
0.58751
0.58696
0.58642
0.58586
0.58531
0.58475
0.58419
0.58363
0.58307
0.58251
0.58195
0.58139
0.58084
0.58028
0.57974
0.57919
0.57865
0.57812
0.57758
0.57705
0.57653
0.57601
0.57549
0.57497
0.57445
0.57394
0.57343
0.57292
0.57241
0.5719
0.5714
0.5709
0.5704
0.56991
0.56942
0.56893
0.56846
0.568
0.56754
0.5671
0.56666
0.56623
0.56582
0.56541
0.56502
0.56464
0.56427
0.56392
0.56357
0.56323
0.5629
0.56258
0.56226
0.56195
0.56164
0.56134
0.56104
0.56074
0.56045
0.56015
0.55985
0.55956
0.55926
0.55897
0.55868
0.5584
0.55811
0.55783
0.55754
0.55726
0.55698
0.55671
0.55643
0.55616
0.55588
0.5556
0.55533
0.55504
0.55476
0.55447
0.55417
0.55386
0.55356
0.55324
0.55292
0.55259
0.55225
0.55191
0.55157
0.55122
0.55086
0.55051
0.55015
0.54979
0.54943
0.54907
0.54871
0.54835
0.54799
0.54763
0.54728
0.54692
0.54657
0.54622
0.54587
0.54552
0.54516
0.54481
0.54446
0.5441
0.54375
0.54339
0.54304
0.54268
0.54233
0.54198
0.54163
0.54129
0.54094
0.5406
0.54027
0.53993
0.5396
0.53928
0.53895
0.53863
0.5383
0.53798
0.53765
0.53732
0.53699
0.53665
0.53631
0.53595
0.5356
0.53523
0.53485
0.53448
0.53408
0.53369
0.53329
0.53288
0.53246
0.53205
0.53163
0.53121
0.5308
0.53038
0.52996
0.52955
0.52913
0.52872
0.52831
0.5279
0.52749
0.52708
0.52667
0.52626
0.52586
0.52545
0.52504
0.52462
0.52421
0.52379
0.52338
0.52296
0.52255
0.52213
0.52171
0.52129
0.52088
0.52046
0.52004
0.51962
0.5192
0.51878
0.51836
0.51794
0.51752
0.51709
0.51667
0.51624
0.51581
0.51538
0.51495
0.51452
0.51408
0.51364
0.5132
0.51276
0.51232
0.51187
0.51142
0.51097
0.51052
0.51007
0.50962
0.50916
0.50871
0.50826
0.5078
0.50735
0.50689
0.50644
0.50599
0.50554
0.50509
0.50465
0.5042
0.50376
0.50333
0.50289
0.50247
0.50205
0.50162
0.50122
0.50081
0.50041
0.50003
0.49965
0.49928
0.49892
0.49857
0.49822
0.49789
0.49756
0.49724
0.49693
0.49662
0.49632
0.49602
0.49572
0.49543
0.49514
0.49484
0.49455
0.49426
0.49396
0.49366
0.49336
0.49305
0.49274
0.49243
0.49211
0.49179
0.49146
0.49113
0.4908
0.49046
0.49012
0.48977
0.48942
0.48907
0.48872
0.48835
0.48799
0.48762
0.48725
0.48687
0.48648
0.48609
0.48569
0.48528
0.48487
0.48445
0.48402
0.48359
0.48315
0.48271
0.48226
0.48181
0.48136
0.4809
0.48044
0.47998
0.47952
0.47907
0.47861
0.47815
0.47769
0.47724
0.47678
0.47633
0.47587
0.47542
0.47497
0.47452
0.47408
0.47363
0.47318
0.47273
0.47229
0.47185
0.47141
0.47098
0.47055
0.47012
0.4697
0.46929
0.46888
0.46848
0.4681
0.46771
0.46733
0.46697
0.4666
0.46624
0.46589
0.46553
0.46518
0.46484
0.46449
0.46414
0.46379
0.46344
0.46308
0.46273
0.46237
0.46201
0.46166
0.46131
0.46096
0.46062
0.46028
0.45994
0.45962
0.4593
0.45898
0.45867
0.45836
0.45805
0.45776
0.45746
0.45716
0.45685
0.45655
0.45624
0.45592
0.45561
0.45527
0.45493
0.45459
0.45423
0.45387
0.45349
0.4531
0.45271
0.4523
0.45189
0.45148
0.45105
0.45063
0.4502
0.44976
0.44932
0.44888
0.44844
0.44799
0.44754
0.44709
0.44664
0.44618
0.44571
0.44524
0.44476
0.44427
0.44378
0.44327
0.44277
0.44225
0.44172
0.4412
0.44066
0.44011
0.43957
0.43902
0.43847
0.43792
0.43737
0.43682
0.43628
0.43573
0.43519
0.43466
0.43412
0.43359
0.43308
0.43256
0.43205
0.43156
0.43106
0.43057
0.43009
0.4296
0.42913
0.42866
0.42819
0.42773
0.42727
0.42681
0.42636
0.4259
0.42544
0.42499
0.42453
0.42409
0.42364
0.42319
0.42275
0.42231
0.42187
0.42144
0.42101
0.42058
0.42017
0.41975
0.41934
0.41894
0.41853
0.41814
0.41774
0.41735
0.41696
0.41658
0.41619
0.4158
0.41542
0.41503
0.41464
0.41425
0.41386
0.41346
0.41307
0.41267
0.41228
0.41188
0.41149
0.41109
0.4107
0.41032
0.40993
0.40956
0.40919
0.40882
0.40846
0.4081
0.40775
0.40741
0.40706
0.40673
0.4064
0.40607
0.40575
0.40543
0.40512
0.40481
0.4045
0.4042
0.4039
0.4036
0.40331
0.40302
0.40273
0.40245
0.40217
0.4019
0.40164
0.40137
0.40112
0.40087
0.40062
0.40039
0.40015
0.39992
0.3997
0.39948
0.39926
0.39906
0.39885
0.39864
0.39844
0.39824
0.39805
0.39785
0.39766
0.39746
0.39727
0.39708
0.3969
0.39671
0.39651980769231
0.39634
0.39615
0.39597
0.39578
0.3956
0.39542
0.39524
0.39506
0.39489
0.39471
0.39453
0.39435
0.39418
0.394
0.39383
0.39365
0.39348
0.3933
0.39313
0.39295
0.39277
0.39259
0.39241
0.39223
0.39204
0.39186
0.39167
0.39148
0.39129
0.3911
0.3909
0.39071
0.39051
0.39031
0.39012
0.38992
0.38972
0.38952
0.38932
0.38912
0.38892
0.38872
0.38851
0.38831
0.3881
0.38789
0.38768
0.38746
0.38725
0.38702
0.3868
0.38657
0.38633
0.3861
0.38586
0.38561
0.38537
0.38512
0.38486
0.38461
0.38436
0.3841
0.38385
0.38359049019608
0.38334
0.38309
0.38284
0.38259
0.38235
0.38211
0.38188
0.38165
0.38143
0.38121
0.381
0.38079019230769
0.38059
0.3804
0.38021
0.38003
0.37985
0.37967
0.37951
0.37934
0.37918
0.37904
0.37889
0.37875
0.37862
0.37849
0.37838
0.37828
0.37817
0.37808
0.378
0.37792
0.37787
0.37781
0.37776
0.37773
0.3777
0.37768990196078
0.37768
0.37767
0.37769
0.37771
0.37773
0.37777
0.3778
0.37785
0.3779
0.37795
0.37802
0.37808
0.37815
0.37822
0.37829
0.37837
0.37845
0.37853
0.37861
0.37869
0.37877
0.37885980392157
0.37894
0.37902
0.3791
0.37918
0.37926
0.37933
0.3794
0.37946
0.37952
0.37957
0.37962
0.37965
0.37968
0.37969
0.3797
0.3797
0.37967
0.37964
0.3796
0.37953
0.37946
0.37936
0.37924
0.37912
0.37896
0.37879
0.37861
0.37838
0.37816
0.37791
0.37762
0.37733
0.377
0.37665
0.3763
0.37589
0.37548
0.37506
0.37458
0.37411
0.37361
0.37308
0.37254
0.37198
0.37139
0.37081
0.37019
0.36956
0.36894
0.36828
0.36762
0.36695
0.36627
0.36559
0.3649
0.36421
0.36352
0.36283
0.36214
0.36145
0.36077
0.36008
0.35941
0.35875
0.35809
0.35745
0.35681
0.35617
0.35557
0.35496
0.35436
0.3538
0.35323
0.35267
0.35214
0.35162
0.35111
0.35061
0.35012
0.34965
0.3492
0.34874
0.34832
0.3479
0.3475
0.34711
0.34672
0.34635
0.346
0.34564
0.3453
0.34497
0.34464
0.34432
0.34401
0.34369
0.34338
0.34306
0.34274
0.34243
0.34211
0.34178
0.34144
0.34111
0.34075
0.3404
0.34004
0.33966
0.33928
0.33889
0.33849
0.33809
0.33767
0.33725
0.33682
0.33638
0.33593
0.33548
0.33502
0.33456
0.3341
0.33363
0.33316
0.33269
0.33221
0.33174
0.33125
0.33077
0.33029019607843
0.32981
0.32932
0.32884
0.32835
0.32786
0.32738
0.32689
0.3264
0.32591
0.32542
0.32493
0.32444
0.32395
0.32346
0.32296
0.32247
0.32197
0.32147
0.32097
0.32047
0.31996
0.31945
0.31892
0.3184
0.31787
0.31733
0.31679
0.31623
0.31567
0.31511
0.31453
0.31394
0.31335
0.31274
0.31213
0.31151
0.31087
0.31023
0.30956
0.30889
0.30822
0.30751
0.3068
0.30609
0.30535
0.3046
0.30385
0.30308
0.3023
0.30151
0.3007
0.2999
0.29907
0.29824
0.2974
0.29656
0.29571
0.29485
0.29399
0.29313
0.29226
0.29139
0.29052
0.28965
0.28878
0.28792
0.28705
0.28618
0.28532
0.28445
0.28359
0.28274
0.28188
0.28103
0.28019
0.27935
0.27851
0.27768
0.27685
0.27602
0.27519
0.27437
0.27356
0.27275
0.27194
0.27114
0.27034
0.26954
0.26876
0.26797
0.26719
0.26641
0.26564
0.26487
0.26411
0.26335
0.2626
0.26185
0.2611
0.26036
0.25962
0.25889
0.25817
0.25745
0.25674
0.25602
0.25531
0.25462
0.25392
0.25323
0.25255
0.25187
0.25119
0.25052
0.24986
0.2492
0.24854
0.24789
0.24725
0.24661
0.24598
0.24536
0.24473
0.24412
0.24352
0.24291
0.24232
0.24174
0.24115039215686
0.24059
0.24003
0.23948
0.23894
0.2384
0.23788
0.23736
0.23685
0.23636
0.23587
0.23538
0.23492
0.23446
0.234
0.23356
0.23312
0.23269
0.23227
0.23186
0.23146
0.23107
0.23067
0.2303
0.22993
0.22956
0.22921
0.22886
0.22852
0.22819
0.22786
0.22755
0.22724
0.22693
0.22663
0.22634
0.22605
0.22577
0.2255
0.22523
0.22496
0.2247
0.22444
0.22419
0.22394
0.2237
0.22347
0.22323
0.223
0.22277
0.22255
0.22233
0.22211
0.2219
0.22169
0.22148
0.22128
0.22107
0.22087
0.22068
0.22048
0.22029
0.2201
0.21991
0.21973
0.21954019607843
0.21936
0.21918
0.21901
0.21883
0.21866
0.21849
0.21832
0.21816
0.218
0.21784
0.21768
0.21753
0.21738
0.21723
0.21708
0.21694
0.2168
0.21666
0.21653
0.2164
0.21627
0.21614
0.21602
0.2159
0.21578
0.21566
0.21555
0.21544
0.21532
0.21522
0.21511
0.215
0.21489
0.21479
0.21468
0.21458
0.21447
0.21437
0.21426
0.21415
0.21404
0.21393
0.21381
0.21369
0.21357
0.21345
0.21332
0.21319
0.21305
0.2129
0.21276
0.2126
0.21244
0.21228
0.2121
0.21193
0.21174
0.21154
0.21135
0.21114
0.21092
0.2107
0.21047
0.21023
0.20999
0.20973
0.20948
0.20921
0.20893
0.20866
0.20836
0.20807
0.20778
0.20747
0.20716
0.20685
0.20653
0.20621
0.20588
0.20555
0.20522
0.20489
0.20456
0.20423
0.2039
0.20357
0.20324
0.20291
0.20259
0.20227
0.20195
0.20164
0.20133
0.20103
0.20072
0.20043
0.20014
0.19985
0.19957
0.19929
0.19902
0.19875
0.19849
0.19823
0.19798
0.19772
0.19748
0.19724
0.197
0.19676
0.19653
0.19631
0.19608
0.19586
0.19564
0.19543
0.19521
0.195
0.19479
0.19459
0.19438
0.19418
0.19398
0.19377
0.19357
0.19337
0.19317
0.19297
0.19278
0.19258
0.19238
0.19218
0.19199
0.19179
0.1916
0.1914
0.19121
0.19101
0.19082
0.19063
0.19044
0.19025
0.19006
0.18988
0.18969
0.18951
0.18933
0.18915
0.18897
0.18879
0.18861
0.18844
0.18827
0.1881
0.18793
0.18776
0.18759
0.18743
0.18727
0.18710960784314
0.18695
0.18679
0.18664
0.18648
0.18633
0.18618
0.18604
0.18589
0.18574
0.1856
0.18546
0.18531
0.18517
0.18503
0.18488
0.18474
0.18459
0.18445
0.1843
0.18415
0.184
0.18385
0.18369
0.18354
0.18338
0.18322
0.18306
0.1829
0.18274
0.18258
0.18242
0.18225039215686
0.18209
0.18193
0.18176
0.1816
0.18144
0.18128
0.18111
0.18095
0.18079
0.18062
0.18046
0.18029
0.18012
0.17995
0.17977
0.1796
0.17941
0.17923
0.17904
0.17884
0.17864
0.17843
0.17821
0.17799
0.17776
0.17752
0.17727
0.17701
0.17676
0.17648
0.1762
0.17592
0.17563
0.17533
0.17503
0.17471
0.1744
0.17408
0.17375
0.17342
0.17308
0.17274
0.1724
0.17205
0.1717
0.17135
0.17099
0.17063
0.17026
0.16988
0.16951
0.16912
0.16873
0.16833
0.16793
0.16752
0.16711
0.16669
0.16627
0.16585
0.16541
0.16498
0.16455
0.16412
0.16369
0.16326
0.16283
0.1624
0.16198
0.16156
0.16114
0.16073
0.16032
0.15991
0.15951
0.15911
0.15872
0.15833
0.15793
0.15754
0.15715
0.15676
0.15638
0.15599
0.1556
0.15521
0.15482
0.15443
0.15404
0.15365
0.15326009803922
0.15287
0.15248
0.15208
0.15169
0.1513
0.15091
0.15053
0.15014
0.14975
0.14936
0.14896
0.14857
0.14817
0.14777
0.14737
0.14696
0.14654
0.14612
0.14569
0.14526
0.14483
0.14437
0.14392
0.14346
0.14298
0.1425
0.14201
0.14152
0.14102
0.1405
0.13998
0.13946
0.13892
0.13838
0.13783
0.13727
0.13671
0.13614
0.13556
0.13499
0.1344
0.1338
0.13321
0.1326
0.132
0.13139
0.13077
0.13016
0.12954
0.12892
0.1283
0.12768
0.12706
0.12644
0.12583
0.12522
0.1246
0.12399
0.12338
0.12278
0.12218
0.12158
0.12099
0.1204
0.11982
0.11925
0.11868
0.11812
0.11757
0.11701
0.11647
0.11594
0.11541
0.1149
0.11439
0.11389
0.11341
0.11292
0.11244
0.11198
0.11153
0.11108
0.11065
0.11021
0.10979
0.10938
0.10897
0.10857
0.10818
0.10779
0.10742
0.10704
0.10667
0.10632
0.10596
0.1056
0.10525
0.1049
0.10456
0.10421
0.10386
0.10352
0.10317
0.10282
0.10246
0.10211
0.10174
0.10136
0.10099
0.10059
0.10019
0.09979
0.09935
0.09892
0.09847
0.098
0.09752
0.09702
0.09651
0.09599
0.09544
0.09488
0.09432
0.09372
0.09312
0.09251
0.09187
0.09123
0.09057
0.0899
0.08923
0.08853
0.08782
0.08712
0.08639
0.08567
0.08494
0.0842
0.08347
0.08273
0.08198
0.08124
0.08051
0.07978
0.07905
0.07834
0.07764
0.07694
0.07627
0.07561
0.07497
0.07435
0.07372
0.07315
0.07259
0.07204
0.07154
0.07105
0.07058
0.07015
0.06971
0.06932
0.06895
0.06858
0.06827
0.06795
0.06765
0.06739
0.06713
0.06689
0.06667
0.06646
0.06628
0.06611
0.06594
0.06582
0.0657
0.06558
0.06551
0.06543
0.06538
0.06535
0.06533
0.06531
0.06529
0.06527
0.06525
0.06523
0.06521
0.06519
0.06517
0.06515
0.06513
0.06511
0.06509
0.06507
0.06505
0.06503
0.06501
0.06499
0.06497
0.06495
0.06493
0.06491
0.06489
0.06487
0.06485
0.06483
0.06481
0.06479
0.06477
0.06475
0.06473
0.06471
0.06469
0.06467
0.06465
0.06463
0.06461
0.06459
0.06457
0.06455
0.06453
0.06451
0.06449
0.06447
0.06445
0.06443
0.06441
0.06439
0.06437
0.06435
0.06433
0.06431
0.06429
0.06427
0.06425
0.06423
0.06421
0.06419
0.06417
0.06415
0.06413
0.06411
0.06409
0.06407
0.06405
0.06403
0.06401
0.06399
0.06397
0.06395
0.06393
0.06391
0.06389
0.06387
0.06385
0.06383
0.06381
0.06379
0.06377
0.06375
0.06373
0.06371
0.06369
0.06367
0.06365
0.06363
0.06361
