2994.0609937814297
0.000000000000000000e+00
3.816793893129798998e-01
7.718170192356224035e-01
1.170483691086277478e+00
1.577745822249740471e+00
1.993665301134864620e+00
2.418299351139889808e+00
2.851700404273076028e+00
3.293915985037312755e+00
3.744988605143901417e+00
4.204955669572343346e+00
4.673849394440217075e+00
5.151696737090696310e+00
5.638519338745036968e+00
6.134333480004366734e+00
6.639150049419439981e+00
7.152974525279606866e+00
7.675806970703532350e+00
8.207642042044676955e+00
8.748469010555208314e+00
9.298271797182961151e+00
9.857029020308441858e+00
1.042471405616281110e+01
1.100129511160420215e+01
1.158673530886907876e+01
1.218099278185779077e+01
1.278402078346027260e+01
1.339353528535606230e+01
1.400860881033464977e+01
1.462922002608385519e+01
1.525534647451957149e+01
1.588696459407152872e+01
1.652404972860389876e+01
1.716657617267318514e+01
1.781451719553587409e+01
1.846784505981152691e+01
1.912653104739671761e+01
1.979054548596813845e+01
2.045985777602816214e+01
2.113443641844618526e+01
2.181424904244862972e+01
2.249926243401077741e+01
2.318944256460368791e+01
2.388475462024968010e+01
2.458516303084029175e+01
2.529063149967101864e+01
2.600112303314798012e+01
2.671659997062206315e+01
2.743702401430703119e+01
2.816235625923910746e+01
2.889255722323615672e+01
2.962758687681603220e+01
3.036740467303450686e+01
3.111196957720445866e+01
3.186124009645933342e+01
3.261517430912500970e+01
3.337372989386577871e+01
3.413686415857127088e+01
3.490453406895288424e+01
3.567669627681943467e+01
3.645330714800348204e+01
3.723432278991112554e+01
3.801969905486465251e+01
3.880939157161965625e+01
3.960335583274293469e+01
4.040154717833012654e+01
4.120392082131885303e+01
4.201043187229431197e+01
4.282103536377082520e+01
4.363568627393429722e+01
4.445433954983193559e+01
4.527695012999704716e+01
4.610347296649823079e+01
4.693386304640340256e+01
4.776807541265073809e+01
4.860606518431966805e+01
4.944778757629643451e+01
5.029319791832995179e+01
5.114225167347483136e+01
5.199490445591958832e+01
5.285111204819920516e+01
5.371083041779210987e+01
5.457401573310288256e+01
5.544062437883268046e+01
5.631061297074048611e+01
5.718393836979898026e+01
5.806055769574985703e+01
5.894042834006395282e+01
5.982350797831238509e+01
6.070975458195563590e+01
6.159912642955792705e+01
6.249158211743511515e+01
6.338708056444127692e+01
6.428558090437510941e+01
6.518704274428424128e+01
6.609142604609093041e+01
6.699869113454531089e+01
6.790879870467038870e+01
6.882170982870974285e+01
6.973738596258907307e+01
7.065578895190323294e+01
7.157688103744017383e+01
7.250062486025392161e+01
7.342698346629821060e+01
7.435592031063308127e+01
7.528739926121643578e+01
7.622191454692378443e+01
7.715943512214629152e+01
7.809992778495526977e+01
7.904335734118691903e+01
7.998968676727612603e+01
8.093887737109346858e+01
8.189088895011907709e+01
8.284567994636429944e+01
8.380320759752513027e+01
8.476342808392156769e+01
8.572629667084214589e+01
8.669176784597433993e+01
8.765979545165818365e+01
8.863033281175285083e+01
8.960333285295389771e+01
9.057874822044281871e+01
9.155653138778991718e+01
9.253663467096257023e+01
9.351901047130880329e+01
9.450361134849909206e+01
9.549039007236022769e+01
9.647929970399431454e+01
9.747029367131078459e+01
9.846332583907461355e+01
9.945835057358917197e+01
1.004553228021449627e+02
1.014541980673766091e+02
1.024549325766802355e+02
1.034574832468508561e+02
1.044618077441063946e+02
1.054678645196699591e+02
1.064756128410865017e+02
1.074850128194531322e+02
1.084960254327446449e+02
1.095086125454176340e+02
1.105227369244769875e+02
1.115383622521891311e+02
1.125554531356254984e+02
1.135739751132191060e+02
1.145938946585150262e+02
1.156151791812938683e+02
1.166377970262446979e+02
1.176617174693606955e+02
1.186869107122277001e+02
1.197133478743717916e+02
1.207410009838278455e+02
1.217698429660868271e+02
1.227998475755086645e+02
1.238309894092956256e+02
1.248632440047331755e+02
1.258965877391217703e+02
1.269309978127999159e+02
1.279664522313799040e+02
1.290029297873145140e+02
1.300404100409069486e+02
1.310788733008695885e+02
1.321183006045310719e+02
1.331586736977846499e+02
1.341999750148642931e+02
1.352421876580289393e+02
1.362852953772287776e+02
1.373292825498216985e+02
1.383741341604017521e+02
1.394198357807957791e+02
1.404663735502791724e+02
1.415137341560557047e+02
1.425619048140417533e+02
1.436108732499902771e+02
1.446606276809849589e+02
1.457111567973311423e+02
1.467624497448655063e+02
1.478144961077030075e+02
1.488672858914358699e+02
1.499208095067963313e+02
1.509750577537914751e+02
1.520300218063160571e+02
1.530856931972466555e+02
1.541420637973134262e+02
1.551991257374052680e+02
1.562568715426156984e+02
1.573152940422011739e+02
1.583743863570586257e+02
1.594341418876638556e+02
1.604945543024622339e+02
1.615556175267029175e+02
1.626173257317066145e+02
1.636796733245560063e+02
1.647426549381982284e+02
1.658062654219476713e+02
1.668704998323773054e+02
1.679353534245866229e+02
1.690008216438342004e+02
1.700669001175224366e+02
1.711335846475225253e+02
1.722008712028274715e+02
1.732687559125211010e+02
1.743372350590512951e+02
1.754063050717958561e+02
1.764759625209093485e+02
1.775462041114399483e+02
1.786170266777052120e+02
1.796884271779162816e+02
1.807604026890399780e+02
1.818329504018889509e+02
1.829060676164299650e+02
1.839797517373011431e+02
1.850540002695288138e+02
1.861288108144353544e+02
1.872041809652904192e+02
1.882801084726159786e+02
1.893565912037185797e+02
1.904336271075786726e+02
1.915112147695145666e+02
1.925893534410391510e+02
1.936680423644635596e+02
1.947472807737011351e+02
1.958270678950636352e+02
1.969074029480489401e+02
1.979882851461195798e+02
1.990697136974714567e+02
2.001516878057923918e+02
2.012342066710097015e+02
2.023172694900262627e+02
2.034008754574447266e+02
2.044850237662791415e+02
2.055697136086537569e+02
2.066549441764882999e+02
2.077407146621694096e+02
2.088270242592079455e+02
2.099138721628814039e+02
2.110012575708615259e+02
2.120891796838265009e+02
2.131776377060573395e+02
2.142666308460185576e+02
2.153561583169223468e+02
2.164462193372764318e+02
2.175368131314152151e+02
2.186279389300138973e+02
2.197195958818147119e+02
2.208117831185264208e+02
2.219044998925652408e+02
2.229977454645735975e+02
2.240915191038479577e+02
2.251858200887489545e+02
2.262806477070940332e+02
2.273760012565324189e+02
2.284718800449027754e+02
2.295682833905731002e+02
2.306652106227633396e+02
2.317626610818506379e+02
2.328606341196573055e+02
2.339591290997216504e+02
2.350581453975519253e+02
2.361576824008634219e+02
2.372577395097988813e+02
2.383583161371326469e+02
2.394594117084584184e+02
2.405610256623612884e+02
2.416631574505737490e+02
2.427658065381166068e+02
2.438689724034243511e+02
2.449726545384560268e+02
2.460768524487912430e+02
2.471815656537120560e+02
2.482867936862709257e+02
2.493925360933450577e+02
2.504987924356775295e+02
2.516055622879055704e+02
2.527128450301968883e+02
2.538206387359983580e+02
2.549289430200715287e+02
2.560377575110652515e+02
2.571470818514851544e+02
2.582569156976522891e+02
2.593672587196516020e+02
2.604781106012708278e+02
2.615894710399296628e+02
2.627013397466000129e+02
2.638137164457178869e+02
2.649266008750866490e+02
2.660399927857727675e+02
2.671538919419941180e+02
2.682682981210011235e+02
2.693832111129515283e+02
2.704986307207785217e+02
2.716145567600534605e+02
2.727309890588427947e+02
2.738479274575601039e+02
2.749653718088132450e+02
2.760833219772472944e+02
2.772017778393832828e+02
2.783207392834534062e+02
2.794402062092329970e+02
2.805601785278693114e+02
2.816806561617077591e+02
2.828016390441158023e+02
2.839231271193048087e+02
2.850451203421503124e+02
2.861676186780105127e+02
2.872906172306070403e+02
2.884141147628307635e+02
2.895381112649454849e+02
2.906626067369635962e+02
2.917876011884615082e+02
2.929130946383950231e+02
2.940390871149153327e+02
2.951655786551852430e+02
2.962925693051964799e+02
2.974200591195876200e+02
2.985480481614634982e+02
2.996765365022156971e+02
3.008055242213446832e+02
3.019350114062833086e+02
3.030649981522224152e+02
3.041954845619383150e+02
3.053264707456220322e+02
3.064579568207111038e+02
3.075899429117232557e+02
3.087224291500928075e+02
3.098554156740093504e+02
3.109889026282589839e+02
3.121228901640682807e+02
3.132573784389508660e+02
3.143923676165566690e+02
3.155278578665241866e+02
3.166638493643354764e+02
3.178003422911739335e+02
3.189373368337852526e+02
3.200748331843410597e+02
3.212128289211872243e+02
3.223513214060276368e+02
3.234903108417319686e+02
3.246297974360775811e+02
3.257697814016282223e+02
3.269102629556155080e+02
3.280512423198234728e+02
3.291927197204760773e+02
3.303346953881276136e+02
3.314771695575560102e+02
3.326201424676590932e+02
3.337636143613535182e+02
3.349075854854768863e+02
3.360520560906921901e+02
3.371970264313952725e+02
3.383424967656250146e+02
3.394884673549759668e+02
3.406349384645137661e+02
3.417819103626931110e+02
3.429293833212781806e+02
3.440773576152654982e+02
3.452258335228093529e+02
3.463748113251493805e+02
3.475242913065405901e+02
3.486742737541856627e+02
3.498247589581693546e+02
3.509757472113951167e+02
3.521272388095237034e+02
3.532792340509139422e+02
3.544317332365654920e+02
3.555847388870266172e+02
3.567382629546015096e+02
3.578923057601888331e+02
3.590468676271289610e+02
3.602019488811559427e+02
3.613575498503510062e+02
3.625136708650977084e+02
3.636703122580387344e+02
3.648274743640340034e+02
3.659851575201205378e+02
3.671433620654733545e+02
3.683020883413680053e+02
3.694613366911443109e+02
3.706211074601714017e+02
3.717814009958139536e+02
3.729422176473996160e+02
3.741035577661875209e+02
3.752654217053380989e+02
3.764278098198835778e+02
3.775907224666999014e+02
3.787541600044793313e+02
3.799181227937042422e+02
3.810826111966214853e+02
3.822476255772180025e+02
3.834131663011970090e+02
3.845792337359551425e+02
3.857458282505602938e+02
3.869129502157302340e+02
3.880806000038119237e+02
3.892487779887616171e+02
3.904174845461254790e+02
3.915867418926534356e+02
3.927565545891356464e+02
3.939269230399222579e+02
3.950978476509085340e+02
3.962693288295185994e+02
3.974413669846897506e+02
3.986139625268572217e+02
3.997871158679395762e+02
4.009608274213242680e+02
4.021350976018538859e+02
4.033099268258127950e+02
4.044853155109141767e+02
4.056612640762874094e+02
4.068377729424657900e+02
4.080148425313747680e+02
4.091924732663205191e+02
4.103706655719786340e+02
4.115494198743834318e+02
4.127287366009173297e+02
4.139086161803007826e+02
4.150890590425822211e+02
4.162700656191284452e+02
4.174516363426153589e+02
4.186337716470187047e+02
4.198164719676053664e+02
4.209997377409246155e+02
4.221835694047997549e+02
4.233679673983201042e+02
4.245529321618329277e+02
4.257384641369357041e+02
4.269245624369537495e+02
4.281112262768610890e+02
4.292984560995155334e+02
4.304862523489934460e+02
4.316746154705828076e+02
4.328635459107767360e+02
4.340530441172670066e+02
4.352431105389377990e+02
4.364337456258594443e+02
4.376249498292826843e+02
4.388167236016327593e+02
4.400090673965036672e+02
4.412019816686528202e+02
4.423954668739954741e+02
4.435895234695996123e+02
4.447841519136807165e+02
4.459793526655968208e+02
4.471751261858436237e+02
4.483714729360497699e+02
4.495683933789720754e+02
4.507658879784911505e+02
4.519639571996069094e+02
4.531626015084341930e+02
4.543618213721987900e+02
4.555616172592330031e+02
4.567619896389718974e+02
4.579629389819492644e+02
4.591644657597939272e+02
4.603665704452257614e+02
4.615692535120523985e+02
4.627725094697169652e+02
4.639763149156085547e+02
4.651806702987693143e+02
4.663855760692808872e+02
4.675910326782608877e+02
4.687970405778598320e+02
4.700036002212579547e+02
4.712107120626620826e+02
4.724183765573026790e+02
4.736265941614308304e+02
4.748353653323154617e+02
4.760446905282404373e+02
4.772545702085020025e+02
4.784650048334059420e+02
4.796759948642651352e+02
4.808875407633968280e+02
4.820996429941204156e+02
4.833123020207548279e+02
4.845255183086161992e+02
4.857392923240157643e+02
4.869536245342574716e+02
4.881685154076357662e+02
4.893839654134336001e+02
4.905999750219203293e+02
4.918165447043496670e+02
4.930336749329577515e+02
4.942513661809612131e+02
4.954696189225554122e+02
4.966884336329125063e+02
4.979078107881798587e+02
4.991277508654781059e+02
5.003482430797992606e+02
5.015692863633379943e+02
5.027908811844189927e+02
5.040130280123190119e+02
5.052357273172654004e+02
5.064589795704346216e+02
5.076827852439507751e+02
5.089071448108841764e+02
5.101320587452501627e+02
5.113575275220075582e+02
5.125835516170576511e+02
5.138101315072426587e+02
5.150372676703449315e+02
5.162649605850854186e+02
5.174932107311228719e+02
5.187220185890523680e+02
5.199513846404047399e+02
5.211813093676453263e+02
5.224117932541728351e+02
5.236428367843186606e+02
5.248744404433459749e+02
5.261066047174487039e+02
5.273393300937508457e+02
5.285726170603054470e+02
5.298064661060940352e+02
5.310408777210258222e+02
5.322758523959369086e+02
5.335113906225897153e+02
5.347474928936723018e+02
5.359841597027976832e+02
5.372213965939685067e+02
5.384592080365639504e+02
5.396975945352867257e+02
5.409365565957733679e+02
5.421760947245937814e+02
5.434162094292506708e+02
5.446569012181792004e+02
5.458981706007467665e+02
5.471400180872524288e+02
5.483824441889267973e+02
5.496254494179314634e+02
5.508690342873591135e+02
5.521131993112328473e+02
5.533579450045061776e+02
5.546032718830630301e+02
5.558491804637171754e+02
5.570956712642123421e+02
5.583427448032219900e+02
5.595904016003491961e+02
5.608386421761265410e+02
5.620874670520162226e+02
5.633368767504099424e+02
5.645868717946285642e+02
5.658374527089226831e+02
5.670886200184722838e+02
5.683403742493867412e+02
5.695927159287051609e+02
5.708456455843962658e+02
5.720991637453583962e+02
5.733532709414200781e+02
5.746079703556895311e+02
5.758632709254687825e+02
5.771191731938801013e+02
5.783756777049906077e+02
5.796327850038122733e+02
5.808904956363027168e+02
5.821488101493650902e+02
5.834077290908484201e+02
5.846672530095480624e+02
5.859273824552060432e+02
5.871881179785114000e+02
5.884494601311004089e+02
5.897114094655571535e+02
5.909739665354139788e+02
5.922371318951518333e+02
5.935009061002006092e+02
5.947652897069398250e+02
5.960302832726988527e+02
5.972958873557577135e+02
5.985621025153474193e+02
5.998289293116504268e+02
6.010963683058012066e+02
6.023644200598870384e+02
6.036330851369482389e+02
6.049023641009790708e+02
6.061722575169280844e+02
6.074427659506989130e+02
6.087138899691508414e+02
6.099856301400993743e+02
6.112579870323169189e+02
6.125309612155336936e+02
6.138045523748202186e+02
6.150787610039169522e+02
6.163535876744956568e+02
6.176290329591873842e+02
6.189050974315830445e+02
6.201817816662343148e+02
6.214590862386540948e+02
6.227370117253177568e+02
6.240155587036636007e+02
6.252947277520937632e+02
6.265745194499750141e+02
6.278549343776396654e+02
6.291359731163863671e+02
6.304176362484809033e+02
6.316999243571573288e+02
6.329828380266184240e+02
6.342663778420369454e+02
6.355505443895564213e+02
6.368353382562920615e+02
6.381207600303316667e+02
6.394068103007366517e+02
6.406934896575430685e+02
6.419807986917622884e+02
6.432687379953822528e+02
6.445573081613684963e+02
6.458465097836648283e+02
6.471363434571946982e+02
6.484268097778619904e+02
6.497179093425522751e+02
6.510096427491337181e+02
6.523019982914734101e+02
6.535949683502216203e+02
6.548885535063473071e+02
6.561827543417782636e+02
6.574775714394020270e+02
6.587730053830669021e+02
6.600690567575833256e+02
6.613657261487246615e+02
6.626630141432283381e+02
6.639609213287968714e+02
6.652594482940991156e+02
6.665585956287713998e+02
6.678583639234185512e+02
6.691587537696149184e+02
6.704597657599059630e+02
6.717614004878088281e+02
6.730636585478140432e+02
6.743665405353863207e+02
6.756700470469659194e+02
6.769741786799698957e+02
6.782789360327930126e+02
6.795843197048094453e+02
6.808903302963734632e+02
6.821969684088211352e+02
6.835042346444713530e+02
6.848121296066270816e+02
6.861206538995766095e+02
6.874298081285949138e+02
6.887395928999449097e+02
6.900500088208788156e+02
6.913610560716507507e+02
6.926727341600106911e+02
6.939850436947118624e+02
6.952979852854999763e+02
6.966115595431144811e+02
6.979257670792898125e+02
6.992406085067567574e+02
7.005560844392439321e+02
7.018721954914790331e+02
7.031889422791903144e+02
7.045063254191078386e+02
7.058243455289651820e+02
7.071430032275003441e+02
7.084622991344576803e+02
7.097822338705890388e+02
7.111028080576552384e+02
7.124240223184275465e+02
7.137458772766891570e+02
7.150683735572364412e+02
7.163915117858806525e+02
7.177152925894495183e+02
7.190397165957882635e+02
7.203647844337615425e+02
7.216904967332548040e+02
7.230168541251756551e+02
7.243438572414555665e+02
7.256715067150513505e+02
7.269998031799467526e+02
7.283287472711538157e+02
7.296583396247145856e+02
7.309885808777027023e+02
7.323195041833433834e+02
7.336511115688507516e+02
7.349834037084069678e+02
7.363163812772825167e+02
7.376500449518375717e+02
7.389843954095240406e+02
7.403194333288869302e+02
7.416551593895663927e+02
7.429915742722994310e+02
7.443286786589213762e+02
7.456664732323679345e+02
7.470049586766768925e+02
7.483441356769898221e+02
7.496840049195538995e+02
7.510245670917238385e+02
7.523658228819635951e+02
7.537077729798479595e+02
7.550504180760647159e+02
7.563937588624163482e+02
7.577377960318217447e+02
7.590825302783182451e+02
7.604279622970633454e+02
7.617740927843366308e+02
7.631209224375417080e+02
7.644684519552080246e+02
7.658166820369924608e+02
7.671656133836818299e+02
7.685152466971942431e+02
7.698655826805813831e+02
7.712166220380300956e+02
7.725683701365933302e+02
7.739208303112176282e+02
7.752740032771523602e+02
7.766278897508016144e+02
7.779824904497259013e+02
7.793378060926445414e+02
7.806938373994371432e+02
7.820505850911462176e+02
7.834080498899785425e+02
7.847662325193077777e+02
7.861251337036761697e+02
7.874847541687964849e+02
7.888450946415543967e+02
7.902061558500103047e+02
7.915679385234016081e+02
7.929304433921444115e+02
7.942936711878359120e+02
7.956576226432563317e+02
7.970222984923713057e+02
7.983876994703334731e+02
7.997538263134850922e+02
8.011206797593598594e+02
8.024882605466850691e+02
8.038565694153838876e+02
8.052256071065773995e+02
8.065953743625867673e+02
8.079658719269353924e+02
8.093371005443509603e+02
8.107090609607679426e+02
8.120817539233295292e+02
8.134551780244102019e+02
8.148293294273892116e+02
8.162042088758720411e+02
8.175798171146706181e+02
8.189561548898057026e+02
8.203332229485089329e+02
8.217110220392253268e+02
8.230895529116151010e+02
8.244688163165562855e+02
8.258488130061467700e+02
8.272295437337064641e+02
8.286110092537797982e+02
8.299932103221378838e+02
8.313761476957806735e+02
8.327598221329393482e+02
8.341442343930785910e+02
8.355293852368988610e+02
8.369152754263387806e+02
8.383019057245774093e+02
8.396892768960364037e+02
8.410773897063825189e+02
8.424662449225299952e+02
8.438558433126427190e+02
8.452461856461368370e+02
8.466372726936826894e+02
8.480291052272076513e+02
8.494216840198981799e+02
8.508150098462024289e+02
8.522090834818324083e+02
8.536039057037665998e+02
8.549994772902522300e+02
8.563957958841812115e+02
8.577928622629789288e+02
8.591906772053416717e+02
8.605892414912389086e+02
8.619885559019157881e+02
8.633886212198956400e+02
8.647894382289823625e+02
8.661910077142628097e+02
8.675933304621094067e+02
8.689964072601826501e+02
8.704002388974333826e+02
8.718048261641054069e+02
8.732101698517381010e+02
8.746162707531689193e+02
8.760231296625355526e+02
8.774307473752789974e+02
8.788391246881457164e+02
8.802482623991902528e+02
8.816581613077778456e+02
8.830688222145870441e+02
8.844802459216122088e+02
8.858924332321660131e+02
8.873053849508820576e+02
8.887191018837175989e+02
8.901335848379560503e+02
8.915488346222095970e+02
8.929648520464219246e+02
8.943816379218706061e+02
8.957991930611699445e+02
8.972175182782734737e+02
8.986365585086214196e+02
9.000562882013755370e+02
9.014767080897886444e+02
9.028978189083288726e+02
9.043196213926815972e+02
9.057421162797523948e+02
9.071653043076688618e+02
9.085891862157834566e+02
9.100137627446756596e+02
9.114390346361545880e+02
9.128650026332613834e+02
9.142916674802715988e+02
9.157190299226975867e+02
9.171470907072912269e+02
9.185758505820459732e+02
9.200053102961999230e+02
9.214354706002376361e+02
9.228663322458930907e+02
9.242978959861520707e+02
9.257301625752545533e+02
9.271631327686974373e+02
9.285968073232368170e+02
9.300311869968907104e+02
9.314662725489414470e+02
9.329020647399385098e+02
9.343385643317005815e+02
9.357757720873187282e+02
9.372136887711584450e+02
9.386523151488623853e+02
9.400916519873532025e+02
9.415316605528471428e+02
9.429722713209813492e+02
9.444134849622644197e+02
9.458553021483303382e+02
9.472977235519408623e+02
9.487407498469879101e+02
9.501843817084956072e+02
9.516286198126227873e+02
9.530734648366650390e+02
9.545189174590572065e+02
9.559649783593756638e+02
9.574116482183407015e+02
9.588589277178184602e+02
9.603068175408237721e+02
9.617553183715220939e+02
9.632044308952320080e+02
9.646541557984278370e+02
9.661044937687414631e+02
9.675554454949649426e+02
9.690070116670531206e+02
9.704591929761256779e+02
9.719119901144696314e+02
9.733654037755416084e+02
9.748194346539705748e+02
9.762740834455598815e+02
9.777293508472899930e+02
9.791852375573205336e+02
9.806417442749931297e+02
9.820988717008335698e+02
9.835566205365543055e+02
9.850149956847448038e+02
9.864740986925706920e+02
9.879339303626685478e+02
9.893944914990343023e+02
9.908557829070264233e+02
9.923178053933681895e+02
9.937805597661509864e+02
9.952440468348370359e+02
9.967082674102624651e+02
9.981732223046399213e+02
9.996389123315616416e+02
1.001105338306002295e+03
1.002572501044322053e+03
1.004040401364269314e+03
1.005509040084983781e+03
1.006978418026999520e+03
1.008448536012247587e+03
1.009919394864059200e+03
1.011390995407168816e+03
1.012863338467716972e+03
1.014336424873253350e+03
1.015810255452739625e+03
1.017284831036552646e+03
1.018760152456487390e+03
1.020236220545760148e+03
1.021713036139011251e+03
1.023190600072308371e+03
1.024668913183149471e+03
1.026147976310466220e+03
1.027627790294626266e+03
1.029108355977436986e+03
1.030589844655810339e+03
1.032072323701629102e+03
1.033555794240128307e+03
1.035040257398465428e+03
1.036525714305724932e+03
1.038012166092922143e+03
1.039499613893007336e+03
1.040988058840870735e+03
1.042477502073345704e+03
1.043967944729213741e+03
1.045459387949208804e+03
1.046951832876020944e+03
1.048445280654301541e+03
1.049939732430666709e+03
1.051435189353702299e+03
1.052931652573967995e+03
1.054429123244001630e+03
1.055927602518323511e+03
1.057427091553440960e+03
1.058927591507852412e+03
1.060429103542052417e+03
1.061931628818535728e+03
1.063435168501801172e+03
1.064939723758357104e+03
1.066445295756725272e+03
1.067951885667445367e+03
1.069459494663079568e+03
1.070968123918216861e+03
1.072477774609478047e+03
1.073988447915519600e+03
1.075500185915797829e+03
1.077013051243095106e+03
1.078527045227981034e+03
1.080042169203334879e+03
1.081558424504350796e+03
1.083075812468543290e+03
1.084594334435751762e+03
1.086113991748146191e+03
1.087634785750232595e+03
1.089156717788857804e+03
1.090679789213215145e+03
1.092204001374849440e+03
1.093729355627662244e+03
1.095255853327917748e+03
1.096783495834247105e+03
1.098312284507655022e+03
1.099842220711524078e+03
1.101373305811620639e+03
1.102905541176100314e+03
1.104438928175512956e+03
1.105973468182808119e+03
1.107509162573341200e+03
1.109046012724878437e+03
1.110584020017601915e+03
1.112123185834115702e+03
1.113663511559451308e+03
1.115204998581072914e+03
1.116747648288883283e+03
1.118291462075228992e+03
1.119836441334905885e+03
1.121382573194923225e+03
1.122929694812763501e+03
1.124477807341328116e+03
1.126026911935548469e+03
1.127577009752390950e+03
1.129128101950861264e+03
1.130680189692009435e+03
1.132233274138934121e+03
1.133787356456787393e+03
1.135342437812779281e+03
1.136898519376183003e+03
1.138455602318339288e+03
1.140013687812660919e+03
1.141572777034637738e+03
1.143132871161841649e+03
1.144693971373930708e+03
1.146256078852654809e+03
1.147819194781859323e+03
1.149383320347491235e+03
1.150948456737603010e+03
1.152514605142357595e+03
1.154081766754033879e+03
1.155649942767030552e+03
1.157219134377872024e+03
1.158789342785212739e+03
1.160360569189841954e+03
1.161932814794689193e+03
1.163506080804828798e+03
1.165080368427484927e+03
1.166655678872037015e+03
1.168232013350023863e+03
1.169809174163171292e+03
1.171387099451525273e+03
1.172965790135467842e+03
1.174545247137030856e+03
1.176125471379900546e+03
1.177706463789420468e+03
1.179288225292595826e+03
1.180870756818097334e+03
1.182454059296265086e+03
1.184038133659111736e+03
1.185622980840327273e+03
1.187208601775282432e+03
1.188794997401032560e+03
1.190382168656321710e+03
1.191970116481586274e+03
1.193558841818959536e+03
1.195148345612274852e+03
1.196738628807069972e+03
1.198329692350590904e+03
1.199921537191795778e+03
1.201514164281359399e+03
1.203107574571676423e+03
1.204701769016865910e+03
1.206296748572775186e+03
1.207892514196983939e+03
1.209489066848808079e+03
1.211086407489303838e+03
1.212684537081272310e+03
1.214283456589262869e+03
1.215883166979577481e+03
1.217483658408552401e+03
1.219084918068377419e+03
1.220686946906634603e+03
1.222289745872631102e+03
1.223893315917403015e+03
1.225497657993719258e+03
1.227102773056085653e+03
1.228708662060749475e+03
1.230315325965702868e+03
1.231922765730687615e+03
1.233530982317198777e+03
1.235139976688488787e+03
1.236749749809572222e+03
1.238360302647229219e+03
1.239971636170010242e+03
1.241583751348239730e+03
1.243196649154020633e+03
1.244810330561238516e+03
1.246424796545565869e+03
1.248040048084466207e+03
1.249656086157198388e+03
1.251272911744820931e+03
1.252890525830196339e+03
1.254508929397994962e+03
1.256128123434700001e+03
1.257748108928611146e+03
1.259368886869849348e+03
1.260990458250360689e+03
1.262612824063921380e+03
1.264235985306141856e+03
1.265859962295676269e+03
1.267484897818151239e+03
1.269110793049030008e+03
1.270737649165951098e+03
1.272365467348733773e+03
1.273994248779382815e+03
1.275623994642094203e+03
1.277254706123259894e+03
1.278886384411473728e+03
1.280519030697536209e+03
1.282152646174460187e+03
1.283787232037476087e+03
1.285422789484037139e+03
1.287059319713825062e+03
1.288696823928755066e+03
1.290335303332981539e+03
1.291974759132903273e+03
1.293615192537169150e+03
1.295256604756683373e+03
1.296898997004611147e+03
1.298542370496383910e+03
1.300186726449705020e+03
1.301832066084555208e+03
1.303478390623198266e+03
1.305125701290186498e+03
1.306773999312365959e+03
1.308423285918882812e+03
1.310073562341188108e+03
1.311724829813044153e+03
1.313377089570529506e+03
1.315030342852045123e+03
1.316684652784377931e+03
1.318340036169199948e+03
1.319996494348854412e+03
1.321654028668211140e+03
1.323312640474673572e+03
1.324972331118184002e+03
1.326633101951230628e+03
1.328294954328853009e+03
1.329957889608649339e+03
1.331621909150781676e+03
1.333287014317983221e+03
1.334953206475563547e+03
1.336620486991416783e+03
1.338288857236025478e+03
1.339958318582469929e+03
1.341628872406430673e+03
1.343300520086200777e+03
1.344973263002684007e+03
1.346647102539412799e+03
1.348322040082538251e+03
1.349998077020860592e+03
1.351675214745801441e+03
1.353353454651459060e+03
1.355032798134545374e+03
1.356713246594493285e+03
1.358394801433315706e+03
1.360077464055829296e+03
1.361761235869340908e+03
1.363446118284129625e+03
1.365132112712742810e+03
1.366819209158790954e+03
1.368507396653590149e+03
1.370196676587832371e+03
1.371887050352582946e+03
1.373578519345117002e+03
1.375271084959871587e+03
1.376964748602604459e+03
1.378659511668139203e+03
1.380355375575614971e+03
1.382052341712343832e+03
1.383750411523842331e+03
1.385449586368586097e+03
1.387149867753859098e+03
1.388851256950413699e+03
1.390553755626062184e+03
1.392257364797413402e+03
1.393962086575099192e+03
1.395667921240113628e+03
1.397374872172153573e+03
1.399082937657938373e+03
1.400792124199165301e+03
1.402502428179549042e+03
1.404213852780629168e+03
1.405926399950081986e+03
1.407640070258463993e+03
1.409354866712763624e+03
1.411070788004783481e+03
1.412787840537148895e+03
1.414506020693976552e+03
1.416225331459724657e+03
1.417945771979480469e+03
1.419667323857341444e+03
1.421389992191346437e+03
1.423113774167079782e+03
1.424838674141376714e+03
1.426564690665196167e+03
1.428291830633572999e+03
1.430020090071372806e+03
1.431749471035312126e+03
1.433479978758018888e+03
1.435211610351034096e+03
1.436944369878547150e+03
1.438678256690670196e+03
1.440413276438993762e+03
1.442149425965455521e+03
1.443886708706160334e+03
1.445625125885536590e+03
1.447364679515651233e+03
1.449105370026095443e+03
1.450847201070923802e+03
1.452590170842446014e+03
1.454334285397911117e+03
1.456079541686717221e+03
1.457825943152488662e+03
1.459573491031066396e+03
1.461322187408236005e+03
1.463072032581657822e+03
1.464823030661207440e+03
1.466575179564417112e+03
1.468328484659509513e+03
1.470082943632424303e+03
1.471838559831030580e+03
1.473595331205485309e+03
1.475353263756865090e+03
1.477112354557924391e+03
1.478872606999250820e+03
1.480634022537961073e+03
1.482396602911625223e+03
1.484160349233582338e+03
1.485925264046771417e+03
1.487691346635365562e+03
1.489458603786301410e+03
1.491227031603295245e+03
1.492996631652794576e+03
1.494767410893333135e+03
1.496539365507465618e+03
1.498312497070993459e+03
1.500086812654597452e+03
1.501862308347327144e+03
1.503638985734710786e+03
1.505416851588809777e+03
1.507195902316531374e+03
1.508976139512495365e+03
1.510757570648325100e+03
1.512540191449431404e+03
1.514324003521527857e+03
1.516109012574251210e+03
1.517895216115756966e+03
1.519682617960928837e+03
1.521471218223129199e+03
1.523261022351874090e+03
1.525052035648167248e+03
1.526844268351330356e+03
1.528637724796408065e+03
1.530432402931764273e+03
1.532228307505616613e+03
1.534025437089071147e+03
1.535823798036834432e+03
1.537623387326891134e+03
1.539424207027524744e+03
1.541226263834146494e+03
1.543029554006661783e+03
1.544834079228044629e+03
1.546639846050154574e+03
1.548446851294273756e+03
1.550255096652593693e+03
1.552064590140976179e+03
1.553875327133734800e+03
1.555687309337574334e+03
1.557500540656570820e+03
1.559315021033924950e+03
1.561130757201712186e+03
1.562947745422605294e+03
1.564765987418148825e+03
1.566585489422884166e+03
1.568406248651926035e+03
1.570228267226433445e+03
1.572051552137543467e+03
1.573876099472111264e+03
1.575701910973782105e+03
1.577528992168968216e+03
1.579357348540357634e+03
1.581187014342481689e+03
1.583017988978366020e+03
1.584850280814499229e+03
1.586683885105419222e+03
1.588518803677562119e+03
1.590355039164929622e+03
1.592192597073698607e+03
1.594031474744531579e+03
1.595871674049270723e+03
1.597713203739045866e+03
1.599556058695813817e+03
1.601400240775372140e+03
1.603245751828147604e+03
1.605092600116710628e+03
1.606940781082371359e+03
1.608790296593655739e+03
1.610641149324826529e+03
1.612493344909808684e+03
1.614346880647026410e+03
1.616201758413860944e+03
1.618057986793775854e+03
1.619915560958569131e+03
1.621774482806425567e+03
1.623634754230341514e+03
1.625496384032100650e+03
1.627359367194375181e+03
1.629223705632952942e+03
1.631089401257329882e+03
1.632956462088092394e+03
1.634824883926326265e+03
1.636694672868635962e+03
1.638565832625809435e+03
1.640438367188084385e+03
1.642312275228918224e+03
1.644187562241580736e+03
1.646064226623814420e+03
1.647942272832175831e+03
1.649821700317388604e+03
1.651702517297700751e+03
1.653584719469566153e+03
1.655468308809953442e+03
1.657353287560357330e+03
1.659239664188360393e+03
1.661127433900401684e+03
1.663016598694061258e+03
1.664907160559892191e+03
1.666799127571074905e+03
1.668692495636242256e+03
1.670587266765569893e+03
1.672483443557460760e+03
1.674381033087332071e+03
1.676280031705879537e+03
1.678180441438153366e+03
1.680082266359608184e+03
1.681985506444816338e+03
1.683890171761419879e+03
1.685796256273288918e+03
1.687703762048036879e+03
1.689612691138895343e+03
1.691523046309879419e+03
1.693434778450617614e+03
1.695347840426814173e+03
1.697262234161751167e+03
1.699177964785367749e+03
1.701095031016327539e+03
1.703013438141519600e+03
1.704933184739069702e+03
1.706854275457238145e+03
1.708776709529484606e+03
1.710700494289491871e+03
1.712625626295443681e+03
1.714552107509149664e+03
1.716479942390140423e+03
1.718409130402438677e+03
1.720339679773956959e+03
1.722271586202498383e+03
1.724204851677783836e+03
1.726139478182129778e+03
1.728075474868304809e+03
1.730012836529586593e+03
1.731951565182426975e+03
1.733891662830659470e+03
1.735833134597975686e+03
1.737775979369711649e+03
1.739720202610928027e+03
1.741665802882716662e+03
1.743612784124076825e+03
1.745561146503332338e+03
1.747510900528066941e+03
1.749462039623043893e+03
1.751414546153997435e+03
1.753368359675329202e+03
1.755323482122981659e+03
1.757279920954121280e+03
1.759237672579276477e+03
1.761196738953083013e+03
1.763157123057806530e+03
1.765118829953076101e+03
1.767081857456725629e+03
1.769046207532813696e+03
1.771011889630109863e+03
1.772978898194118528e+03
1.774947235232054254e+03
1.776916902733795496e+03
1.778887903303804023e+03
1.780860244512112786e+03
1.782833922129507528e+03
1.784808938170034708e+03
1.786785294637849347e+03
1.788763000090854121e+03
1.790742049960307895e+03
1.792722446282552937e+03
1.794704191081500539e+03
1.796687291067928527e+03
1.798671743577117240e+03
1.800657550646749769e+03
1.802644718767570566e+03
1.804633245523034930e+03
1.806623132963147100e+03
1.808614388731282361e+03
1.810607009275212931e+03
1.812600825224968730e+03
1.814595823508799867e+03
1.816592015247509835e+03
1.818591383719945043e+03
1.820591941214026292e+03
1.822593689572441917e+03
1.824596630641966840e+03
1.826600766273474619e+03
1.828606098321949503e+03
1.830612628646497569e+03
1.832620359110359232e+03
1.834629291580920835e+03
1.836639427929726935e+03
1.838650770032491891e+03
1.840663319769112150e+03
1.842677079023678289e+03
1.844692049684487529e+03
1.846708233644055099e+03
1.848725632799126970e+03
1.850744249050692360e+03
1.852764084303995560e+03
1.854785140468548434e+03
1.856807419458142931e+03
1.858830923190863359e+03
1.860855653589099120e+03
1.862881612579556759e+03
1.864908802093272925e+03
1.866937224065626651e+03
1.868966880436352767e+03
1.870997773149553495e+03
1.873029879969743888e+03
1.875063186688435053e+03
1.877097695214410578e+03
1.879133407460758008e+03
1.881170325344881121e+03
1.883208450788512891e+03
1.885247785717727766e+03
1.887288332062955078e+03
1.889330091758990648e+03
1.891373066745010874e+03
1.893417258964584789e+03
1.895462670365686790e+03
1.897509302900710281e+03
1.899557158526480180e+03
1.901606239204265876e+03
1.903656546899794648e+03
1.905708083583264397e+03
1.907760851229357058e+03
1.909814851817251565e+03
1.911870087330637716e+03
1.913926559757728683e+03
1.915984271091274877e+03
1.918043223328576914e+03
1.920103418471499708e+03
1.922164858526485204e+03
1.924227545504566706e+03
1.926291481421381604e+03
1.928356668297185934e+03
1.930423108156867102e+03
1.932490803029958442e+03
1.934559812030671992e+03
1.936630284146727490e+03
1.938702221690384931e+03
1.940775626979249637e+03
1.942850502336288628e+03
1.944926850089846084e+03
1.947004672573659718e+03
1.949083972126876688e+03
1.951164751094070198e+03
1.953247011825255186e+03
1.955330756675904922e+03
1.957415988006967609e+03
1.959502708184882522e+03
1.961590919581596381e+03
1.963680624574579952e+03
1.965771825546845093e+03
1.967864524886961135e+03
1.969958724989071015e+03
1.972054428252909020e+03
1.974151637083817377e+03
1.976250353892762405e+03
1.978350581096352471e+03
1.980452321116854591e+03
1.982555576382211484e+03
1.984660349326058849e+03
1.986766642387742195e+03
1.988874458012334799e+03
1.990983798650654762e+03
1.993094666759281836e+03
1.995207064800575836e+03
1.997320995242693243e+03
1.999436663298387202e+03
2.001554080216395278e+03
2.003673248811198391e+03
2.005794171903940878e+03
2.007916852322450268e+03
2.010041292901257520e+03
2.012167496481618173e+03
2.014295465911532347e+03
2.016425204045765668e+03
2.018556713745870184e+03
2.020689997880204601e+03
2.022825059323955884e+03
2.024961900959159493e+03
2.027100525674720984e+03
2.029240936366436927e+03
2.031383135937016277e+03
2.033527127296101071e+03
2.035672913360288476e+03
2.037820497053151939e+03
2.039969881305262561e+03
2.042121069054210921e+03
2.044274063244628451e+03
2.046428866828209721e+03
2.048585482763733580e+03
2.050743914017085444e+03
2.052904163561279802e+03
2.055066234376480679e+03
2.057230129450025743e+03
2.059395851776447671e+03
2.061563404357495983e+03
2.063732847078118539e+03
2.065904215073647265e+03
2.068077511522043551e+03
2.070252739608958109e+03
2.072429902527755530e+03
2.074609003479537478e+03
2.076790045673168152e+03
2.078973032325297027e+03
2.081157966660383863e+03
2.083344851910723264e+03
2.085533691316469231e+03
2.087724488125659718e+03
2.089917245594240740e+03
2.092111966986092284e+03
2.094308655573051965e+03
2.096507314634940940e+03
2.098707947459588468e+03
2.100910557342857373e+03
2.103115147588669060e+03
2.105321721509028976e+03
2.107530282424052075e+03
2.109740833661988290e+03
2.111953378559248904e+03
2.114167920460430651e+03
2.116384462718343457e+03
2.118603008694034543e+03
2.120823561756816162e+03
2.123046125284290611e+03
2.125270702662377062e+03
2.127497297285337027e+03
2.129725831450041824e+03
2.131956135932966390e+03
2.134188213721183274e+03
2.136422067809120563e+03
2.138657701198583709e+03
2.140895116898780543e+03
2.143134317926343556e+03
2.145375307305353999e+03
2.147618088067364624e+03
2.149862663251424237e+03
2.152109035904101347e+03
2.154357209079507356e+03
2.156607185839321573e+03
2.158858969252813949e+03
2.161112562396870089e+03
2.163367968356015353e+03
2.165625190222439414e+03
2.167884231096019903e+03
2.170145094084347420e+03
2.172407782302749638e+03
2.174672298874317221e+03
2.176938646929927017e+03
2.179206829608268436e+03
2.181476850055866635e+03
2.183748711427109356e+03
2.186022416884271024e+03
2.188297969597538213e+03
2.190575372745035111e+03
2.192854629512848987e+03
2.195135743095055659e+03
2.197418716693745409e+03
2.199703161533844195e+03
2.201989080260439096e+03
2.204276475525201931e+03
2.206565349986410638e+03
2.208855706308969275e+03
2.211147547164430307e+03
2.213440875231015525e+03
2.215735693193636507e+03
2.218032003743917812e+03
2.220329809580216988e+03
2.222629113407645946e+03
2.224929917938094150e+03
2.227232225890249083e+03
2.229536039989618075e+03
2.231841362968551039e+03
2.234148197566261388e+03
2.236456546528849231e+03
2.238766412609322288e+03
2.241077798567619539e+03
2.243390707170632140e+03
2.245705141192226620e+03
2.248021103413267156e+03
2.250338596621638317e+03
2.252657623612267798e+03
2.254978187187148251e+03
2.257300290155361836e+03
2.259623935333101599e+03
2.261949125543694663e+03
2.264275863617626328e+03
2.266604152392562810e+03
2.268934139852399767e+03
2.271265897405929081e+03
2.273599428217970853e+03
2.275934735461450146e+03
2.278271822317421538e+03
2.280610691975096870e+03
2.282951347631871613e+03
2.285293792493351248e+03
2.287638029773378548e+03
2.289984062694060867e+03
2.292331894485796511e+03
2.294681528387302478e+03
2.297032967645641293e+03
2.299386215516249194e+03
2.301741275262962972e+03
2.304098150158047247e+03
2.306456843482223121e+03
2.308817358524695919e+03
2.311179698583182471e+03
2.313543866963939308e+03
2.315909866981791311e+03
2.318277701960159902e+03
2.320647375231090791e+03
2.323018890135283527e+03
2.325392250022118787e+03
2.327767458249688389e+03
2.330144518184823028e+03
2.332523433203122295e+03
2.334904206688983322e+03
2.337286842035628979e+03
2.339671524901079465e+03
2.342058583319590980e+03
2.344448021614048230e+03
2.346839844118741439e+03
2.349234055179405459e+03
2.351630659153257966e+03
2.354029660409038570e+03
2.356431063327047013e+03
2.358834872299182280e+03
2.361241091728983065e+03
2.363649726031664613e+03
2.366060779634161008e+03
2.368474256975162461e+03
2.370890162505156241e+03
2.373308500686466687e+03
2.375729275993295232e+03
2.378152492911759964e+03
2.380578155939937460e+03
2.383006269587901897e+03
2.385436838377766890e+03
2.387869866843725958e+03
2.390305359532093462e+03
2.392743321001346430e+03
2.395183755822165949e+03
2.397626668577477631e+03
2.400072063862494815e+03
2.402519946284759953e+03
2.404970320464186898e+03
2.407423191033102285e+03
2.409878562636289189e+03
2.412336442171148065e+03
2.414796888130509615e+03
2.417259905312676437e+03
2.419725498528903245e+03
2.422193672603441883e+03
2.424664432373585441e+03
2.427137782689713731e+03
2.429613728415337391e+03
2.432092274427143821e+03
2.434573425615042652e+03
2.437057186882211226e+03
2.439543563145140070e+03
2.442032559333678819e+03
2.444524180391083064e+03
2.447018431274059822e+03
2.449515316952814828e+03
2.452014842411098471e+03
2.454517012646253988e+03
2.457021832669262949e+03
2.459529307504793451e+03
2.462039442191247417e+03
2.464552241780808799e+03
2.467067711339490870e+03
2.469585855947183973e+03
2.472106680697705087e+03
2.474630190698845126e+03
2.477156391072417591e+03
2.479685286954308594e+03
2.482216883494525064e+03
2.484751185857243854e+03
2.487288199220861316e+03
2.489827680775355020e+03
2.492369538687608383e+03
2.494913777485771789e+03
2.497460401710427504e+03
2.500009415914634701e+03
2.502560824663971289e+03
2.505114632536578029e+03
2.507670844123203096e+03
2.510229464027243921e+03
2.512790496864794022e+03
2.515353947264684848e+03
2.517919819868532159e+03
2.520488119330779227e+03
2.523058850318742770e+03
2.525632017512657058e+03
2.528207625605720295e+03
2.530785679304138739e+03
2.533366183327173530e+03
2.535949142407185263e+03
2.538534561289681278e+03
2.541122444733360226e+03
2.543712797510160271e+03
2.546305624405304115e+03
2.548900930217346740e+03
2.551498719758221341e+03
2.554098997853287528e+03
2.556701769341378622e+03
2.559307039074847580e+03
2.561914811919617023e+03
2.564525092755225614e+03
2.567137911088956116e+03
2.569753308832876883e+03
2.572371291027993266e+03
2.574991862729473723e+03
2.577615029006699842e+03
2.580240794943317724e+03
2.582869165637288006e+03
2.585500146200936342e+03
2.588133741761005695e+03
2.590769957458706358e+03
2.593408798449768256e+03
2.596050269904492779e+03
2.598694377007804178e+03
2.601341124959302306e+03
2.603990518973314920e+03
2.606642564278949976e+03
2.609297266120148379e+03
2.611954629755737642e+03
2.614614660459485549e+03
2.617277363520151994e+03
2.619942744241544460e+03
2.622610807942571228e+03
2.625281559957295485e+03
2.627955005634989902e+03
2.630631150340191653e+03
2.633309999452756529e+03
2.635991558367915331e+03
2.638675832496327530e+03
2.641362827264138559e+03
2.644052548113034391e+03
2.646745142822907837e+03
2.649442256165398703e+03
2.652143898433603226e+03
2.654850079951681437e+03
2.657560811074974026e+03
2.660276102190121492e+03
2.662995963715179641e+03
2.665720406099740103e+03
2.668449439825049467e+03
2.671183075404127521e+03
2.673921323381888669e+03
2.676664194335262437e+03
2.679411698873314435e+03
2.682163847637368690e+03
2.684920651301129510e+03
2.687682120570804727e+03
2.690448266185228476e+03
2.693219098915986706e+03
2.695994629567539960e+03
2.698774868977349797e+03
2.701559828016003848e+03
2.704349517587342234e+03
2.707143948628584440e+03
2.709943132110456645e+03
2.712747079037319509e+03
2.715555800447297315e+03
2.718369307412406670e+03
2.721187611038686100e+03
2.724010722466326115e+03
2.726838652869801081e+03
2.729671413457999734e+03
2.732510380046495811e+03
2.735356001236603788e+03
2.738208295646230908e+03
2.741067281956382885e+03
2.743932978911421287e+03
2.746805405319320016e+03
2.749684580051923604e+03
2.752570522045208236e+03
2.755463250299540960e+03
2.758362783879943890e+03
2.761269141916356148e+03
2.764182343603899881e+03
2.767102408203145387e+03
2.770029355040378960e+03
2.772963203507870730e+03
2.775903973064145248e+03
2.778851683234252050e+03
2.781806353610038514e+03
2.784768003850423156e+03
2.787736653681671214e+03
2.790712322897670219e+03
2.793695031360207850e+03
2.796684798999251598e+03
2.799681645813228442e+03
2.802685591869306336e+03
2.805696657303677057e+03
2.808714862321841792e+03
2.811740227198895354e+03
2.814772772279814490e+03
2.817812517979745280e+03
2.820857621756937078e+03
2.823905722796358532e+03
2.826956827452913330e+03
2.830010942100507691e+03
2.833068073132121754e+03
2.836128226959880067e+03
2.839191410015124347e+03
2.842257628748483967e+03
2.845326889629949619e+03
2.848399199148944717e+03
2.851474563814399062e+03
2.854552990154822055e+03
2.857634484718375461e+03
2.860719054072948438e+03
2.863806704806230755e+03
2.866897443525787821e+03
2.869991276859134814e+03
2.873088211453813074e+03
2.876188253977464228e+03
2.879291411117907501e+03
2.882397689583214287e+03
2.885507096101785919e+03
2.888619637422429605e+03
2.891735320314436649e+03
2.894854151567658391e+03
2.897976137992586246e+03
2.901101286420427186e+03
2.904229603703185148e+03
2.907361096713737879e+03
2.910495772345916976e+03
2.913633154092057794e+03
2.916769702091543877e+03
2.919905420256877278e+03
2.923040312504178928e+03
2.926174382753210466e+03
2.929307634927396066e+03
2.932440072953845174e+03
2.935571700763373428e+03
2.938702522290526758e+03
2.941832541473601850e+03
2.944961762254669793e+03
2.948090188579596997e+03
2.951217824398069297e+03
2.954344673663613776e+03
2.957470740333621961e+03
2.960596028369371652e+03
2.963720541736050563e+03
2.966844284402779067e+03
2.969967260342632926e+03
2.973089473532666489e+03
2.976210927953935879e+03
2.979331627591522647e+03
2.982451576434556046e+03
2.985570778476237592e+03
2.988689237713863804e+03
2.991806958148849844e+03
2.994923943786753171e+03
2.998040198637297635e+03
3.001155726714397133e+03
3.004270532036179247e+03
3.007384618625008898e+03
3.010499349808007537e+03
3.013615069577487247e+03
3.016731782126139024e+03
3.019849491657484577e+03
3.022968202385917721e+03
3.026087918536746201e+03
3.029208644346232177e+03
3.032330384061634959e+03
3.035453141941251033e+03
3.038576922254456804e+03
3.041701729281750886e+03
3.044827567314796397e+03
3.047954440656461884e+03
3.051082353620865888e+03
3.054211310533418782e+03
3.057341315730865063e+03
3.060472373561327004e+03
3.063604488384348770e+03
3.066737664570938705e+03
3.069871906503613445e+03
3.073007218576442028e+03
3.076143605195089549e+03
3.079281070776860815e+03
3.082419619750746278e+03
3.085559256557465233e+03
3.088699985649511746e+03
3.091841811491198314e+03
3.094984738558702247e+03
3.098128771340109779e+03
3.101273914335463360e+03
3.104421893668113171e+03
3.107574583856810477e+03
3.110731996100942069e+03
3.113894141636685617e+03
3.117061031737159738e+03
3.120232677712574969e+03
3.123409090910384293e+03
3.126590282715435023e+03
3.129776264550122050e+03
3.132967047874540640e+03
3.136162644186641501e+03
3.139363065022384944e+03
3.142568321955895954e+03
3.145778426599621525e+03
3.148993390604487558e+03
3.152213225660056196e+03
3.155437943494684532e+03
3.158667555875684684e+03
3.161902074609482042e+03
3.165141511541778073e+03
3.168385878557711294e+03
3.171635187582018716e+03
3.174889450579200457e+03
3.178148679553682541e+03
3.181412886549982431e+03
3.184682083652873644e+03
3.187956282987552640e+03
3.191235496719805724e+03
3.194519737056176837e+03
3.197809016244136728e+03
3.201103642897638565e+03
3.204405188961792646e+03
3.207713673562982422e+03
3.211029115895561972e+03
3.214351535222150233e+03
3.217680950873927486e+03
3.221017382250931405e+03
3.224360848822356729e+03
3.227711370126855854e+03
3.231068965772839874e+03
3.234433655438781898e+03
3.237805458873522184e+03
3.241184395896575097e+03
3.244570486398435605e+03
3.247963750340890329e+03
3.251364207757326767e+03
3.254771878753047986e+03
3.258186783505584572e+03
3.261608942265012502e+03
3.265038375354268283e+03
3.268475103169470003e+03
3.271919146180236567e+03
3.275370524930009651e+03
3.278829260036378855e+03
3.282295372191405932e+03
3.285768882161952661e+03
3.289249810790008269e+03
3.292738178993021393e+03
3.296234007764231137e+03
3.299737318173001313e+03
3.303248131365155587e+03
3.306764775659336465e+03
3.310286943009103652e+03
3.313814647276056348e+03
3.317347902369526764e+03
3.320886722246779300e+03
3.324431120913215182e+03
3.327981112422575734e+03
3.331536710877147470e+03
3.335097930427968095e+03
3.338664785275032955e+03
3.342237289667502864e+03
3.345815457903913739e+03
3.349399304332385782e+03
3.352988843350834941e+03
3.356584089407184365e+03
3.360185056999578137e+03
3.363791760676594095e+03
3.367404215037460290e+03
3.371022434732270540e+03
3.374646434462201341e+03
3.378276228979730604e+03
3.381911833088856383e+03
3.385553261645317889e+03
3.389200529556816946e+03
3.392853651783239911e+03
3.396512643336881865e+03
3.400177519282671255e+03
3.403848294738395907e+03
3.407524984874929487e+03
3.411207604916459786e+03
3.414895408165793015e+03
3.418587703436857282e+03
3.422284501949168771e+03
3.425985814960678454e+03
3.429691653767932166e+03
3.433402029706230678e+03
3.437116954149792946e+03
3.440836438511918914e+03
3.444560494245151403e+03
3.448289132841442097e+03
3.452022365832315700e+03
3.455760204789035470e+03
3.459502661322770109e+03
3.463249747084761566e+03
3.467001473766492836e+03
3.470757853099856220e+03
3.474518896857324762e+03
3.478284616852120507e+03
3.482055024938388215e+03
3.485830133011366343e+03
3.489609953007559852e+03
3.493394496904914831e+03
3.497183776722992206e+03
3.500977804523144187e+03
3.504776592408690249e+03
3.508580152525094036e+03
3.512388497060141162e+03
3.516201638244119295e+03
3.520019588349996411e+03
3.523842359693602702e+03
3.527669812065757924e+03
3.531501346528715203e+03
3.535336973743532781e+03
3.539176704407943816e+03
3.543020549256507365e+03
3.546868519060764356e+03
3.550720624629389931e+03
3.554576876808349880e+03
3.558437286481054798e+03
3.562301864568518340e+03
3.566170622029512742e+03
3.570043569860727985e+03
3.573920719096930043e+03
3.577802080811119595e+03
3.581687666114693457e+03
3.585577486157604199e+03
3.589471552128522944e+03
3.593369875255000807e+03
3.597272466803632597e+03
3.601179338080220532e+03
3.605090500429938857e+03
3.609005965237499822e+03
3.612925743927319218e+03
3.616849847963683715e+03
3.620778288850918671e+03
3.624711078133556839e+03
3.628648227396507082e+03
3.632589748265225808e+03
3.636535652405886594e+03
3.640485951525552537e+03
3.644440657372348596e+03
3.648399457282366711e+03
3.652362318099410459e+03
3.656329250901971591e+03
3.660300266807083517e+03
3.664275376970482739e+03
3.668254592586770741e+03
3.672237924889578153e+03
3.676225385151727096e+03
3.680216984685397165e+03
3.684212734842290047e+03
3.688212647013795959e+03
3.692216732631160085e+03
3.696225003165651287e+03
3.700237470128729910e+03
3.704254145072216488e+03
3.708275039588462732e+03
3.712300165310521606e+03
3.716329533912319675e+03
3.720363157108829000e+03
3.724401046656240396e+03
3.728443214352137147e+03
3.732489672035670537e+03
3.736540431587734474e+03
3.740595504931142841e+03
3.744654904030805938e+03
3.748718640893909196e+03
3.752786727570091898e+03
3.756859176151625888e+03
3.760935998773597476e+03
3.765017207614088420e+03
3.769101969537188324e+03
3.773189630491503522e+03
3.777280200073888864e+03
3.781373687912840069e+03
3.785470103668625143e+03
3.789569457033413983e+03
3.793671757731410253e+03
3.797777015518981898e+03
3.801885240184794839e+03
3.805996441549944393e+03
3.810110629468089883e+03
3.814227813825587418e+03
3.818348004541625414e+03
3.822471211568359649e+03
3.826597444891048781e+03
3.830726714528189859e+03
3.834859030531657027e+03
3.838994402986837486e+03
3.843132842012770197e+03
3.847274357762284126e+03
3.851418960422138298e+03
3.855566660213161413e+03
3.859717467390390993e+03
3.863871392243217088e+03
3.868028445095521420e+03
3.872188636305821092e+03
3.876351976267410919e+03
3.880518475408507584e+03
3.884688144192393338e+03
3.888860993117560611e+03
3.893035852923331731e+03
3.897208997079715118e+03
3.901380434421292193e+03
3.905550173787444237e+03
3.909718224022405593e+03
3.913884593975319149e+03
3.918049292500290903e+03
3.922212328456443629e+03
3.926373710707972805e+03
3.930533448124200277e+03
3.934691549579630191e+03
3.938848023954003565e+03
3.943002880132353766e+03
3.947156127005061535e+03
3.951307773467910010e+03
3.955457828422140665e+03
3.959606300774509236e+03
3.963753199437340299e+03
3.967898533328583653e+03
3.972042311371870710e+03
3.976184542496569520e+03
3.980325235637841160e+03
3.984464399736696123e+03
3.988602043740050703e+03
3.992738176600782026e+03
3.996872807277786706e+03
4.001005944736035417e+03
4.005137597946631104e+03
4.009267775886864001e+03
4.013396487540269845e+03
4.017523741896686715e+03
4.021649247065331565e+03
4.025772986128668890e+03
4.029894968347773101e+03
4.034015202988076453e+03
4.038133699319424068e+03
4.042250466616129870e+03
4.046365514157032521e+03
4.050478851225551807e+03
4.054590487109743663e+03
4.058700431102357015e+03
4.062808692500888810e+03
4.066915280607641307e+03
4.071020204729777106e+03
4.075123474179376899e+03
4.079225098273494496e+03
4.083325086334213665e+03
4.087423447688704528e+03
4.091520191669280393e+03
4.095615327613454156e+03
4.099708864863994677e+03
4.103800812768983633e+03
4.107891180681872356e+03
4.111979977961538680e+03
4.116067213972344689e+03
4.120152898084190383e+03
4.124237039672575520e+03
4.128319648118652367e+03
4.132400732809285728e+03
4.136480303137108422e+03
4.140558368500578581e+03
4.144645791623065634e+03
4.148749871136526053e+03
4.152870683893660498e+03
4.157008307149727443e+03
4.161162818564904228e+03
4.165334296206663566e+03
4.169522818552165518e+03
4.173728464490662191e+03
4.177951313325918818e+03
4.182191444778654841e+03
4.186448938988992268e+03
4.190723876518926772e+03
4.195016338354811523e+03
4.199326405909857385e+03
4.203654161026647671e+03
4.207999685979671085e+03
4.212363063477871037e+03
4.216744376667208599e+03
4.221143709133244556e+03
4.225561144903736931e+03
4.229996768451253956e+03
4.234450664695807063e+03
4.238922919007496603e+03
4.243413617209176664e+03
4.247922845579137174e+03
4.252450690853804190e+03
4.256997240230453826e+03
4.261562581369945292e+03
4.266146802399474836e+03
4.270749991915342434e+03
4.275372100356116789e+03
4.280012858197422247e+03
4.284672351389593132e+03
4.289350666334887137e+03
4.294047889890141960e+03
4.298764109369448306e+03
4.303499412546842905e+03
4.308253887659016073e+03
4.313027623408038380e+03
4.317820708964100959e+03
4.322633233968277636e+03
4.327465288535302534e+03
4.332316963256364033e+03
4.337188349201918754e+03
4.342079537924521901e+03
4.346990621461674891e+03
4.351921692338694811e+03
4.356872843571597514e+03
4.361844168669999817e+03
4.366835761640041710e+03
4.371847716987328567e+03
4.376880129719886099e+03
4.381933095351141674e+03
4.387006709902917464e+03
4.392101069908446334e+03
4.397216272415408639e+03
4.402352414988982673e+03
4.407509595714918760e+03
4.412687913202632444e+03
4.417887466588315874e+03
4.423108355538068281e+03
4.428337885709042894e+03
4.433575550756350822e+03
4.438821376036906258e+03
4.444075387007791505e+03
4.449337609226692621e+03
4.454608068352339615e+03
4.459886790144943916e+03
4.465173800466642206e+03
4.470469125281937522e+03
4.475772790658146732e+03
4.481084822765847093e+03
4.486405247879322815e+03
4.491734092377017078e+03
4.497071382741983143e+03
4.502417145562338192e+03
4.507771407531718978e+03
4.513134195449738399e+03
4.518505536222442970e+03
4.523885456862776664e+03
4.529273984491039300e+03
4.534671146335351295e+03
4.540076969732120233e+03
4.545491482126508345e+03
4.550914711072898172e+03
4.556346684235366411e+03
4.561787429388154123e+03
4.567236974416142402e+03
4.572695347315325307e+03
4.578162576193289169e+03
4.583638689269690076e+03
4.589123293104602453e+03
4.594616177199707636e+03
4.600117368035852451e+03
4.605626892197921734e+03
4.611144776375275796e+03
4.616671047362184254e+03
4.622205732058264402e+03
4.627748857468918686e+03
4.633300450705774892e+03
4.638860538987127256e+03
4.644429149638380295e+03
4.650006310092491731e+03
4.655592047890417234e+03
4.661186390681556986e+03
4.666789366224204059e+03
4.672401002385993706e+03
4.678021327144353563e+03
4.683650368586953846e+03
4.689288154912162099e+03
4.694934714429497035e+03
4.700590075560083278e+03
4.706254266837108844e+03
4.711927316906280794e+03
4.717609254526288169e+03
4.723300108569258555e+03
4.728999908021221017e+03
4.734708681982569942e+03
4.740426459668527059e+03
4.746153270409606193e+03
4.751889143652081657e+03
4.757636286827217191e+03
4.763399377180692682e+03
4.769178474317925065e+03
4.774973638116721304e+03
4.780784928728637169e+03
4.786612406580340576e+03
4.792456132374984008e+03
4.798316167093576951e+03
4.804192571996371953e+03
4.810085408624250704e+03
4.815994738800120103e+03
4.821920624630311977e+03
4.827863128505991881e+03
4.833822313104571549e+03
4.839798241391127704e+03
4.845790976619829053e+03
4.851800582335366016e+03
4.857827122374389546e+03
4.863870660866958133e+03
4.869931262237982992e+03
4.876008991208689622e+03
4.882103912798076635e+03
4.888216092324387319e+03
4.894345595406582106e+03
4.900492487965823784e+03
4.906656836226960877e+03
4.912838706720023765e+03
4.919038166281723534e+03
4.925255282056958094e+03
4.931490121500323767e+03
4.937742752377634133e+03
4.944013183927288992e+03
4.950301484206211171e+03
4.956607721585200125e+03
4.962931964750467159e+03
4.969274282705169753e+03
4.975634744770954967e+03
4.982013420589507405e+03
4.988410380124106268e+03
4.994825693661182413e+03
5.001259431811889954e+03
5.007711665513674234e+03
5.014182466031853437e+03
5.020671904961202017e+03
5.027180054227541405e+03
5.033706986089334350e+03
5.040252773139289275e+03
5.046817488305966435e+03
5.053401204855393189e+03
5.060003996392681984e+03
5.066625936863655625e+03
5.073267100556477089e+03
5.079927562103287528e+03
5.086607396481846990e+03
5.093306679017183342e+03
5.100025485383243904e+03
5.106763891604556193e+03
5.113521974057888656e+03
5.120299809473924142e+03
5.127097474938933374e+03
5.133915047896453871e+03
5.140753262355108745e+03
5.147612510152795039e+03
5.154492875645636559e+03
5.161394443588469585e+03
5.168317299136763722e+03
5.175261527848553669e+03
5.182227215686371892e+03
5.189214449019194035e+03
5.196223314624386148e+03
5.203253899689656464e+03
5.210306291815019904e+03
5.217380579014761679e+03
5.224476849719411803e+03
5.231595192777724151e+03
5.238735697458658251e+03
5.245898453453372895e+03
5.253083550877219750e+03
5.260291080271747887e+03
5.267521132606707397e+03
5.274773799282066648e+03
5.282049172130027728e+03
5.289347343417052798e+03
5.296668405845891357e+03
5.304012452557615688e+03
5.311379577133660860e+03
5.318769873597868354e+03
5.326183436418537894e+03
5.333620360510479259e+03
5.341080741237075927e+03
5.348564674412345084e+03
5.356070086790582536e+03
5.363593195559030391e+03
5.371134064475599189e+03
5.378692757564333078e+03
5.386269339116349329e+03
5.393863873690774199e+03
5.401476426115678805e+03
5.409107061489013176e+03
5.416755845179533026e+03
5.424422842827733803e+03
5.432108120346772921e+03
5.439811743923394715e+03
5.447533780018851758e+03
5.455274295369822539e+03
5.463033356989328240e+03
5.470811032167642225e+03
5.478607388473202263e+03
5.486422493753512754e+03
5.494256416136051485e+03
5.502109224029163670e+03
5.509980986122959621e+03
5.517871771390204231e+03
5.525781649087204642e+03
5.533710688754691546e+03
5.541658960218696848e+03
5.549626533591428597e+03
5.557613479272139557e+03
5.565619867947988496e+03
5.573645770594900569e+03
5.581691258478420423e+03
5.589755594573932285e+03
5.597819419757310243e+03
5.605882757819167637e+03
5.613945632545286571e+03
5.622008067716296864e+03
5.630070087107358631e+03
5.638131714487831232e+03
5.646192973620938574e+03
5.654253888263427143e+03
5.662314482165216759e+03
5.670374779069044052e+03
5.678434802710098666e+03
5.686494576815654000e+03
5.694554125104688865e+03
5.702613471287502762e+03
5.710672639065322983e+03
5.718731652129903523e+03
5.726790534163119446e+03
5.734849308836547607e+03
5.742907999811047375e+03
5.750966630736324987e+03
5.759025225250496078e+03
5.767083806979637302e+03
5.775142399537331585e+03
5.783201026524199733e+03
5.791259711527432046e+03
5.799318478120302643e+03
5.807377349861681068e+03
5.815436350295532066e+03
5.823495502950408081e+03
5.831554831338929944e+03
5.839621874272605055e+03
5.847699589976743482e+03
5.855788016109730961e+03
5.863887190421920423e+03
5.871997150755237271e+03
5.880117935042761019e+03
5.888249581308300549e+03
5.896392127665951193e+03
5.904545612319640895e+03
5.912710073562659090e+03
5.920885549777174674e+03
5.929072079433737599e+03
5.937269701090763192e+03
5.945478453394006465e+03
5.953698375076016418e+03
5.961929504955577613e+03
5.970171881937134458e+03
5.978425545010200949e+03
5.986690533248750398e+03
5.994966885810594249e+03
6.003254641936738153e+03
6.011553840950725316e+03
6.019864522257959834e+03
6.028186725345014565e+03
6.036520489778917181e+03
6.044865855206424385e+03
6.053222861353271583e+03
6.061591548023405267e+03
6.069971955098199942e+03
6.078364122535649585e+03
6.086773659092450544e+03
6.095209001594140318e+03
6.103670252824304953e+03
6.112157515976830837e+03
6.120670894656419478e+03
6.129210492879084086e+03
6.137776415072621603e+03
6.146368766077054715e+03
6.154987651145049313e+03
6.163633175942309208e+03
6.172305446547938118e+03
6.181004569454774355e+03
6.189730651569701877e+03
6.198483800213925861e+03
6.207264123123221907e+03
6.216071728448154317e+03
6.224906724754262541e+03
6.233769221022217607e+03
6.242659326647943089e+03
6.251577151442706054e+03
6.260522805633171629e+03
6.269496399861424834e+03
6.278498045184956936e+03
6.287527853076614520e+03
6.296585935424514901e+03
6.305672404531918801e+03
6.314787373117072093e+03
6.323930954313002076e+03
6.333103261667277366e+03
6.342304409141725046e+03
6.351535241912150923e+03
6.360804314938639436e+03
6.370111810338220494e+03
6.379457911079354744e+03
6.388842800983874440e+03
6.398266664728886099e+03
6.407729687848622234e+03
6.417232056736255799e+03
6.426773958645660059e+03
6.436355581693127533e+03
6.445977114859038011e+03
6.455638747989475632e+03
6.465340671797793220e+03
6.475083077866129315e+03
6.484866158646867007e+03
6.494690107464037283e+03
6.504555118514668720e+03
6.514461386870077149e+03
6.524409108477096197e+03
6.534398480159248720e+03
6.544429699617852748e+03
6.554502965433067402e+03
6.564618477064870603e+03
6.574776434853973115e+03
6.584977040022661640e+03
6.595220494675572809e+03
6.605507001800398029e+03
6.615836765268511954e+03
6.626209989835529996e+03
6.636626881141785816e+03
6.647087645712733320e+03
6.657590229338889912e+03
6.668134104784563533e+03
6.678719456832390279e+03
6.689346470982767642e+03
6.700015333452932282e+03
6.710726231175952307e+03
6.721479351799629512e+03
6.732274883685310670e+03
6.743113015906606961e+03
6.753993938248016093e+03
6.764917841203448916e+03
6.775884915974660544e+03
6.786895354469575068e+03
6.797949349300515678e+03
6.809047093782322918e+03
6.820188781930373807e+03
6.831374608458489092e+03
6.842604768776730452e+03
6.853879458989088562e+03
6.865198875891055650e+03
6.876563216967078915e+03
6.887972680387902074e+03
6.899427465007781393e+03
6.910927770361582589e+03
6.922473796661751294e+03
6.934065744795155297e+03
6.945703816319803082e+03
6.957388213461426858e+03
6.969119139109931893e+03
6.980896796815711241e+03
6.992731654542222714e+03
7.004637147303898018e+03
7.016613714333624557e+03
7.028661797379351810e+03
7.040781840711236327e+03
7.052974291128633922e+03
7.065239597966939073e+03
7.077578213104264250e+03
7.089990590967957360e+03
7.102477188540945463e+03
7.115038465367910248e+03
7.127674883561282513e+03
7.140386907807054740e+03
7.153175005370404506e+03
7.166039646101125982e+03
7.178981302438861348e+03
7.192000449418132121e+03
7.205097564673157649e+03
7.218273128442460802e+03
7.231527623573258097e+03
7.244861535525617001e+03
7.258275352376388582e+03
7.271769564822900975e+03
7.285344666186411814e+03
7.299001152415310571e+03
7.312739522088068952e+03
7.326560276415928456e+03
7.340463919245324178e+03
7.354450957060033943e+03
7.368521898983046412e+03
7.382669456193411861e+03
7.396836669932702534e+03
7.411023574917612677e+03
7.425230205393261713e+03
7.439456595124021987e+03
7.453702777384241017e+03
7.467968784948853681e+03
7.482254650083888919e+03
7.496560404536861824e+03
7.510886079527057518e+03
7.525231705735705873e+03
7.539597313296041648e+03
7.553982931783254571e+03
7.568388590204324828e+03
7.582814316987749407e+03
7.597260139973149307e+03
7.611726086400768509e+03
7.626212182900852895e+03
7.640718455482918216e+03
7.655244929524899817e+03
7.669791629762189586e+03
7.684358580276551947e+03
7.698945804484927976e+03
7.713553325128120377e+03
7.728181164259362049e+03
7.742829343232765495e+03
7.757497882691654922e+03
7.772186802556781004e+03
7.786896122014418324e+03
7.801625859504341861e+03
7.816376032707685226e+03
7.831096803842226109e+03
7.845775806809738242e+03
7.860413147241101797e+03
7.875008929759702369e+03
7.889563257982553296e+03
7.904076234521417064e+03
7.918547960983941266e+03
7.932978537974798201e+03
7.947368065096837199e+03
7.961716640952242415e+03
7.976024363143707888e+03
7.990291328275620799e+03
8.004517631955258366e+03
8.018703368793998379e+03
8.032848632408546109e+03
8.046953515422176679e+03
8.061018109465992893e+03
8.075042505180204898e+03
8.089026792215423484e+03
8.102971059233977940e+03
8.116875393911252104e+03
8.130739882937044968e+03
8.144564612016954015e+03
8.158349665873779486e+03
8.172095128248960464e+03
8.185801081904032799e+03
8.199467608622117041e+03
8.213094789209433657e+03
8.226682703496851900e+03
8.240231430341464147e+03
8.253821229443037737e+03
8.267539854372069385e+03
8.281388488372695065e+03
8.295368324183167715e+03
8.309480564078188763e+03
8.323726419910610275e+03
8.338107113152511374e+03
8.352623874935603453e+03
8.367277946090951446e+03
8.382070577187991148e+03
8.397003028572804396e+03
8.412076570405648454e+03
8.427292482697694140e+03
8.442652055346963607e+03
8.458156588173433192e+03
8.473807390953274080e+03
8.489605783452221658e+03
8.505553095458022653e+03
8.521650666811949122e+03
8.537899847439350197e+03
8.554301997379212480e+03
8.570858486812694537e+03
8.587570696090628189e+03
8.604440015759924790e+03
8.621467846588897373e+03
8.638655599591431383e+03
8.656004696050003986e+03
8.673516567537506489e+03
8.691192655937838936e+03
8.709034413465262332e+03
8.727011983931677605e+03
8.744961532765275479e+03
8.762883010636180188e+03
8.780776366929459982e+03
8.798641549743049836e+03
8.816478505885799677e+03
8.834287180875666309e+03
8.852067518938036301e+03
8.869819463004203499e+03
8.887542954709982951e+03
8.905237934394490367e+03
8.922904341099058001e+03
8.940542112566325159e+03
8.958151185239483311e+03
8.975731494261686748e+03
8.993282973475636027e+03
9.010805555423336045e+03
9.028299171346028743e+03
9.045763751184307694e+03
9.063199223578418241e+03
9.080605515868750444e+03
9.097982554096519380e+03
9.115330263004649169e+03
9.132648566038849822e+03
9.149937385348912358e+03
9.167196641790200374e+03
9.184426254925358080e+03
9.201626143026243881e+03
9.218796223076076785e+03
9.235936410771810188e+03
9.253046620526736660e+03
9.270153094098935981e+03
9.287260709334626881e+03
9.304369322914051736e+03
9.321478789542699815e+03
9.338588961943391041e+03
9.355699690848599857e+03
9.372810824993026472e+03
9.389922211106426403e+03
9.407033693906701956e+03
9.424145116093262914e+03
9.441256318340672806e+03
9.458367139292564389e+03
9.475477415555864354e+03
9.492586981695305440e+03
9.509695670228251402e+03
9.526803311619831220e+03
9.543909734278400720e+03
9.561014764551331609e+03
9.578118226721133396e+03
9.595219943001922729e+03
9.612319733536243803e+03
9.629417416392250743e+03
9.646512807561253794e+03
9.663605720955634752e+03
9.680695968407160763e+03
9.697783359665667376e+03
9.714867702398156325e+03
9.731948802188289847e+03
9.749026462536294275e+03
9.766100484859292919e+03
9.783204195270162018e+03
9.800368500760419920e+03
9.817593408257700503e+03
9.834878920989054677e+03
9.852225038436587056e+03
9.869631756293209037e+03
9.887099066418530128e+03
9.904626956794900252e+03
9.922215411483626667e+03
9.939864410581367338e+03
9.957573930176735303e+03
9.975343942307117686e+03
9.993174414915738453e+03
1.001106531180897036e+04
1.002901659261392524e+04
1.004702821273632981e+04
1.006510012331872167e+04
1.008323227119896728e+04
1.010142459886912729e+04
1.011967704443469665e+04
1.013798954157422304e+04
1.015636201949933638e+04
1.017479440291520405e+04
1.019328661198142981e+04
1.021183856227342221e+04
1.023045016474424665e+04
1.024912132568698689e+04
1.026785194669763405e+04
1.028664192463852123e+04
1.030549115160233305e+04
1.032434854310986520e+04
1.034301120005693338e+04
1.036148083573779149e+04
1.037975914940116490e+04
1.039784782639256446e+04
1.041574853829495260e+04
1.043346294306778509e+04
1.045099268518442841e+04
1.046833939576797275e+04
1.048550469272544797e+04
1.050249018088044795e+04
1.051929745210419424e+04
1.053592808544501713e+04
1.055238364725629799e+04
1.056866569132286713e+04
1.058477575898586110e+04
1.060071537926607198e+04
1.061648606898577600e+04
1.063208933288907065e+04
1.064752666376071284e+04
1.066279954254348922e+04
1.067790943845411311e+04
1.069285780909766072e+04
1.070764610058056860e+04
1.072227574762218319e+04
1.073674817366489515e+04
1.075106479098284944e+04
1.076522700078925118e+04
1.077923619334227988e+04
1.079309374804961408e+04
1.080680103357158805e+04
1.082050724387893024e+04
1.083423238483281966e+04
1.084797620386287417e+04
1.086173844554704374e+04
1.087551885162594408e+04
1.088931716101800157e+04
1.090313310983543852e+04
1.091696643140109154e+04
1.093081685626606668e+04
1.094468411222824216e+04
1.095856792435160605e+04
1.097246801498644709e+04
1.098638410379039669e+04
1.100031590775031509e+04
1.101426314120502866e+04
1.102822551586893132e+04
1.104220274085641904e+04
1.105619452270719557e+04
1.107020056541241502e+04
1.108422057044168469e+04
1.109825423677091203e+04
1.111230126091100101e+04
1.112636133693738884e+04
1.114043415652043223e+04
1.115451940895662301e+04
1.116861678120064244e+04
1.118272595789824663e+04
1.119684662141997615e+04
1.121097845189568034e+04
1.122512112724986764e+04
1.123918540890745862e+04
1.125310231887513692e+04
1.126687307510036408e+04
1.128049888832300894e+04
1.129398096212571727e+04
1.130732049298324091e+04
1.132051867031071743e+04
1.133357667651092197e+04
1.134649568702050419e+04
1.135927687035520648e+04
1.137192138815409999e+04
1.138443039522282015e+04
1.139680503957584006e+04
1.140904646247777600e+04
1.142115579848374546e+04
1.143313417547878453e+04
1.144498271471634689e+04
1.145670253085588229e+04
1.146829473199952372e+04
1.147976041972788153e+04
1.149110068913496616e+04
1.150231662886225786e+04
1.151340932113191957e+04
1.152437984177918770e+04
1.153522926028393886e+04
1.154595863980145441e+04
1.155656903719239563e+04
1.156706150305200572e+04
1.157743708173854247e+04
1.158769681140098146e+04
1.159788741944443609e+04
1.160815418680802577e+04
1.161849741500309756e+04
1.162891740334067072e+04
1.163941444890139610e+04
1.164998884650614491e+04
1.166064088868725776e+04
1.167137086566046491e+04
1.168217906529748689e+04
1.169306577309933527e+04
1.170403127217032670e+04
1.171507584319281159e+04
1.172619976440265236e+04
1.173740331156543834e+04
1.174868675795347372e+04
1.176005037432352583e+04
1.177149442889536294e+04
1.178301918733108869e+04
1.179462491271527142e+04
1.180631186553590123e+04
1.181808030366616003e+04
1.182993048234702474e+04
1.184186265417072354e+04
1.185387706906502535e+04
1.186597397427840042e+04
1.187815361436603598e+04
1.189041623117672862e+04
1.190276206384065154e+04
1.191519134875800592e+04
1.192770431958856534e+04
1.194030120724210246e+04
1.195300418339990392e+04
1.196581572962422615e+04
1.197873643325260127e+04
1.199176688106926485e+04
1.200490765928616202e+04
1.201815935352475935e+04
1.203152254879865541e+04
1.204499782949701512e+04
1.205858577936883012e+04
1.207228698150802120e+04
1.208610201833938663e+04
1.210003147160540721e+04
1.211407592235392076e+04
1.212823595092666801e+04
1.214251213694872240e+04
1.215690505931881125e+04
1.217141529620052643e+04
1.218604342501444626e+04
1.220079002243116156e+04
1.221565566436521476e+04
1.223064092596996306e+04
1.224574638163335658e+04
1.226097260497465686e+04
1.227632016884207223e+04
1.229178964531134079e+04
1.230738160568524108e+04
1.232309662049404687e+04
1.233893525949691684e+04
1.235489809168423562e+04
1.237098568528088981e+04
1.238710524083601740e+04
1.240319434967870075e+04
1.241925266785202257e+04
1.243527985477774018e+04
1.245127557329515912e+04
1.246723948969894263e+04
1.248317127377584620e+04
1.249907059884036062e+04
1.251493714176927642e+04
1.253077058303514059e+04
1.254657060673861452e+04
1.256233690063972972e+04
1.257806915618802486e+04
1.259376706855157499e+04
1.260943033664490031e+04
1.262505866315575258e+04
1.264065175457078476e+04
1.265620932120009093e+04
1.267173107720063490e+04
1.268721674059854195e+04
1.270266603331027727e+04
1.271807868116270038e+04
1.273345441391199893e+04
1.274879296526151120e+04
1.276409407287842805e+04
1.277935747840938529e+04
1.279458292749495376e+04
1.280977016978302890e+04
1.282491895894111440e+04
1.284002905266752532e+04
1.285508976914418599e+04
1.287007420226144859e+04
1.288498240832219199e+04
1.289981444841507800e+04
1.291457038837499022e+04
1.292925029874263782e+04
1.294385425472335010e+04
1.295838233614508681e+04
1.297283462741568474e+04
1.298721121747936741e+04
1.300151219977254368e+04
1.301573767217890963e+04
1.302988773698388650e+04
1.304396250082841652e+04
1.305796207466214400e+04
1.307188657369599059e+04
1.308573611735417035e+04
1.309951082922565547e+04
1.311321083701511452e+04
1.312683627249335223e+04
1.314038727144728182e+04
1.315386397362942989e+04
1.316726652270702834e+04
1.318059506621068977e+04
1.319384975548270813e+04
1.320703074562499387e+04
1.322013819544667786e+04
1.323317226741139893e+04
1.324613312758430402e+04
1.325902094557877535e+04
1.327183589450291583e+04
1.328455027226886341e+04
1.329716348560160804e+04
1.330967611159997978e+04
1.332208872809214699e+04
1.333440191356161813e+04
1.334661624707387818e+04
1.335873230820367280e+04
1.337075067696295991e+04
1.338267193372954534e+04
1.339449665917640959e+04
1.340622543420175134e+04
1.341785883985975124e+04
1.342939745729208153e+04
1.344084186766015773e+04
1.345219265207815806e+04
1.346345039154682308e+04
1.347461566688803032e+04
1.348568905868017464e+04
1.349667114719435085e+04
1.350756251233135117e+04
1.351836373355949399e+04
1.352907538985327665e+04
1.353969805963287035e+04
1.355023232070447375e+04
1.356067875020150314e+04
1.357103792452665766e+04
1.358131041929484491e+04
1.359149680927698137e+04
1.360159766834466427e+04
1.361161356941572558e+04
1.362149230333771993e+04
1.363120644930746312e+04
1.364075861488438386e+04
1.365015136995278772e+04
1.365938724717627883e+04
1.366846874244872924e+04
1.367739831534179757e+04
1.368617838954896433e+04
1.369481135332607846e+04
1.370329955992840041e+04
1.371164532804412920e+04
1.371985094222440057e+04
1.372791865330974360e+04
1.373585067885299213e+04
1.374364920353863999e+04
1.375131637959862383e+04
1.375885432722453334e+04
1.376626513497624728e+04
1.377355086018698057e+04
1.378071352936473886e+04
1.378775513859018429e+04
1.379467765391089961e+04
1.380148301173205618e+04
1.380817311920348038e+04
1.381474985460312200e+04
1.382121506771691566e+04
1.382757058021505145e+04
1.383381818602464045e+04
1.383995965169879128e+04
1.384599671678209234e+04
1.385194989367617745e+04
1.385785987626071073e+04
1.386372691825856418e+04
1.386955127313725097e+04
1.387533319408406169e+04
1.388107293398164074e+04
1.388677074538399029e+04
1.389242688049291610e+04
1.389804159113489186e+04
1.390361512873836909e+04
1.390914774431150363e+04
1.391463968842031682e+04
1.392009121116727511e+04
1.392550256217029892e+04
1.393087399054218622e+04
1.393620574487046542e+04
1.394149807319764659e+04
1.394675122300190742e+04
1.395196544117817575e+04
1.395714097401962317e+04
1.396227806719957152e+04
1.396737696575379596e+04
1.397243791406322634e+04
1.397746115583705250e+04
1.398244693409621868e+04
1.398739549115731097e+04
1.399230706861682847e+04
1.399718190733584197e+04
1.400202024742503454e+04
1.400682232823011145e+04
