#Sigma on LID for NGRIP from AICC2012.
0.21959852210429
0.21959852210429
0.21959852210429
0.21959852210429
0.21959852210429
0.21959852210429
0.21959852210429
0.21959852210429
0.21959852210429
0.21959852210429
0.21959852210429
0.21959852210429
0.21959852210429
0.21959852210429
0.21982799755286
0.22004871882714
0.22026627718714
0.22048295501143
0.22069602589
0.22091088509857
0.22111449961143
0.22133303541571
0.22154587934
0.22176047018571
0.22197293219143
0.22218143930286
0.22238800837143
0.22260131265143
0.22280231350571
0.22299633787429
0.22319080407714
0.22339880787714
0.22359531319286
0.22379278833
0.22398481643143
0.22418360662857
0.22438366876429
0.22459471883714
0.22479289250429
0.22500441345
0.22519927467286
0.22539180011
0.22558405985714
0.22578029302429
0.22597840289429
0.22617480844143
0.22637970338857
0.22657977592857
0.22677943862714
0.22697992400857
0.22717879398857
0.22736750226143
0.22756646882
0.22776110768571
0.22795217748571
0.22816397898571
0.22835942782143
0.22855311828143
0.22874519944429
0.22892889925429
0.2291278924
0.22932477386143
0.22951904878143
0.22971350569571
0.22991428799429
0.23010324342286
0.23030637022571
0.23049416000286
0.23069072792429
0.23088833235143
0.23108020440286
0.23128120114857
0.23146993752286
0.23165769378
0.23184727753
0.23203333144429
0.23222775636143
0.23242084568571
0.23261328197286
0.23280245983857
0.23299279342429
0.23317564049429
0.23336222831714
0.23355576896
0.23374463916857
0.23391362600286
0.23410429760286
0.23429455407857
0.23448423392
0.23467410618857
0.23484363814714
0.23502280848714
0.23523017817857
0.23544075382714
0.23561391218143
0.23582363887286
0.23600239782857
0.23619621984286
0.23637982851143
0.23655702444
0.23675018952143
0.23694875534714
0.23712004089143
0.23730243251857
0.23747745853143
0.23766488948
0.23783649140429
0.23802112680714
0.23819376952857
0.23837918555143
0.23856850436429
0.23875349057
0.23893202086286
0.23911548184714
0.23929736261286
0.23947918668429
0.23965594319857
0.23983151538429
0.24000453220286
0.24017638418571
0.24035562787714
0.24052997961143
0.24069859410714
0.24088776097571
0.24106646437571
0.24123752904286
0.24142437393429
0.24159960082286
0.24177632706714
0.24196137033571
0.24213170193714
0.24231854233429
0.24251064221
0.24268941481857
0.24286532222429
0.24302860158143
0.24319291906571
0.24337040164
0.24355740250143
0.24373669568857
0.24391705540429
0.24409750443714
0.24428321553429
0.24445401278
0.24463196352286
0.24481082335286
0.24497866803143
0.24514795688
0.24530794309857
0.24548557266571
0.24565138557571
0.24580620316143
0.24596634651714
0.24613405071714
0.24631019798286
0.24648862282714
0.24665791919143
0.24683293505
0.24701333208571
0.24717036396143
0.24734275011714
0.24751508667571
0.24767170250286
0.24785098047857
0.24803141016286
0.24820552059
0.24837137350286
0.24854311667571
0.24870792534714
0.24887696903571
0.24904131652
0.24921227251857
0.24937726614714
0.24953862446714
0.24970304521286
0.24987701373143
0.25005242951429
0.25021617047429
0.25037412522429
0.25054969600714
0.25071819032429
0.25088501016714
0.25104834239143
0.25120936361714
0.25137449756571
0.25154825080143
0.25172569169571
0.25188717418143
0.25205286569857
0.25220763547429
0.25235847248571
0.25251881847
0.25269632046714
0.25286157078143
0.25300716270143
0.25318971558857
0.25337937096
0.25354562626286
0.25371890850571
0.25389290958571
0.25404217091143
0.25419864355143
0.25435321914143
0.25451244750571
0.25465362663286
0.25481395580143
0.25497587547714
0.25511669108
0.25528483791
0.25544838696143
0.25560862508429
0.25575910618286
0.25591719527143
0.25607206251857
0.25623741721714
0.25639511384857
0.25653600222714
0.25669392972571
0.25682890442
0.25697310303857
0.25711118949571
0.25726067301143
0.25742235876
0.25757964319571
0.25773534469857
0.25789574674571
0.25805072277286
0.25820701833
0.25833979245714
0.25849236546571
0.25863888256143
0.25878870090143
0.25895194553429
0.25912101838143
0.25927010701714
0.25941371826286
0.25955715404
0.25971619917714
0.25985858311857
0.25999696547
0.26013662142857
0.26027729288857
0.26042616467286
0.26058462171857
0.26072463168714
0.26088804280429
0.26104029796143
0.26118256592571
0.26133221894429
0.26150516855
0.26166215599429
0.26181437482286
0.26197707707429
0.26213122492857
0.26227835735571
0.26243469860286
0.26259066471286
0.26273889933429
0.26288032764
0.26301982065143
0.26316239640143
0.26329521125286
0.26346118667429
0.26360198713143
0.26375741709429
0.26390162759571
0.26404819995286
0.26420540027571
0.26435355821143
0.26450244911571
0.26465109663857
0.26480036019714
0.26495030398286
0.26508538370571
0.26524121737714
0.26538517001286
0.26552169944714
0.26566684038286
0.26580570115571
0.26593266982143
0.26607381425714
0.26621930093
0.26636278210286
0.26650562205857
0.26663582695714
0.26678285191286
0.26693584292429
0.2670749774
0.26723499396571
0.26737937603429
0.26751792743143
0.26764850922286
0.26778305136
0.26791531181571
0.26806221086429
0.26820194833571
0.26832995964143
0.26847912858571
0.26862539836
0.26874866544286
0.26888684098857
0.26902258791
0.26918236219429
0.26929676841857
0.26943400276143
0.26957275868571
0.26970934931571
0.26987145767143
0.27000688992714
0.27014945885714
0.27028760758286
0.27043948862
0.27059589896714
0.27072514366714
0.27086439188143
0.27100043013286
0.27113491164
0.27127108152429
0.27139581489714
0.27152213154
0.27166392241429
0.27179334121286
0.27192811619857
0.27207103235571
0.27220321097571
0.27234636605714
0.27248554601
0.27261873811
0.27276061084429
0.27289725659429
0.27304703938857
0.27319313911714
0.27332733300143
0.27346603900286
0.27359011874
0.27373206704429
0.27386501314857
0.27399672488429
0.27413978205857
0.27427210098286
0.27442939171714
0.27455568792429
0.27467403744571
0.27479503366571
0.27493076378143
0.27506362679857
0.27518824206429
0.27531490100286
0.27545877300429
0.27560693298286
0.27575095191286
0.27587612858571
0.27600116346571
0.27613004445429
0.27626403328429
0.27639607344571
0.27652422687714
0.27664575488143
0.27676633488857
0.27689868680571
0.27703820042714
0.27717113897429
0.27731418511714
0.27743864536
0.27756195077429
0.27769626463286
0.27781115127143
0.27794276029143
0.27807191071714
0.27820544534714
0.27833727124429
0.27848011101714
0.27860263972
0.27873108024429
0.27887974492
0.27898683916
0.27910627864286
0.2792236521
0.27933385368
0.27948446069571
0.27960868083857
0.27972266912429
0.27983696140714
0.27998249575571
0.28012555865286
0.28025653954714
0.28039354397429
0.28051975085286
0.28065035527857
0.28077128489429
0.28088616703571
0.28100699265714
0.28112444440286
0.28124809092571
0.28137823670571
0.28149779961714
0.28161473488
0.28173889386714
0.28184001505286
0.28196251613286
0.28206883346
0.28218771895
0.28229238694714
0.2824048134
0.28250239103
0.28259939251714
0.28268444228429
0.2827945237
0.28290409536857
0.28304364221429
0.28316183510429
0.28326683784286
0.28337434244714
0.28347534942714
0.28358530965429
0.28368580200857
0.28380386733714
0.28390805585714
0.28400919324143
0.28412712432571
0.28422971806571
0.28434463214
0.28444951486714
0.28455651224286
0.28465996980571
0.28476756552429
0.28486479411857
0.28497386357571
0.28508365412286
0.28519326110429
0.28529571416
0.28539968519429
0.28549993721571
0.28560529205857
0.28571374716
0.28581491284143
0.28591569554714
0.28601900170857
0.28611532644571
0.28621710288857
0.28631508236714
0.28641252051143
0.28652912977714
0.28663139091429
0.28673587041
0.28683204403429
0.28692708060429
0.28702262699143
0.28711885319571
0.28722097137
0.28732077146571
0.28741966381714
0.28752412851714
0.28761941619
0.28771614238714
0.28781667755571
0.28791292505286
0.28800189695429
0.28809166008143
0.28817886358857
0.28826662650143
0.28835918845143
0.28845721800714
0.28856152645143
0.28865300203857
0.28875041249714
0.28884186545429
0.28893735184571
0.28903364218571
0.28912890588286
0.28921422589
0.28930688247857
0.28939642184714
0.28947478251429
0.28957109133143
0.28966258257143
0.28975265772429
0.28984045328571
0.28992460874286
0.29001914467571
0.29010240974714
0.29019372875571
0.29027998275857
0.29036974382714
0.29046385050286
0.29054676983
0.29063309810857
0.29072778053857
0.29081282166143
0.29090251003429
0.29098638279
0.29107233550714
0.29115537157286
0.29123949247286
0.29132490814429
0.29140859611
0.29149299999429
0.29156840575286
0.29165164432143
0.29173338543857
0.29181575260857
0.29189476040571
0.29198024851143
0.29206505996571
0.29214876214
0.29222935899
0.29231144015
0.29239192075857
0.29247242897143
0.29255323118429
0.29263597723429
0.29271335929714
0.29279281259
0.29286405583
0.29293740682143
0.29301622721571
0.29308868168857
0.29316298099714
0.29323841061714
0.29331168731571
0.29338646230714
0.29346287388429
0.29353761647429
0.29361268700714
0.29368527286143
0.29375791524571
0.29382976407286
0.29390806758143
0.29398018898571
0.29405311424429
0.29412522754571
0.29419673106429
0.29426690481571
0.29433711605286
0.29440613279
0.29447710706571
0.29455124686286
0.29462448350857
0.29469271042286
0.29475874743714
0.29482479265857
0.29489231337
0.29495591447
0.29502487002286
0.29509410984143
0.29516172790286
0.29522903335143
0.29529582295
0.29536487417429
0.29543181413143
0.29549881566286
0.29556385381571
0.29562995946143
0.29569875254571
0.29576196730286
0.29582632146
0.29589215408571
0.29596140236714
0.29602979146143
0.29609219681571
0.29615907884
0.29622523068
0.29629007984714
0.29635366886571
0.29641353626429
0.29646721381714
0.29652193275143
0.29657601518
0.29663643901571
0.2966958033
0.29675854209143
0.29682402898429
0.29688607466429
0.29695136963
0.29701697524571
0.29708505968429
0.29714726580143
0.29720535503571
0.29725616912143
0.29729169266143
0.29732825211714
0.29736467127286
0.29739811325143
0.29743166321
0.29746531558571
0.29749977865
0.29753340432143
0.29756417914857
0.29759543155714
0.29762727542857
0.29765987968286
0.29769281278
0.29772606464286
0.29775846994571
0.29778923011429
0.29782202706714
0.29785661523286
0.29789000979857
0.29792246418429
0.29795245032429
0.29798249994429
0.29801264472
0.29804292324
0.29807330874286
0.29810301259429
0.29813245869429
0.29816345436286
0.29819481340429
0.29822713693714
0.29825840618
0.29828763201143
0.29831656149286
0.29834511036286
0.29837484051429
0.29840579981
0.29844024566429
0.29847539432
0.29850576724857
0.29853616238714
0.29856660516143
0.29859602271286
0.29862437947571
0.29865336610429
0.29868290998429
0.29871093560714
0.29873813826143
0.29876851474857
0.29880096857429
0.29883376029143
0.29886635610857
0.29889798814286
0.29892943119
0.29896063337286
0.29899126329143
0.29902159522714
0.29905816558857
0.29909459558857
0.29912838185857
0.29916764449
0.29920960443714
0.29925239480714
0.29929548907286
0.29933926701429
0.29938756629714
0.29943525448571
0.29947803127857
0.29952543958286
0.29956640289857
0.29960496007857
0.29964217533286
0.29968057711143
0.29971755270429
0.29975415801714
0.29979410763714
0.29983359084429
0.29987224099714
0.29990939572857
0.29995385558857
0.29999863236143
0.30004415170714
0.30009289957143
0.30014100609143
0.30018686001857
0.30023583397714
0.30028455270714
0.30033443662714
0.30038383874857
0.30043271921286
0.30048373266571
0.30053159026143
0.30058268076571
0.30063760590857
0.30068285079714
0.30072860775571
0.30077195355857
0.30081337033857
0.30085781432571
0.30090314502286
0.3009537294
0.30100400930857
0.30105307350429
0.30110293460857
0.30115348140714
0.30120437721857
0.30125802525571
0.30130906844143
0.30136210223714
0.30141559662857
0.30146714326286
0.30151824748429
0.30157104518429
0.30161714326857
0.30165943751286
0.30170027212286
0.30174148485286
0.30177938445571
0.30181690548714
0.30185654077714
0.30190385341429
0.30195230379286
0.30200020601429
0.30204799642571
0.30209551610429
0.30214085816429
0.30219482957857
0.30225237376
0.30230761980143
0.30235684186857
0.30241686203571
0.30247760601
0.30253389237714
0.30258988595429
0.30264421891286
0.30269433118429
0.30274893396857
0.30280211688429
0.30285994692714
0.30291973236
0.30296800677714
0.30302688003429
0.30308951712143
0.30314758598857
0.30321102875857
0.30326985592857
0.30332361569857
0.30337775977714
0.30342700714
0.30347591880286
0.30351516680286
0.30354890052
0.30357895115571
0.30360997179286
0.30364131715857
0.30367478442
0.30370714560429
0.30373700158286
0.30376690113857
0.30379685309429
0.30382540590286
0.30385301655429
0.30387968498
0.30390568144571
0.30393253380714
0.30396045453714
0.30398691296857
0.30401160765571
0.30403657548
0.30406262499714
0.30408856184857
0.30411293062857
0.30413729940714
0.30416135434286
0.30418532344571
0.30420959808
0.30423422367143
0.30425918345143
0.30428542031143
0.30431177273286
0.30433932159429
0.30436669682286
0.30439175407
0.30441681131714
0.30444219837429
0.30446764336286
0.30449279490714
0.30451779883
0.30454368171857
0.30457067659857
0.30459710726857
0.30462262385714
0.30464787517286
0.30467208186143
0.30469628855143
0.30471963386571
0.30474288922571
0.30476653051857
0.30479053613143
0.30481434670286
0.30483736773
0.30486038875571
0.30488376273429
0.30490723469143
0.30493037350143
0.30495304025143
0.304975707
0.30500150259143
0.30502742647286
0.30505353044143
0.3050796751
0.30510494349571
0.30512981617857
0.30515538182714
0.30518178310286
0.30520819038
0.30523460894429
0.30526087159286
0.30528664709143
0.30531230877857
0.30533674840429
0.30536118803143
0.30538533845857
0.30540942105714
0.30543412868857
0.30545945857143
0.30548445808286
0.30550870797286
0.30553295553429
0.30555702531143
0.30558109508857
0.30560523884714
0.30562941389286
0.30565504248857
0.30568282694714
0.30570927647429
0.3057337355
0.30575845795
0.30578497401857
0.30581144274286
0.30583643399571
0.30586142524857
0.30588648314571
0.30591155707286
0.30593602966857
0.30596008174429
0.30598515000571
0.30601287547429
0.30604053866286
0.30606803440286
0.30609491684857
0.30611994761286
0.30614501007714
0.30617119956571
0.30619738905429
0.30622337893571
0.30624934766857
0.30627672535286
0.30630454070714
0.30632935810143
0.30635324908
0.30637692316857
0.30640031727143
0.30642383701429
0.30644933742429
0.30647483783429
0.30650039479857
0.30652595954
0.30655269576143
0.30657992436571
0.30660724026
0.30663460073714
0.30666176783429
0.30668882119
0.30671532372857
0.30674141794857
0.30676747398286
0.30679348207857
0.30681867084143
0.30684199615
0.30686532146
0.30688889248286
0.30691248442714
0.30693835859429
0.30696599266143
0.30699212953
0.30701705343571
0.30704205234429
0.30706720956286
0.30709213942571
0.30711525191571
0.30713836440571
0.30716187836714
0.30718556002143
0.30720976543143
0.30723491265286
0.30726020028286
0.30728630777429
0.30731244548571
0.30734039685286
0.30736822770286
0.30739172534714
0.30741522299286
0.30743958426143
0.30746438908857
0.30749058024714
0.30751869377
0.30754598257143
0.30757222657571
0.30759829592143
0.30762399816714
0.30764965366429
0.30767506185714
0.30770047005143
0.30772532235143
0.30775015777429
0.30777431593
0.30779822564143
0.3078218856
0.30784518018143
0.30786855567143
0.30789610759286
0.30792365951429
0.30795121052714
0.30797876154143
0.30800609890286
0.30803343248
0.30805828439143
0.30808300102143
0.30810833598429
0.30813393768143
0.30815962513429
0.30818538964286
0.30821024448
0.30823354068857
0.30825683689714
0.30828019557857
0.30830355542429
0.30832737642286
0.30835150313143
0.30837609089286
0.30840177172143
0.30842722731143
0.30845119468286
0.30847516205429
0.30850046568143
0.30852607981
0.30855178318
0.30857753661714
0.30860295464857
0.30862801148
0.30865338704286
0.30867965877571
0.30870566316571
0.30873010176571
0.30875454036714
0.30878171600857
0.30880929858571
0.30883564851
0.30886178878
0.30888687014714
0.30891155484571
0.30893595452
0.30896003903286
0.30898408321
0.30900792498429
0.30903176675714
0.30905590412
0.30908010034
0.30910432768857
0.309128582
0.30915311309
0.30917850492143
0.30920391784857
0.30922970424714
0.30925549064571
0.30927892449
0.30930208852571
0.30932586119286
0.30935025071
0.30937465759
0.3093991272
0.30942359680857
0.30944736822
0.30947109853286
0.30949630018429
0.30952247773286
0.30954792945286
0.30957258565143
0.30959749688
0.30962330235
0.30964912998857
0.30967526561714
0.30970140124429
0.30972764831571
0.30975390255
0.30977809247143
0.30980183442857
0.30982530708286
0.30984848759
0.30987159403143
0.30989385896429
0.30991612389857
0.30993942212286
0.30996345792143
0.30998783060286
0.31001311368429
0.31003843803857
0.31006430393
0.31009016982286
0.31011507813714
0.31013990442429
0.31016448625714
0.31018895376714
0.31021305456286
0.31023662495571
0.31026024232714
0.31028475812571
0.31030927392429
0.31033307867429
0.31035668472
0.31038071656714
0.310405322
0.31043006291571
0.31045548343857
0.31048090396143
0.31050735663714
0.31053383163286
0.31056053046714
0.31058726023857
0.31061382998429
0.31064035930143
0.31066444463143
0.31068749428286
0.31071074155429
0.31073447268429
0.31075820381571
0.31078081968714
0.31080337299571
0.31082744343714
0.31085314814714
0.31087855340857
0.31090331709
0.31092803645286
0.31095219145429
0.31097634645571
0.31100132984286
0.31102655951857
0.31105116982
0.31107530691571
0.31109912743429
0.31112206172714
0.31114499602143
0.31116934996857
0.31119397697286
0.31121769223286
0.31124074949
0.31126370969857
0.31128619352714
0.31130867735571
0.31133070376286
0.31135253051857
0.31137442798286
0.31139673051
0.31141903303571
0.31144071854571
0.31146207967286
0.31148340522857
0.31150408696143
0.31152476869429
0.31154545280143
0.31156614106143
0.31158682932143
0.31160856238
0.31163079609143
0.31165297934571
0.31167492496429
0.31169687058286
0.31171885417143
0.31174085899
0.31176277419571
0.31178399621429
0.31180521823286
0.31182647001429
0.31184775224143
0.31186903446857
0.31189013345286
0.31191120783429
0.31193218553
0.31195286225714
0.31197353898429
0.31199493776714
0.31201691805143
0.31203886501429
0.31205946660714
0.31208006820143
0.31210071578714
0.31212145883571
0.31214220188429
0.31216271515429
0.31218310168143
0.31220348820857
0.31222543295286
0.31224751875143
0.31226895318714
0.31228940785857
0.31230986253143
0.31233082118857
0.31235201602571
0.31237327670429
0.31239561823
0.31241795975571
0.31243931790143
0.31245992988714
0.31248054187286
0.31250076211
0.31252092427571
0.31254111948429
0.31256157394
0.31258202839714
0.31260209140429
0.31262155382
0.31264101623571
0.31266135338571
0.312682443
0.31270353261429
0.31272425641857
0.31274494002429
0.31276546399714
0.31278539693429
0.31280532987143
0.31282556700429
0.31284621894714
0.31286687089
0.31288850924
0.31291051127714
0.31293251097
0.31295450147429
0.31297649198
0.31299912866286
0.31302207673571
0.31304500530429
0.31306787590714
0.31309074651
0.31311265794
0.31313435952143
0.31315589163714
0.31317693703571
0.31319798243571
0.31321901996857
0.3132400526
0.31326108523143
0.31328488196571
0.31330875710143
0.31333207703857
0.31335508932429
0.31337744542143
0.31339756896
0.31341769249857
0.31343873286429
0.31346083232857
0.31348293179286
0.31350886200286
0.31353500277286
0.31355986936286
0.31358445773429
0.31360770805429
0.31362990435
0.3136522065
0.31367635426
0.31370050202143
0.31372419871571
0.31374774631143
0.31376999617143
0.31379021797857
0.31381043978429
0.31383264637571
0.31385596710857
0.31388016138714
0.31390689255286
0.31393390696286
0.31396224744857
0.31399012611143
0.31401630842571
0.31404210789714
0.31406404801286
0.31408598812714
0.31410722947
0.31412791251143
0.31414859555143
0.31416867268571
0.31418865724429
0.31420847405286
0.31422648721286
0.31424450037143
0.31426251353
0.31428089809143
0.31429928332
0.31431766854714
0.31433522417714
0.31435275748571
0.31437029079571
0.31438835702714
0.31440655446286
0.31442475189714
0.31444257167143
0.31446026341143
0.31447795515143
0.31449566297857
0.31451338135714
0.31453109973571
0.31454830594714
0.31456492435571
0.31458154276286
0.31459814093857
0.31461459025714
0.31463103957571
0.31464748889429
0.31466449313429
0.31468169304429
0.31469889295429
0.31471609991714
0.31473331375286
0.31475052758857
0.31476782904
0.31478536003143
0.31480289102143
0.31482049628
0.31483873812429
0.31485697996857
0.31487523807429
0.31489376880571
0.31491229953714
0.31493085814571
0.31494988997714
0.31496892180857
0.31498775801286
0.31500532968429
0.31502290135571
0.31504047302714
0.31505864023
0.31507682614571
0.31509501206143
0.31511167466714
0.31512819025429
0.31514470584
0.31516142424429
0.31517831184286
0.31519519944
0.31521192927
0.31522819221857
0.31524445516857
0.31526071811714
0.31527719428857
0.31529371305857
0.31531023182857
0.31532704604429
0.31534419699714
0.31536134794857
0.31537878798286
0.31539722213714
0.31541565629143
0.31543398711143
0.31545192660429
0.31546986609714
0.31548797269286
0.31550744042857
0.31552690816286
0.31554598720857
0.31556391926143
0.31558185131571
0.31559968883
0.31561699998857
0.31563431114714
0.31565162230571
0.31566784493
0.31568399832429
0.31570015172
0.31571633265429
0.31573254135429
0.31574875005429
0.31576505661571
0.31578271734857
0.31580037808286
0.31581803881571
0.3158348542
0.31585159499143
0.31586833578286
0.31588473900429
0.31590091474714
0.31591709049
0.31593326834
0.31594945726143
0.31596564618286
0.31598183510429
0.31599839858143
0.31601510400857
0.31603180943429
0.31604820984286
0.31606414628
0.31608008271571
0.31609601915143
0.31611255022429
0.31612914190429
0.31614573358286
0.31616244053286
0.31617923947143
0.31619603841143
0.31621262013286
0.31622853664857
0.31624445316429
0.31626036968
0.31627662182143
0.31629298425857
0.31630934669571
0.31632663846429
0.31634562350571
0.31636460854571
0.31638322322143
0.31640133783429
0.31641945244714
0.31643844879286
0.31645904083571
0.31647963287857
0.31650055232
0.31652164374
0.31654275490571
0.3165648715
0.31658698809429
0.31660793814143
0.31662774524571
0.31664755235
0.31666736997429
0.31668719215286
0.31670701433286
0.31672564835429
0.31674413948429
0.31676263061429
0.31678354245429
0.31680476712286
0.31682504064143
0.31684268625571
0.31686033187
0.31687801105143
0.31689594963286
0.31691388821286
0.31693182987714
0.31694997594286
0.31696812200714
0.31698626807143
0.31700474347429
0.31702323599429
0.31704172851286
0.31706084154
0.31707999156429
0.31709912375857
0.31711782919286
0.31713653462571
0.31715527652571
0.31717452247
0.31719376841429
0.31721315366429
0.31723318083857
0.31725320801429
0.31727279486429
0.31729172633571
0.31731065780857
0.31732946984143
0.3173481443
0.31736681876
0.31738585987143
0.31740528697143
0.31742471407143
0.31744318790571
0.31746108963857
0.31747899137143
0.31749745328714
0.31751643468571
0.31753541608429
0.31755456820571
0.31757383924429
0.31759311028286
0.31761143756429
0.31762936811143
0.31764729865857
0.31766603071571
0.31768529060857
0.31770455050143
0.31772281179
0.31774067674143
0.31775854169143
0.31778054508429
0.31780526872429
0.31783218387857
0.31786309219143
0.31789524493857
0.31792839413143
0.31796408862
0.31799891755714
0.31803133053714
0.31806481174857
0.31809894785571
0.31813747716857
0.31817674256857
0.31821386366143
0.31823601344857
0.31825816323714
0.31827757034857
0.31829545569857
0.31831334105
0.31833096345857
0.31834835660571
0.31836574975143
0.31838372091714
0.31840282776286
0.31842193461
0.31844028063
0.31845760613429
0.31847493163714
0.31849211671
0.31850879717143
0.31852547763286
0.31854215809571
0.31855910768571
0.31857609252286
0.31859307736143
0.31861023385571
0.3186274999
0.31864476594571
0.31866219729714
0.31867988723143
0.31869757716571
0.31871543009857
0.31873378076857
0.31875213143857
0.31877058196571
0.31878939368
0.31880820539571
0.31882687237714
0.31884512902
0.31886338566286
0.31888213373
0.31890267571286
0.31892321769429
0.31894530412714
0.31896888538143
0.31899338918429
0.31902311380429
0.31905377045286
0.31908682950286
0.31911877940571
0.31914998227286
0.31918523900571
0.31922055377
0.31925364152
0.31928993058286
0.31932819412857
0.31936545495286
0.31940159625429
0.31943609217857
0.31946049213857
0.31948489209714
0.31950447946
0.31952298637857
0.31954149329714
0.31955966766143
0.31957776509857
0.31959586253571
0.31961238151143
0.31962834482571
0.31964430813857
0.31966025052571
0.31967613221143
0.31969201389714
0.31970789558143
0.31972341357571
0.31973881367429
0.31975421377286
0.31976967421857
0.31978549184286
0.31980130946714
0.31981712709143
0.31983338407429
0.31984989999286
0.31986641591286
0.31988252613571
0.31989749637
0.31991246660286
0.31992743683571
0.31994203776857
0.31995633426286
0.31997063075714
0.31998492725143
0.32000044833714
0.32001660377714
0.32003275921714
0.32004868259286
0.32006376818714
0.32007885378286
0.32009393937857
0.32010918285143
0.32012456577857
0.32013994870571
0.32015533163286
0.32017122274429
0.32018716027857
0.32310607296714
0.33270448445286
0.34208762428286
0.35219372045857
0.36223575710714
0.37184149751
0.38201727376714
0.39152519891
0.40029048179429
0.40846735409286
0.41655880688857
0.42349030084143
0.42989430889
0.43629603044286
0.44177700442571
0.44639594060143
0.45015782456286
0.45300197545714
0.45521133139286
0.4567915372
0.45729637020286
0.45706294965429
0.45638448139429
0.45478307639
0.45260111230571
0.44971199192143
0.44620945373714
0.44194949928
0.43778406664143
0.43358900815429
0.42879655163571
0.42376382961571
0.41855622306429
0.41398367417143
0.40921036452143
0.40497751358429
0.40093494458429
0.39700293052571
0.39322154500143
0.38972065018714
0.38583170523571
0.38218843319286
0.37809615006429
0.37374408458429
0.36958454261143
0.36527757180143
0.36145382577714
0.35762080476
0.35388308698286
0.35057195101857
0.34738971174857
0.34443799334571
0.34157811304857
0.33872343546143
0.33605439348
0.33342935310143
0.33085633466286
0.3282982
0.32589563459429
0.32344759560429
0.32124012005
0.32125774922571
0.32127561511143
0.32129386994143
0.32131212477143
0.32133033161571
0.32134844205143
0.32136655248857
0.32138426650286
0.32140086402571
0.32141746154857
0.32143405907286
0.32145182383714
0.32146970142714
0.32148757901857
0.32150472034
0.32152167939857
0.32153863845714
0.32155547670857
0.32157220469714
0.32158893268714
0.32160564260143
0.32162227966143
0.32163891672
0.32165555378
0.32167219383
0.32168883438143
0.32170547493286
0.32172287854143
0.32174100053714
0.32175912253286
0.32177715149857
0.32179506525143
0.32181297900429
0.32183129242429
0.32185037232429
0.32186945222286
0.32188795272
0.32190568023571
0.32192340775143
0.32194105010571
0.32195848577714
0.32221268472143
0.32684981598429
0.33114864282857
0.33534892028429
0.33998940412143
0.34439826518286
0.34917441561714
0.35462426199286
0.36016286174143
0.36641787132429
0.37312430476286
0.38170692262286
0.39240503330857
0.40326295863143
0.41362178692143
0.42502664933286
0.43659494385857
0.44869038512
0.46104100116571
0.47250946897143
0.48444969329143
0.49520263240143
0.50569646917857
0.51535269857286
0.52374355795571
0.53065747542143
0.53635648832143
0.54158547348143
0.54569461786
0.54871970688571
0.55073588642571
0.55213297320714
0.55291211389857
0.55306323596857
0.55251749202143
0.55091552737429
0.54864848866286
0.54594548318714
0.54334618263714
0.54067336786429
0.53794584153286
0.53539032963143
0.53292004159
0.53058362085429
0.52822571998857
0.52604241972429
0.5241485064
0.52246169080571
0.52110416026286
0.52003761624
0.51929347411143
0.51879387946143
0.51845247937857
0.51824393899
0.51818481634857
0.51824775639857
0.51844457226143
0.51880799186571
0.51923296495429
0.51967683029857
0.52019651782571
0.52079086217143
0.52152632036429
0.52234545564571
0.52316301920286
0.52392788968714
0.52453078556714
0.52495256381571
0.52528655914286
0.52560971449857
0.52585142286
0.52620382566
0.52656312909857
0.52682361795714
0.52709854295286
0.52733004013857
0.52752618238857
0.52774083542714
0.52777284432
0.52775819898429
0.52783185763286
0.52795314085571
0.52812338703714
0.52832855309143
0.52855093866286
0.52879659342714
0.52905493076714
0.52916396939
0.52924875955
0.52951964793857
0.52989061065714
0.53027002338286
0.53077438208286
0.53149773427
0.53228929689429
0.53309772055571
0.53388029090143
0.53473322873714
0.53561043192571
0.53657104852286
0.53769359086286
0.53867206508571
0.53950800832143
0.54000264238
0.54025407045714
0.54062615746571
0.54093562226
0.54115984165429
0.54123103288571
0.54129691725714
0.54138438926571
0.54137506774714
0.54133419459429
0.54130538484857
0.54119375712429
0.54095260791714
0.54062938923
0.54026206877857
0.53995312777571
0.53966719681857
0.53937948153286
0.53907658462714
0.53873688966857
0.53833441147
0.53788997216143
0.53740183835429
0.53687855056571
0.53639577665429
0.53601271962286
0.53571201409714
0.53545008469143
0.53526813674429
0.53516723298143
0.53513548538571
0.53517718329571
0.53532267524286
0.53559853364857
0.53595283164
0.53640896545714
0.53700000582429
0.53787081874286
0.53889362772143
0.54012520606429
0.54135894311857
0.54276155473286
0.5443049039
0.54597667428571
0.54778838105571
0.54971015097143
0.55159912133857
0.55361741508429
0.55564246900429
0.55766594321571
0.55965777978
0.56171154045286
0.56387208376857
0.56597211927286
0.56787912981714
0.56967896894571
0.57128652941571
0.57286123445
0.57440025056714
0.57579955988
0.57702737371143
0.57806087902714
0.57903886555571
0.57991752481857
0.58054494409714
0.58090263243286
0.58116544788143
0.58117277918286
0.58090066378714
0.58025707690857
0.57923124769286
0.57788378727286
0.57622064531286
0.57433932948571
0.57211086659714
0.56962553901143
0.56701692112429
0.56435916065
0.56162734038286
0.55909819398857
0.55657195354
0.55404858720571
0.55162455151714
0.54944569744
0.54776788682429
0.54640247821286
0.54534318711429
0.54477840964714
0.54470978350571
0.54508392666714
0.54601320009714
0.54739531003571
0.54936970609429
0.55215214721857
0.55505865534143
0.55795765814857
0.56096254257571
0.56441542230429
0.56885611694
0.57365216445714
0.57847014661857
0.58343877951857
0.58797251235857
0.59217336606714
0.59620792668
0.60046600179143
0.60414198154429
0.60718133224
0.60952747382857
0.61110872407429
0.61209914918714
0.61260280734571
0.61269075804429
0.61235393597571
0.61181437337143
0.61117135073571
0.61049287172
0.60953028325857
0.60839898701714
0.60727665898
0.60629078337286
0.6058060076
0.60616660802
0.60678278983143
0.60746389234
0.60821890888429
0.60900754828857
0.60967329398286
0.61001008773714
0.61001664557857
0.60971427044857
0.60898751090286
0.60778115764143
0.60625948475571
0.60436462750429
0.60231417532
0.60014436102286
0.59789319012
0.59572367284
0.59397220455286
0.59234754092286
0.59108927050286
0.59002671338143
0.58910382071857
0.58822069806714
0.58748121716429
0.58668937211143
0.58585499264857
0.58464735953
0.58303616080857
0.58097135473857
0.57851158813
0.57583674982286
0.57263829590857
0.56929909116143
0.56588999006143
0.56192599745143
0.55774678822
0.55363369328
0.54934702828
0.54562607520571
0.54248394251
0.53959550758857
0.53728942441429
0.53553398520143
0.53458145769571
0.53406733921571
0.53379586604143
0.53368751952714
0.53369768012286
0.53383462122
0.53406284535
0.53433631269857
0.53489603181
0.53551724385429
0.53582404696857
0.53559780877286
0.53460643194571
0.53267408503286
0.52999908793714
0.52667086734571
0.52295515070571
0.51911625236
0.51536347069286
0.51234181932857
0.51051009127143
0.50945520952429
0.50912767174571
0.5092335194
0.50976583163571
0.51065371937857
0.5120116075
0.51358623648571
0.51557600504857
0.51801667986857
0.52242852830714
0.52911489322429
0.53737503760286
0.54762629338286
0.55871074558286
0.57025849451571
0.58103324325
0.59028148933
0.59871290978714
0.60536183572429
0.60952948966143
0.61160513976857
0.61238918123286
0.61134931181
0.60868940347286
0.60474973281571
0.59989431407714
0.59411190611857
0.58786187390429
0.58157220407429
0.57551634005143
0.56988899504
0.56507469353429
0.56204527744429
0.56016639718286
0.55925659606714
0.55901725539
0.55917541063143
0.55974371343
0.56088122186857
0.56248789465143
0.56435904529857
0.56587582239429
0.56685539132571
0.56702544388857
0.56608358731571
0.56396536737429
0.56033473647429
0.55509924795429
0.54873742210571
0.54186460041
0.53482757604143
0.52707969261571
0.51953106641857
0.51105057267286
0.50237515984143
0.49453243602857
0.48829341496429
0.48375437744571
0.48101005609714
0.47934845569
0.47857929619143
0.47862145054286
0.47943230795
0.48081348821429
0.48272437947429
0.48515296185143
0.48771111355857
0.49051152682714
0.49350197786714
0.49708312441429
0.50355613992571
0.50997246476857
0.51594980905714
0.52066602874286
0.52358762104143
0.52408147170714
0.52185314466429
0.51761766974
0.51117275620714
0.50359798020429
0.49565629503
0.48895977586714
0.48427930851
0.48107677742429
0.47855187141857
0.47660339393286
0.47535843809143
0.47464571940571
0.47452749544857
0.47499418683571
0.47591206335429
0.47740859422286
0.48057951552571
0.48494757333
0.49021420644429
0.49606647935571
0.50204005764857
0.50728770282
0.51112172403857
0.51325796244857
0.51357086901429
0.51131965131
0.50633378976571
0.49944839087857
0.48886896694571
0.47611347205
0.46251112338857
0.45033272816
0.44022437105286
0.43185222420429
0.42381771686571
0.41584437385571
0.40828399472143
0.40181239131857
0.39606242143143
0.39214157373571
0.38924195994143
0.38766237489
0.38722419237143
0.38789196601429
0.38961828141143
0.39233541568286
0.39596502082429
0.40056445663857
0.40610592942286
0.41226692552429
0.41896613752286
0.42744115895
0.43881411329286
0.45434013565857
0.47026291489
0.48515806617857
0.49948372920571
0.51159816745714
0.52095911537714
0.52743643106429
0.53106550036571
0.53199008541286
0.53005954030714
0.52569476109429
0.51892852451
0.51086696584714
0.50256492002857
0.49203288446286
0.47943826164714
0.46751931854143
0.45632240612714
0.44455138310429
0.43318116790429
0.42216910722714
0.41187048411143
0.39908193049
0.38641809626143
0.37464849203286
0.36327680614857
0.35157704785286
0.34080066657286
0.33197363220714
0.33159801686286
0.33161548907857
0.33163382013429
0.33165215119
0.33167057977714
0.33168938907857
0.33170819837857
0.33172738179857
0.33174770138286
0.33176802096714
0.33178993619571
0.33181337704571
0.33183664129
0.33185881250857
0.33188098372714
0.33190421100714
0.33192805548429
0.33195239470143
0.33197789285
0.33200341766286
0.33202914092571
0.33205486418714
0.33208225386286
0.33210971875714
0.33213757543
0.33952557651429
0.34793660205857
0.35646557110571
0.36585997997714
0.37652378099429
0.39498489061571
0.41321669642286
0.43214452803
0.45082134065286
0.46829460214429
0.48344613216286
0.49756994687286
0.50883269528429
0.51750428533571
0.52413070247429
0.52809823101429
0.52976713783714
0.52979401033857
0.52796605440429
0.52507010061286
0.52119663911571
0.51693025780714
0.51288533398857
0.50871565099571
0.50423970102857
0.49994673676714
0.49609202480429
0.49290486411429
0.49035735330857
0.48870046769
0.48732015499
0.48625592227857
0.48519405565
0.48400099951714
0.48238696176714
0.48005845578857
0.47699417150714
0.47321575860857
0.46812193030857
0.46198109217571
0.45528110113714
0.44793270041714
0.44049479087143
0.43266427937
0.42500762488714
0.41839329127
0.41261379929714
0.40832742127571
0.40548727499286
0.40369927471429
0.40317829403714
0.40388100099429
0.40563713855429
0.40820214457
0.41159237655429
0.41578179267
0.42069114177571
0.42560967344429
0.43163880757857
0.44147557278143
0.45311147744143
0.46586337724857
0.47769761119571
0.48829268284714
0.49657775565714
0.50207749572143
0.50404087256714
0.50218083727571
0.49665298072571
0.48713863789571
0.47684339121714
0.46541055350286
0.45297820343429
0.44046585505
0.42776423631857
0.41510656242286
0.40327515165286
0.39277454659143
0.38361531132857
0.37619996721286
0.37178340350143
0.36927465181857
0.36823038571
0.36875404979143
0.37067307404
0.37381744265857
0.37813297150714
0.38331980300286
0.38952077374
0.39675508494286
0.40465289229571
0.41320369259714
0.42547627425571
0.44137401470857
0.45740945163714
0.47338472292857
0.48650964737286
0.49669375489143
0.50347508319714
0.50722502183
0.50801905366857
0.50617452051143
0.50167327077
0.49529400328286
0.48813121793429
0.48057100536429
0.47368890514714
0.46737102602714
0.46127920926857
0.45493446327571
0.44834784859
0.44290554548857
0.43789377977571
0.43377854831857
0.42979090332714
0.42616008162857
0.42283001205714
0.41978803362571
0.41660090464714
0.41300360253429
0.40882105929286
0.40451737447286
0.39984422434714
0.39461167431714
0.38918597325571
0.38329234400429
0.37706967114857
0.37013656876143
0.36306598534571
0.35556049308
0.34809881634429
0.34073968892857
0.33469566975714
0.33471051373286
0.33472535476429
0.33474007995
0.33475480513571
0.33476953032286
0.33478408897714
0.33479814442857
0.33481219988143
0.33482625533429
0.33484057189286
0.33485551978714
0.33487046768143
0.33488541557429
0.33490107851714
0.33491727499143
0.33493347146571
0.33494969108
0.33496605335571
0.33498241563143
0.33499877790857
0.33501707175857
0.34309063874857
0.35214402142857
0.36285822970143
0.37936454756286
0.39924662988143
0.42045740162429
0.4409713444
0.46055698864571
0.47909066778
0.49421470951429
0.50761145858429
0.51832764228286
0.52598491009143
0.53027237811429
0.53114650758
0.52898647668571
0.52376211036143
0.51557315742
0.50455917424286
0.49140277557143
0.47690885571143
0.46253932901429
0.44828234291286
0.43542443256857
0.4251401144
0.41588246743
0.40699241950143
0.40015869738571
0.39472169987857
0.39058416944857
0.38785924766286
0.38632840395857
0.38564953415714
0.38579060753143
0.38680649153286
0.38848551901857
0.39063338132429
0.39313995507714
0.39653252986571
0.40057808802429
0.40452823982714
0.40784181488571
0.41034974921429
0.41196290934143
0.41274116927857
0.41281913044714
0.41212795203571
0.41084249343571
0.40899290137571
0.40641624490429
0.40376905103429
0.40081840307
0.39805510910143
0.39539017879714
0.39284097529286
0.39062479414571
0.38862860750714
0.38699217609429
0.3857544302
0.38494303880429
0.38444677837
0.38416425097571
0.38393702770857
0.38334910383
0.38277729511286
0.38239242453
0.38214133786429
0.38180217208143
0.38132268948429
0.38060937282571
0.37970340533857
0.37847880093714
0.37673821033714
0.37459201701857
0.37205690750857
0.36931473826571
0.36611155420286
0.36320969749714
0.36059721527571
0.35786447592429
0.35525544553
0.35257105168286
0.34992142211286
0.34731610448571
0.34465874385
0.34231627074571
0.34015306182857
0.33810781250429
0.33688267968857
0.33690864092714
0.33693424744571
0.33695986721857
0.33698550549714
0.33701090047
0.33703555964286
0.33706021881571
0.33708621416
0.33711221814143
0.33713846925143
0.33716476218
0.33719146390143
0.33721830890714
0.33724410095571
0.33726937238714
0.33729463943571
0.33731990152286
0.33734500923857
0.33736969479
0.33739442695286
0.33742216965
0.33744990616143
0.33747708423857
0.33750426231571
0.33753533520429
0.33756635511143
0.33759651190429
0.33762665946857
0.33765678910286
0.33768705801143
0.33771746942
0.33774834031571
0.33777944178143
0.34280205508857
0.35345062737857
0.36497680120714
0.37564712332429
0.38946404983714
0.40633779917857
0.42245158669
0.43742305795857
0.44897278480143
0.45590561271571
0.4590333479
0.45844321894
0.45545509957
0.45150273710857
0.4455874696
0.43727992999143
0.42905663016571
0.42145820696286
0.41609601252714
0.41395491585714
0.41306857221
0.41333848125857
0.41440691741143
0.41636897703571
0.41935469173571
0.42409022848143
0.42987407448857
0.43515507372
0.43917941400429
0.44129527460857
0.44123849048
0.43887147342143
0.43501436573286
0.42963604807
0.42346552160857
0.41711446119429
0.41063127768857
0.40408854213571
0.39666201210286
0.38929761654
0.38236797517143
0.37604563152714
0.37075192092
0.36572421778714
0.36185608101571
0.35880257187429
0.35684515891143
0.35587714839429
0.35578272517571
0.35656493860143
0.35790379729571
0.35975763877571
0.36204333403286
0.36447353821714
0.36698813312714
0.36983297118286
0.37266374723714
0.37516393775571
0.37787171347571
0.37950810622429
0.38011726494
0.38011237729714
0.37917109368714
0.37702630270571
0.37425001129286
0.37191170897286
0.37002818785857
0.36861277348714
0.36750041890714
0.36726870350143
0.36814550366143
0.36989759938714
0.37232566854
0.37568954398
0.38218354073
0.39159501173
0.4018202181
0.40894593493286
0.41627897359571
0.42652280485
0.44119996800143
0.45646054904714
0.46952591156286
0.47986171128857
0.48845706515143
0.49409885484714
0.49817033159857
0.50109360469143
0.50295532863286
0.50429091544
0.50550753724286
0.50691306355714
0.50889718594429
0.51160550476143
0.51483325568429
0.51872579314143
0.52313115819571
0.52786430225429
0.53260184713857
0.53721224050857
0.54224470524714
0.54760068683714
0.55347285200286
0.55974643302143
0.56672924847714
0.57399174086571
0.58208861754429
0.59040230473857
0.59741605577571
0.60274885571571
0.60580992503
0.60377507656286
0.59711894835571
0.58519317988571
0.56811483159286
0.55081833415143
0.53534308901571
0.52084924807286
0.50954067961429
0.50368266470286
0.50362323663571
0.50684151717429
0.51153530196286
0.51797380134857
0.52801914097143
0.54459470836571
0.56807066661
0.59420438067429
0.61665277169571
0.63068127411714
0.63695728298571
0.63859874664571
0.63761604751714
0.63532844474571
0.63209176454143
0.62948825005286
0.62971673589
0.63068736560286
0.63113613643857
0.63044819200286
0.62842242808143
0.62481758666143
0.62004459993714
0.61496833239
0.61008975873857
0.60558564981
0.60232118359429
0.60108647654857
0.60173364138143
0.60385163692
0.60738822358286
0.61213615411286
0.61744126920571
0.62140258065571
0.62087058766857
0.61755196161
0.61099722704
0.60090935117571
0.58888721054
0.57677783035286
0.56628590251143
0.55883307728429
0.55660161616143
0.55920284905571
0.56371379104286
0.56932528168857
0.57775111227714
0.59319147106429
0.60682287885286
0.61123898908143
0.60556354742
0.59264788829857
0.57520648060286
0.55471937658857
0.53246346076714
0.51037791876429
0.48958250865286
0.46921554604143
0.44982828591571
0.43177472847571
0.41552043915714
0.40117956441429
0.38896564226
0.37949044573429
0.37309290203429
0.37009623191571
0.37047200499
0.37399829348857
0.38049953273429
0.38963989874143
0.40106258717
0.41433772024714
0.42919898280857
0.44684708389143
0.47121478210857
0.50246337598714
0.54346154440143
0.57951284228429
0.60461604261714
0.61607183881286
0.61609890853286
0.60718154009429
0.59139926430429
0.56806103918714
0.5400023476
0.51240078418571
0.48653275261571
0.46725029805286
0.45109084050143
0.43639830437
0.42323931487286
0.41226874246143
0.40312961098143
0.39522798592714
0.38809941789
0.38146961783714
0.37489248208286
0.36820874479
0.36115903643571
0.35373044922571
0.34582325187571
0.34155695759429
0.341576028
0.34159554769857
0.34161506739714
0.34163484027571
0.34165469745714
0.34167455463857
0.34169366526286
0.34171273657714
0.34173179345143
0.34175044466571
0.34176909588
0.34178770767857
0.34180561649714
0.35167048439143
0.36738141629
0.38636638949429
0.41135978866571
0.44356807917571
0.47513683174857
0.49952631130857
0.51385035553714
0.51679880511857
0.50917105842714
0.49187341482571
0.46822376853857
0.44285820038286
0.42023687182571
0.40251074046286
0.38936650054571
0.37906093688143
0.36996725716857
0.36134170555571
0.35369532031
0.34759281109857
0.34302386740714
0.34226170617143
0.34228214171714
0.34230230539286
0.34232237970571
0.34234245401857
0.3423611011
0.34237972303857
0.34239834497714
0.34241838896571
0.34243843763
0.34245856029571
0.34247894043143
0.34382753025714
0.34583428000571
0.34716659732429
0.34773065758429
0.34744527726286
0.34631665139
0.34440707045571
0.34264337806571
0.34266459145
0.34268556572143
0.34270623814
0.34272691055714
0.34274826523571
0.34276984465143
0.34279164603714
0.34281449037143
0.34283733470429
0.34285893264571
0.34288009589429
0.34290121051
0.34292194719429
0.34294268388
0.34296406557714
0.34298629340857
0.34300852123857
0.34303093379
0.34305336003429
0.34307528499286
0.34309660110429
0.34311791721429
0.34314042075429
0.34316314546
0.34318534360286
0.34320673899714
0.34322813439143
0.34325014203143
0.34327230540286
0.34329433523714
0.34331603553143
0.34333773582571
0.34335852157
0.34337896213571
0.34339940925
0.34342100089429
0.34344259253857
0.34346408431
0.34348544391571
0.34350680352
0.34352787182571
0.34354887926
0.34356989792571
0.34359096766571
0.34361203740571
0.34363350252
0.34365530281857
0.34367710311714
0.34369949559571
0.34372189371286
0.34374479616
0.34376818702286
0.34379151998857
0.34381446831286
0.34383741663857
0.34385956972429
0.34388139451143
0.34390328806286
0.34392554253
0.34394779699714
0.34397081795714
0.34399423121857
0.34401765759429
0.34404111662857
0.34406457566286
0.34408654537857
0.34410837898857
0.34413031204429
0.34415241476571
0.34417451748857
0.34419685320857
0.34421922882571
0.34424187260714
0.34426497545
0.34428807829143
0.34431264018143
0.34433725981857
0.34869001975571
0.35457292758429
0.35870003769143
0.36121022546571
0.36239476999429
0.36274560344857
0.36305844737429
0.36377005001
0.36502511466857
0.36708017888429
0.37002742183286
0.37359714434571
0.37761217273857
0.38167827404
0.38495347529714
0.38690137153714
0.38734754723857
0.38585381955857
0.38208620139429
0.37640467127286
0.36937896106429
0.36180052063286
0.35480787315286
0.34868337067286
0.34482524913714
0.34483931249
0.34485259162857
0.34486533785429
0.34487808408143
0.34489083030714
0.34490348710857
0.34491584949143
0.34492821187286
0.34494057425571
0.34495293663857
0.34496554951429
0.34497825265857
0.34499095580429
0.34500365894857
0.34501611260286
0.34502811860429
0.34504012460714
0.34505213060857
0.34506413661
0.34507769121
0.34509182884
0.34510596647143
0.34512010410143
0.34513527500429
0.34515071496286
0.34516615492143
0.34518222936429
0.35892861866857
0.37203918273143
0.38191269253143
0.38866488484857
0.39237720413143
0.39356981503143
0.3927978235
0.39083128210143
0.38827576759
0.38564730912571
0.38332759055857
0.38158321836286
0.38046874363429
0.38004436740143
0.38030632590714
0.38106295522429
0.38190018987
0.38285795377714
0.38402438784571
0.38533023652286
0.38671577310714
0.38813838849571
0.38952628591
0.39085562900429
0.39181369893429
0.39215147446143
0.39187325946429
0.39095294739429
0.38929591829714
0.38704845427286
0.38448927827429
0.38179281790714
0.37925967842
0.37699700800286
0.37509751424571
0.37377342647571
0.37279938370714
0.37200812785571
0.37139503227286
0.37084956755
0.37009302308143
0.36893429459429
0.36715638375857
0.36476805247143
0.36189914876857
0.35858625039143
0.35495530762286
0.35102890733571
0.34695271716571
0.34594467056429
0.34595693628714
0.34596926049714
0.34598158545714
0.34599391041857
0.34600623537857
0.3460184769
0.34603062648714
0.34604277607429
0.34605492566143
0.34606707524857
0.34607953628143
0.34609203225571
0.34610452823
0.34611702420429
0.34612964868143
0.34614243063571
0.34615521259143
0.34616799454714
0.34618075634143
0.34619333487714
0.34620591341143
0.34621849194714
0.34623107048286
0.34624509513571
0.34625980495143
0.34627451476857
0.34628922458429
0.34630368441429
0.34631811598143
0.34633254755
0.34634703421286
0.34636267792571
0.34637832163714
0.34639396534857
0.34641032862857
0.34642743778286
0.34644454693571
0.34646185800571
0.34647980484286
0.34649775168
0.34651577110714
0.34653422644143
0.34655268177714
0.34657086757429
0.34658724686
0.34660362614429
0.34662000543
0.34663620973571
0.34665235096286
0.34666849219143
0.34668472629571
0.34670118761857
0.34671764894143
0.34673411026429
0.34675059404
0.34676707997714
0.34678356591286
0.34680088972714
0.34681892893857
0.34683696815143
0.34685411212
0.34687019239571
0.34688627267
0.34690235294571
0.34691967814
0.34693700448714
0.34695433083429
0.34697093682
0.34698735112286
0.34700376542571
0.34702032037
0.34703708429143
0.34705384821429
0.34707066609571
0.34708806217
0.34710545824429
0.34712285431857
0.34714016624714
0.34715746766714
0.34717476908714
0.34719216762571
0.34720961290286
0.34722705817857
0.347245478
0.34726492134
0.34728436468143
0.34730333713571
0.34732203056714
0.34734072399857
0.34735949139286
0.34737829802571
0.34739710465857
0.34741723189286
0.34743793393571
0.34745865054
0.34748070136714
0.34750275219429
0.34752324865143
0.34754212175429
0.34756099485571
0.34757904199571
0.34759639375571
0.34761374551571
0.34763176963286
0.34765110842143
0.34767044721
0.34768741214286
0.34770162483143
0.34771583752
0.34773005020857
0.34774614389857
0.34776377174571
0.34778139959143
0.34780122253
0.34782438757857
0.34784755262571
0.34786486392857
0.34788215211143
0.34789944029429
0.34791445976857
0.34792883837286
0.34794321697714
0.34795759558143
0.34797053188143
0.34798332999857
0.34799612811714
0.34800892623571
0.34802188218857
0.34803495826714
0.34804803434429
0.34806111042286
0.34807537348143
0.34809221235286
0.34810905122286
0.34812592570429
0.34814544158857
0.34816495747429
0.34818492599286
0.34820719995286
0.34822947391429
0.34824863041857
0.34826623559571
0.34828384077286
0.36752626662286
0.38829302070286
0.40122192148571
0.40738008505286
0.40917890688143
0.40910908765714
0.40877019913571
0.40814705098
0.40587632152571
0.40016155566143
0.38913191102714
0.37292446050714
0.35436072781714
0.34855663784571
0.34857536015
0.34858950395429
0.34860364775857
0.34861779156429
0.34863137927286
0.34864417375286
0.34865696823143
0.34866976271143
0.34868264636286
0.34869678875571
0.34871093114714
0.34872507354
0.34874036654
0.34876307016857
0.34878577379714
0.34880955468286
0.34883383036857
0.34885541367857
0.34887286824143
0.34889032280429
0.34890672895429
0.34891916819143
0.34893160742857
0.34894404666571
0.34895648590286
0.34896842288571
0.34898018244286
0.348991942
0.34900370155714
0.34901546691571
0.34902777861
0.34904009030429
0.349052402
0.34906471369429
0.34907716663286
0.34908976418429
0.34910236173571
0.34911495928571
0.34912743130286
0.34913846360714
0.34914949591143
0.34916052821571
0.34917156052
0.34918262255857
0.34919439726143
0.34920617196286
0.34921794666571
0.34922972136857
0.34924169115
0.34925407991857
0.34926646868857
0.34927885745714
0.34929124622571
0.34930342498714
0.34931556054857
0.34932769611
0.34933983167143
0.34935202195571
0.34936437866571
0.34937673537571
0.34938909208571
0.34940144879571
0.34941380989143
0.34942617246714
0.34943853504429
0.34945089762143
0.34946322871714
0.34947546522143
0.34948770172571
0.34949993823
0.34951217473429
0.34952432420857
0.34953643736286
0.34954855051714
0.34956066367143
0.34957275135714
0.34958464330143
0.34959653524714
0.34960842719143
0.34962031913571
0.34963198103
0.34964334932286
0.34965471761714
0.34966608591
0.34967745420286
0.34968857735
0.34969949840286
0.34971041945714
0.34972134051
0.34973226156286
0.34974301944857
0.34975358317714
0.34976414690714
0.34977471063714
0.34978527436571
0.34979583888857
0.34980640672857
0.34981697457
0.34982754241
0.34983811025
0.34984867809
0.34985911699571
0.34986954638429
0.34987997577143
0.34989040516
0.34990083454714
0.34991148694857
0.34992228818714
0.34993308942714
0.34994389066571
0.34995469190429
0.34996568904
0.3499769239
0.34998815876
0.34999939362
0.35001062848
0.35002142366857
0.35003178353429
0.35004214340143
0.35005250326714
0.35006286313429
0.35007318964714
0.35008330279571
0.35009341594429
0.35010352909286
0.35011364224143
0.35012375539
0.35013361663143
0.35014333429571
0.35014333429571
