#Prior LID for NGRIP from AICC2012 (slightly modified in the firn part).
70.3691428571429
70.3691428571429
70.3691428571429
70.3691428571429
70.3691428571429
70.3691428571429
70.3691428571429
70.3691428571429
70.3691428571429
70.3691428571429
70.3691428571429
70.3691428571429
70.3691428571429
70.3691428571429
70.3691428571429
70.3691428571429
70.3691428571429
70.3691428571429
70.3691428571429
70.3691428571429
70.3691428571429
70.3691428571429
70.3691428571429
70.3691428571429
70.3691428571429
70.3691428571429
70.3691428571429
70.3691428571429
70.3691428571429
70.3691428571429
70.3691428571429
70.3691428571429
70.3691428571429
70.3691428571429
70.3691428571429
70.3691428571429
70.3691428571429
70.3691428571429
70.3691428571429
70.3691428571429
70.3691428571429
70.3691428571429
70.3691428571429
70.3691428571429
70.3691428571429
70.3691428571429
70.3691428571429
70.3691428571429
70.6524285714286
70.7838571428571
71.0064285714286
71.2491428571429
71.4312857142857
71.7952857142857
71.9368571428571
72.0785714285714
72.382
72.4728571428572
72.746
73.2112857142857
73.4844285714286
73.7472857142857
74.162
74.1012857142857
74.0508571428571
73.9294285714286
74.1012857142857
73.7371428571429
73.6461428571429
73.5651428571429
73.7271428571429
73.6461428571429
73.8384285714286
73.8484285714286
73.8181428571429
73.5348571428571
73.4438571428571
73.3832857142857
73.3224285714286
73.2618571428571
73.454
73.3934285714286
73.3427142857143
73.2921428571429
73.0191428571429
72.9382857142857
72.7055714285714
72.7157142857143
72.7358571428572
72.5337142857143
72.5638571428571
72.6044285714286
72.4224285714286
72.4728571428572
72.3111428571429
72.1594285714286
72.2301428571429
72.0582857142857
71.9268571428571
71.9974285714286
72.0684285714286
72.1291428571429
71.9774285714286
72.0582857142857
71.9368571428571
71.8155714285714
71.7145714285714
71.6232857142857
71.3401428571429
71.2491428571429
71.1581428571429
71.045
71.0344285714286
71.0215714285714
71.0058571428571
70.9871428571429
70.9655714285714
70.9408571428571
70.9135714285714
70.884
70.8525714285714
70.8197142857143
70.7861428571429
70.7522857142857
70.7188571428571
70.6862857142857
70.655
70.6251428571429
70.597
70.5707142857143
70.5461428571429
70.5232857142857
70.502
70.4821428571429
70.4634285714286
70.4458571428572
70.4291428571429
70.4131428571429
70.3977142857143
70.3827142857143
70.3681428571429
70.354
70.3404285714286
70.3271428571429
70.3147142857143
70.3028571428571
70.292
70.2821428571429
70.2735714285714
70.2662857142857
70.2605714285714
70.2564285714286
70.2537142857143
70.2527142857143
70.2532857142857
70.2554285714286
70.2588571428571
70.2634285714286
70.2691428571429
70.2757142857143
70.2828571428572
70.2904285714286
70.2981428571429
70.3058571428571
70.3131428571429
70.32
70.3261428571429
70.3315714285714
70.3357142857143
70.3388571428572
70.3405714285714
70.3408571428571
70.3398571428572
70.3371428571429
70.3331428571429
70.3274285714286
70.3202857142857
70.3117142857143
70.3018571428571
70.2908571428571
70.2788571428571
70.2658571428572
70.2522857142857
70.2381428571429
70.2238571428571
70.2091428571429
70.1945714285714
70.1801428571429
70.1658571428571
70.1518571428571
70.1381428571429
70.1248571428572
70.112
70.0995714285714
70.0875714285714
70.076
70.065
70.0545714285714
70.0448571428571
70.0357142857143
70.0274285714286
70.0198571428571
70.0134285714286
70.008
70.0035714285714
70.0001428571429
69.9978571428571
69.9967142857143
69.9962857142857
69.9967142857143
69.9978571428571
69.9991428571429
70.0008571428571
70.0027142857143
70.0042857142857
70.0055714285714
70.0065714285714
70.0071428571429
70.0074285714286
70.0074285714286
70.0077142857143
70.0084285714286
70.01
70.0131428571429
70.0185714285714
70.0268571428571
70.0385714285714
70.0548571428571
70.0758571428571
70.1025714285714
70.1352857142857
70.1742857142857
70.2198571428572
70.2714285714286
70.3292857142857
70.3924285714286
70.4604285714286
70.5321428571429
70.6064285714286
70.6825714285714
70.7588571428571
70.8344285714286
70.9078571428572
70.9781428571429
71.0444285714286
71.1058571428571
71.1618571428571
71.2118571428572
71.2557142857143
71.2934285714286
71.3251428571429
71.3511428571429
71.3718571428571
71.3875714285714
71.3991428571429
71.407
71.4117142857143
71.4138571428571
71.414
71.4127142857143
71.4102857142857
71.4071428571429
71.4038571428571
71.4001428571429
71.3967142857143
71.3935714285714
71.3908571428571
71.3885714285714
71.387
71.3861428571429
71.3861428571429
71.3871428571429
71.389
71.3921428571429
71.3962857142857
71.4018571428571
71.4087142857143
71.4168571428571
71.4264285714286
71.4371428571429
71.4491428571429
71.4622857142857
71.4764285714286
71.4911428571429
71.5064285714286
71.5221428571429
71.5378571428571
71.5532857142857
71.5681428571429
71.5824285714286
71.5958571428571
71.6081428571429
71.619
71.6287142857143
71.6368571428572
71.6437142857143
71.6492857142857
71.6535714285714
71.6568571428571
71.6591428571429
71.6608571428571
71.6618571428571
71.6628571428571
71.6635714285714
71.6644285714286
71.6655714285714
71.667
71.6685714285714
71.6704285714286
71.6724285714286
71.6744285714286
71.6764285714286
71.6781428571429
71.6794285714286
71.6801428571429
71.68
71.6791428571429
71.6777142857143
71.6754285714286
71.6724285714286
71.6691428571429
71.6655714285714
71.662
71.6585714285714
71.6557142857143
71.6534285714286
71.6518571428572
71.6511428571429
71.6514285714286
71.6525714285714
71.6544285714286
71.6568571428571
71.6595714285714
71.6622857142857
71.6644285714286
71.666
71.6662857142857
71.6651428571429
71.662
71.6567142857143
71.649
71.6388571428571
71.6258571428571
71.6102857142857
71.5921428571429
71.5714285714286
71.5485714285714
71.5234285714286
71.4965714285714
71.4681428571429
71.4388571428571
71.4085714285714
71.3777142857143
71.3468571428571
71.316
71.2857142857143
71.2561428571429
71.2275714285714
71.2
71.1737142857143
71.1488571428572
71.1254285714286
71.1035714285714
71.0832857142857
71.0644285714286
71.0474285714286
71.0318571428571
71.0178571428571
71.0052857142857
70.9944285714286
70.9851428571429
70.9775714285714
70.9717142857143
70.9675714285714
70.9652857142857
70.9648571428572
70.9662857142857
70.9698571428572
70.9754285714286
70.9831428571429
70.9931428571429
71.005
71.0191428571429
71.0351428571429
71.053
71.0725714285714
71.0937142857143
71.1161428571429
71.1394285714286
71.1638571428572
71.1884285714286
71.2134285714286
71.2384285714286
71.2628571428571
71.2867142857143
71.3095714285714
71.3314285714286
71.3518571428571
71.3708571428571
71.3881428571429
71.4038571428571
71.4178571428571
71.4298571428571
71.4401428571429
71.4488571428572
71.4557142857143
71.4611428571429
71.4648571428571
71.4671428571429
71.4682857142857
71.468
71.4665714285714
71.4641428571429
71.4605714285714
71.456
71.4504285714286
71.444
71.4364285714286
71.4281428571429
71.4187142857143
71.4082857142857
71.397
71.3848571428571
71.3718571428571
71.3581428571429
71.344
71.3292857142857
71.3145714285714
71.2998571428571
71.2855714285714
71.2721428571429
71.2595714285714
71.2482857142857
71.2388571428571
71.2311428571429
71.2258571428572
71.2228571428572
71.2222857142857
71.2244285714286
71.229
71.2361428571429
71.2454285714286
71.2567142857143
71.2695714285714
71.2838571428571
71.2988571428571
71.3144285714286
71.3298571428572
71.345
71.3591428571429
71.3722857142857
71.3838571428571
71.3938571428572
71.402
71.4084285714286
71.4128571428571
71.4157142857143
71.4168571428571
71.4164285714286
71.4147142857143
71.4118571428571
71.4081428571429
71.4034285714286
71.398
71.3918571428571
71.3851428571429
71.378
71.3701428571429
71.3615714285714
71.3521428571429
71.3421428571429
71.3314285714286
71.3198571428571
71.3074285714286
71.2941428571429
71.2802857142857
71.2658571428571
71.2508571428571
71.2354285714286
71.2198571428572
71.2041428571429
71.1885714285714
71.1731428571429
71.158
71.1432857142857
71.129
71.1151428571429
71.1018571428571
71.089
71.0765714285714
71.0647142857143
71.0531428571429
71.0418571428572
71.0311428571429
71.0205714285714
71.0102857142857
71.0004285714286
70.9907142857143
70.9812857142857
70.9721428571429
70.9634285714286
70.9548571428572
70.9464285714286
70.9385714285714
70.9308571428571
70.9234285714286
70.9161428571429
70.9091428571429
70.9022857142857
70.8955714285714
70.8891428571429
70.8828571428571
70.8768571428571
70.8708571428571
70.8652857142857
70.8598571428572
70.8548571428571
70.8502857142857
70.8461428571429
70.8427142857143
70.8398571428571
70.8374285714286
70.836
70.8352857142857
70.8354285714286
70.8362857142857
70.8378571428571
70.8401428571429
70.8431428571429
70.8465714285714
70.8504285714286
70.8544285714286
70.8585714285714
70.8627142857143
70.8664285714286
70.8701428571429
70.8732857142857
70.8758571428572
70.878
70.8795714285714
70.8805714285714
70.8812857142857
70.8817142857143
70.8818571428571
70.8821428571429
70.8827142857143
70.8835714285714
70.885
70.8871428571429
70.8901428571429
70.894
70.8988571428571
70.9044285714286
70.9108571428571
70.918
70.9257142857143
70.9337142857143
70.9418571428571
70.95
70.9578571428571
70.9652857142857
70.9721428571429
70.9781428571429
70.9831428571429
70.9874285714286
70.9907142857143
70.993
70.9942857142857
70.9948571428571
70.9945714285714
70.9937142857143
70.9922857142857
70.9904285714286
70.9881428571429
70.9855714285714
70.9828571428572
70.9798571428571
70.9768571428571
70.9735714285714
70.9701428571429
70.9664285714286
70.9624285714286
70.9581428571429
70.9535714285714
70.9484285714286
70.9428571428571
70.9365714285714
70.9298571428571
70.9227142857143
70.915
70.9068571428571
70.8982857142857
70.8894285714286
70.8804285714286
70.8714285714286
70.8624285714286
70.8538571428572
70.8455714285714
70.8378571428571
70.8308571428572
70.8247142857143
70.8195714285714
70.8155714285714
70.8124285714286
70.8107142857143
70.81
70.8104285714286
70.8118571428571
70.8141428571429
70.8174285714286
70.8211428571429
70.8255714285714
70.8301428571429
70.8351428571429
70.84
70.8448571428572
70.8492857142857
70.8534285714286
70.8568571428572
70.8598571428572
70.862
70.8631428571429
70.8634285714286
70.8627142857143
70.8607142857143
70.8574285714286
70.8528571428571
70.8467142857143
70.8392857142857
70.8302857142857
70.82
70.8082857142857
70.7952857142857
70.7811428571429
70.7662857142857
70.7507142857143
70.7347142857143
70.7185714285714
70.7027142857143
70.6874285714286
70.6728571428571
70.6595714285714
70.6475714285714
70.6372857142857
70.6288571428571
70.6221428571429
70.6175714285714
70.6151428571429
70.6148571428571
70.6165714285714
70.6205714285714
70.6262857142857
70.6341428571429
70.6438571428571
70.6551428571429
70.6682857142857
70.683
70.6991428571429
70.7167142857143
70.7354285714286
70.7551428571429
70.7757142857143
70.7968571428571
70.8185714285714
70.8404285714286
70.8621428571429
70.8834285714286
70.9041428571429
70.9238571428571
70.9422857142857
70.9591428571429
70.9744285714286
70.9875714285714
70.9988571428571
71.0077142857143
71.0142857142857
71.0185714285714
71.0204285714286
71.0201428571429
71.0175714285714
71.0131428571429
71.0067142857143
70.9985714285714
70.9891428571429
70.9784285714286
70.9668571428572
70.9544285714286
70.9418571428571
70.9288571428571
70.916
70.9032857142857
70.891
70.8792857142857
70.8681428571429
70.8575714285714
70.8478571428572
70.8385714285714
70.8301428571429
70.8221428571429
70.8148571428572
70.8078571428571
70.8011428571429
70.7948571428571
70.7888571428571
70.7828571428572
70.7771428571429
70.7715714285714
70.766
70.7605714285714
70.7552857142857
70.7501428571429
70.7448571428571
70.7398571428571
70.7348571428572
70.7298571428571
70.7248571428571
70.7198571428572
70.7145714285714
70.7092857142857
70.7038571428571
70.6981428571429
70.6924285714286
70.6864285714286
70.6804285714286
70.6745714285714
70.6688571428571
70.6634285714286
70.6584285714286
70.6541428571429
70.6504285714286
70.6474285714286
70.6454285714286
70.6444285714286
70.6444285714286
70.6451428571429
70.6468571428572
70.6492857142857
70.6521428571429
70.6555714285714
70.6591428571429
70.6628571428571
70.6662857142857
70.6694285714286
70.6721428571429
70.6742857142857
70.6757142857143
70.6765714285714
70.6765714285714
70.6757142857143
70.6742857142857
70.6721428571429
70.6694285714286
70.6661428571429
70.6621428571429
70.6578571428572
70.6531428571429
70.6478571428571
70.6421428571429
70.6362857142857
70.6301428571429
70.6238571428571
70.6174285714286
70.6111428571429
70.605
70.5991428571429
70.594
70.5894285714286
70.5857142857143
70.5828571428572
70.581
70.5802857142857
70.5805714285714
70.582
70.5842857142857
70.5875714285714
70.5912857142857
70.5957142857143
70.6002857142857
70.605
70.6097142857143
70.6141428571429
70.6181428571429
70.6215714285714
70.6244285714286
70.6265714285714
70.628
70.6287142857143
70.6285714285714
70.6277142857143
70.626
70.6235714285714
70.6205714285714
70.6165714285714
70.612
70.6065714285714
70.6005714285714
70.5938571428571
70.5864285714286
70.5782857142857
70.5695714285714
70.5602857142857
70.5504285714286
70.5402857142857
70.5297142857143
70.519
70.5081428571429
70.4974285714286
70.4868571428571
70.4764285714286
70.4667142857143
70.4572857142857
70.4485714285714
70.4405714285714
70.4334285714286
70.427
70.4214285714286
70.4168571428572
70.413
70.41
70.4078571428571
70.4065714285714
70.4061428571429
70.4064285714286
70.4077142857143
70.4095714285714
70.4124285714286
70.416
70.4204285714286
70.4257142857143
70.4318571428572
70.4388571428571
70.4467142857143
70.4551428571429
70.4645714285714
70.4744285714286
70.4848571428571
70.4955714285714
70.5062857142857
70.5171428571429
70.5277142857143
70.538
70.5475714285714
70.5565714285714
70.5647142857143
70.5718571428572
70.578
70.5832857142857
70.5875714285714
70.5908571428571
70.5934285714286
70.5952857142857
70.5967142857143
70.5977142857143
70.5984285714286
70.5991428571429
70.5998571428571
70.6008571428572
70.6021428571429
70.6038571428572
70.6058571428571
70.6085714285714
70.6114285714286
70.615
70.6188571428572
70.623
70.6272857142857
70.6318571428572
70.6361428571429
70.6401428571429
70.644
70.6471428571429
70.6495714285714
70.6511428571429
70.6515714285714
70.6508571428571
70.6488571428572
70.6454285714286
70.6402857142857
70.6335714285714
70.6252857142857
70.6151428571429
70.6034285714286
70.5902857142857
70.5755714285714
70.5594285714286
70.5421428571429
70.5238571428572
70.5048571428571
70.4852857142857
70.4655714285714
70.4458571428572
70.4267142857143
70.4081428571429
70.3904285714286
70.374
70.359
70.3455714285714
70.3341428571429
70.3245714285714
70.317
70.3115714285714
70.3081428571429
70.3068571428571
70.3074285714286
70.3101428571429
70.3144285714286
70.3204285714286
70.3278571428572
70.3365714285714
70.3465714285714
70.3574285714286
70.369
70.3812857142857
70.3938571428571
70.4065714285714
70.4192857142857
70.4315714285714
70.4434285714286
70.4544285714286
70.4644285714286
70.4731428571429
70.4805714285714
70.4865714285714
70.4907142857143
70.4931428571429
70.4938571428572
70.4927142857143
70.4898571428571
70.4854285714286
70.4792857142857
70.4718571428571
70.4632857142857
70.4535714285714
70.443
70.4318571428572
70.4204285714286
70.4087142857143
70.3971428571429
70.386
70.3752857142857
70.3654285714286
70.3565714285714
70.3488571428571
70.3425714285714
70.3378571428571
70.3348571428571
70.3335714285714
70.3341428571429
70.3368571428571
70.3411428571429
70.3475714285714
70.3558571428571
70.3658571428572
70.3775714285714
70.3908571428571
70.4055714285714
70.4212857142857
70.4381428571429
70.4558571428571
70.474
70.4925714285714
70.5108571428571
70.5291428571429
70.5468571428571
70.5635714285714
70.5792857142857
70.5937142857143
70.6064285714286
70.6175714285714
70.6268571428571
70.6341428571429
70.6394285714286
70.6428571428572
70.6441428571429
70.6435714285714
70.6412857142857
70.6374285714286
70.6321428571429
70.6258571428571
70.6184285714286
70.6101428571429
70.6015714285714
70.5924285714286
70.5831428571429
70.5738571428572
70.5648571428572
70.5561428571429
70.5478571428571
70.5398571428571
70.5325714285714
70.5258571428571
70.5194285714286
70.5137142857143
70.5081428571429
70.5031428571429
70.4981428571429
70.4931428571429
70.4882857142857
70.4831428571429
70.4775714285714
70.4717142857143
70.4651428571429
70.4582857142857
70.4508571428571
70.4428571428572
70.4342857142857
70.4254285714286
70.4162857142857
70.4071428571429
70.3978571428571
70.3888571428571
70.3804285714286
70.3725714285714
70.3652857142857
70.359
70.3537142857143
70.3495714285714
70.3465714285714
70.3444285714286
70.3435714285714
70.3437142857143
70.3445714285714
70.3462857142857
70.3484285714286
70.3511428571429
70.3538571428572
70.3564285714286
70.3588571428571
70.361
70.3624285714286
70.3631428571429
70.3628571428571
70.3617142857143
70.3594285714286
70.3561428571429
70.3515714285714
70.346
70.3392857142857
70.3315714285714
70.3228571428571
70.3131428571429
70.303
70.2922857142857
70.2811428571429
70.2701428571429
70.2591428571429
70.2485714285714
70.2384285714286
70.2292857142857
70.2211428571429
70.214
70.2081428571429
70.2037142857143
70.2005714285714
70.199
70.1987142857143
70.1997142857143
70.2018571428572
70.2052857142857
70.2095714285714
70.2145714285714
70.2202857142857
70.2264285714286
70.2331428571429
70.24
70.247
70.2541428571429
70.2611428571429
70.2682857142857
70.2754285714286
70.2825714285714
70.2897142857143
70.297
70.3044285714286
70.312
70.3198571428571
70.3281428571429
70.3368571428571
70.3458571428571
70.3551428571429
70.365
70.3751428571429
70.3857142857143
70.3964285714286
70.4074285714286
70.4187142857143
70.4298571428571
70.4411428571429
70.4521428571429
70.4631428571429
70.4738571428571
70.4841428571429
70.4941428571429
70.5038571428571
70.5128571428571
70.5214285714286
70.5294285714286
70.5368571428571
70.5435714285714
70.5498571428571
70.5554285714286
70.5602857142857
70.5645714285714
70.5682857142857
70.5714285714286
70.5738571428572
70.5757142857143
70.5768571428571
70.5774285714286
70.5774285714286
70.5765714285714
70.5751428571429
70.573
70.57
70.5661428571429
70.5615714285714
70.5561428571429
70.5497142857143
70.5424285714286
70.5342857142857
70.5254285714286
70.5155714285714
70.5051428571429
70.494
70.4824285714286
70.4701428571429
70.4577142857143
70.445
70.4321428571429
70.4194285714286
70.4067142857143
70.3941428571429
70.3821428571429
70.3702857142857
70.3591428571429
70.3484285714286
70.3384285714286
70.3291428571429
70.3204285714286
70.3124285714286
70.305
70.2982857142857
70.292
70.2862857142857
70.281
70.276
70.2711428571429
70.2665714285714
70.262
70.2574285714286
70.2528571428572
70.2481428571429
70.2434285714286
70.2385714285714
70.2337142857143
70.2288571428572
70.224
70.2194285714286
70.2148571428571
70.2108571428571
70.207
70.2038571428571
70.2011428571429
70.199
70.1975714285714
70.1968571428571
70.197
70.198
70.1997142857143
70.2022857142857
70.2057142857143
70.2098571428571
70.215
70.221
70.2278571428571
70.2354285714286
70.2438571428571
70.2531428571429
70.2631428571429
70.2738571428571
70.2852857142857
70.2974285714286
70.3101428571429
70.3231428571429
70.3367142857143
70.3504285714286
70.3645714285714
70.3787142857143
70.3928571428571
70.407
70.4211428571429
70.4351428571429
70.4491428571429
70.4631428571429
70.4772857142857
70.4917142857143
70.5064285714286
70.5217142857143
70.5377142857143
70.5548571428571
70.5734285714286
70.5934285714286
70.6154285714286
70.6397142857143
70.6664285714286
70.6958571428572
70.7278571428571
70.763
70.801
70.8417142857143
70.885
70.9304285714286
70.9778571428571
71.0262857142857
71.0754285714286
71.1244285714286
71.1725714285714
71.2191428571429
71.2634285714286
71.3045714285714
71.342
71.3751428571429
71.4032857142857
71.4262857142857
71.4438571428571
71.4555714285714
71.4617142857143
71.4622857142857
71.4574285714286
71.4474285714286
71.4328571428571
71.4141428571429
71.3918571428571
71.3665714285714
71.3388571428571
71.3094285714286
71.2788571428571
71.2478571428571
71.2168571428571
71.1865714285714
71.1574285714286
71.1297142857143
71.1038571428572
71.0798571428571
71.0581428571429
71.0387142857143
71.0214285714286
71.0061428571429
70.9931428571429
70.9818571428572
70.9724285714286
70.9644285714286
70.9577142857143
70.9521428571429
70.9474285714286
70.9434285714286
70.9401428571429
70.9374285714286
70.9351428571429
70.9331428571429
70.9314285714286
70.9301428571429
70.9291428571429
70.9284285714286
70.9281428571429
70.928
70.9281428571429
70.9288571428571
70.9295714285714
70.9307142857143
70.932
70.9334285714286
70.9351428571429
70.9368571428571
70.9387142857143
70.9407142857143
70.9427142857143
70.9448571428571
70.9471428571429
70.9497142857143
70.9525714285714
70.9558571428571
70.9598571428571
70.9642857142857
70.9695714285714
70.9758571428572
70.983
70.9911428571429
71.0004285714286
71.0108571428571
71.0221428571429
71.0347142857143
71.0481428571429
71.0627142857143
71.078
71.0941428571429
71.1111428571429
71.1285714285714
71.1468571428571
71.1654285714286
71.1848571428571
71.2044285714286
71.2245714285714
71.2451428571429
71.2661428571429
71.2874285714286
71.3091428571429
71.3311428571429
71.3534285714286
71.376
71.3987142857143
71.4214285714286
71.4441428571429
71.4664285714286
71.4884285714286
71.5098571428571
71.5305714285714
71.55
71.5681428571429
71.5848571428571
71.5998571428571
71.6128571428571
71.6237142857143
71.6321428571429
71.6382857142857
71.642
71.6431428571429
71.6418571428571
71.6384285714286
71.6327142857143
71.625
71.6157142857143
71.6051428571429
71.5935714285714
71.5811428571429
71.5685714285714
71.5561428571429
71.5441428571429
71.5327142857143
71.5222857142857
71.5131428571429
71.5051428571429
71.4988571428571
71.494
71.4908571428571
71.4891428571429
71.489
71.4904285714286
71.4932857142857
71.4974285714286
71.5031428571429
71.5101428571429
71.5182857142857
71.5277142857143
71.5382857142857
71.5501428571429
71.5631428571429
71.5772857142857
71.5925714285714
71.6091428571429
71.6268571428571
71.6457142857143
71.6655714285714
71.6867142857143
71.7088571428571
71.732
71.7562857142857
71.7814285714286
71.8078571428571
71.8351428571429
71.8634285714286
71.8928571428572
71.9234285714286
71.9551428571429
71.9881428571429
72.0224285714286
72.0584285714286
72.096
72.1352857142857
72.1767142857143
72.2201428571429
72.266
72.3142857142857
72.3651428571429
72.4184285714286
72.4745714285714
72.5332857142857
72.5945714285714
72.6581428571429
72.7238571428571
72.7914285714286
72.8604285714286
72.9304285714286
73.0011428571429
73.0717142857143
73.1418571428571
73.2108571428572
73.2781428571429
73.3435714285714
73.4061428571429
73.4655714285714
73.5215714285714
73.5738571428572
73.6218571428572
73.6657142857143
73.7051428571429
73.7404285714286
73.7717142857143
73.7988571428571
73.8225714285714
73.8431428571429
73.861
73.8768571428571
73.8912857142857
73.905
73.9185714285714
73.933
73.9487142857143
73.9665714285714
73.9871428571429
74.011
74.0387142857143
74.0707142857143
74.1072857142857
74.1487142857143
74.1951428571429
74.2464285714286
74.3028571428571
74.3638571428571
74.4294285714286
74.4988571428571
74.5718571428571
74.6478571428571
74.7261428571429
74.8061428571429
74.887
74.968
75.0484285714286
75.1274285714286
75.2044285714286
75.2788571428571
75.3501428571429
75.4177142857143
75.4811428571429
75.5404285714286
75.5952857142857
75.6457142857143
75.6918571428571
75.734
75.7724285714286
75.8074285714286
75.8398571428571
75.87
75.8985714285714
75.9264285714286
75.954
75.9821428571429
76.0111428571429
76.042
76.075
76.1104285714286
76.149
76.1907142857143
76.2357142857143
76.2844285714286
76.3367142857143
76.3928571428572
76.4528571428572
76.517
76.5852857142857
76.6581428571429
76.7358571428571
76.8188571428572
76.9074285714286
77.0021428571429
77.1034285714286
77.2118571428571
77.3277142857143
77.4511428571429
77.5825714285714
77.7218571428571
77.8685714285714
78.0225714285714
78.1831428571429
78.3491428571429
78.5197142857143
78.6931428571429
78.8681428571429
79.0427142857143
79.2151428571429
79.3831428571429
79.5448571428571
79.6982857142857
79.8412857142857
79.9721428571429
80.0891428571429
80.1908571428572
80.2761428571429
80.3438571428571
80.3935714285714
80.4251428571429
80.4385714285714
80.4342857142857
80.4128571428571
80.3751428571429
80.3225714285714
80.2562857142857
80.1777142857143
80.0882857142857
79.9897142857143
79.8834285714286
79.7711428571429
79.6542857142857
79.5341428571429
79.4122857142857
79.2898571428571
79.1681428571429
79.0481428571429
78.9308571428571
78.8171428571429
78.7077142857143
78.6031428571429
78.5041428571429
78.4107142857143
78.3231428571429
78.2415714285714
78.1655714285714
78.0951428571429
78.0298571428571
77.9691428571429
77.9124285714286
77.8594285714286
77.8091428571429
77.7614285714286
77.7154285714286
77.6711428571429
77.6278571428572
77.5855714285714
77.5442857142857
77.5041428571429
77.4651428571429
77.4278571428571
77.3922857142857
77.3592857142857
77.329
77.3018571428571
77.2781428571429
77.2581428571429
77.2418571428571
77.2294285714286
77.2205714285714
77.2151428571429
77.2127142857143
77.2127142857143
77.2144285714286
77.2175714285714
77.221
77.2242857142857
77.2265714285714
77.2271428571429
77.2254285714286
77.2208571428571
77.2124285714286
77.2001428571429
77.1831428571429
77.1614285714286
77.1347142857143
77.1027142857143
77.0655714285714
77.0234285714286
76.977
76.9265714285714
76.873
76.8172857142857
76.7608571428571
76.7051428571429
76.6518571428572
76.6027142857143
76.56
76.5258571428571
76.5024285714286
76.4921428571429
76.4971428571429
76.5198571428571
76.562
76.6255714285714
76.7118571428572
76.822
76.9568571428571
77.1164285714286
77.3008571428571
77.509
77.7395714285714
77.9908571428572
78.2602857142857
78.5451428571429
78.8418571428572
79.1468571428571
79.4562857142857
79.7657142857143
80.0708571428572
80.3675714285714
80.6517142857143
80.9192857142857
81.1667142857143
81.3908571428571
81.5892857142857
81.7598571428572
81.9012857142857
82.0128571428571
82.0945714285714
82.147
82.1714285714286
82.1692857142857
82.1431428571429
82.095
82.0278571428571
81.9441428571429
81.8471428571429
81.7392857142857
81.6232857142857
81.5014285714286
81.3757142857143
81.2481428571429
81.1201428571429
80.993
80.8675714285714
80.7447142857143
80.6248571428571
80.5082857142857
80.3952857142857
80.286
80.1805714285714
80.0791428571429
79.9817142857143
79.8884285714286
79.7994285714286
79.7151428571429
79.6355714285714
79.5611428571429
79.4921428571429
79.4288571428572
79.3715714285714
79.3208571428572
79.2768571428572
79.24
79.2102857142857
79.1878571428571
79.1731428571429
79.1657142857143
79.1658571428571
79.1731428571429
79.1874285714286
79.2087142857143
79.2364285714286
79.27
79.3091428571429
79.3534285714286
79.4024285714286
79.4552857142857
79.5115714285714
79.5708571428571
79.6324285714286
79.5324285714286
79.4325714285714
79.3324285714286
79.2324285714286
79.1324285714286
79.0324285714286
78.9324285714286
78.8324285714286
78.7324285714286
78.6324285714286
78.5324285714286
78.4324285714286
78.3324285714286
78.2324285714286
78.1324285714286
78.0324285714286
77.9325714285714
77.8324285714286
77.7324285714286
77.6324285714286
77.5324285714286
77.4325714285714
77.3324285714286
77.2325714285714
77.1324285714286
77.0324285714286
76.9325714285714
76.8324285714286
76.7324285714286
76.6324285714286
76.5324285714286
76.4324285714286
76.3324285714286
76.2324285714286
76.1324285714286
76.0324285714286
75.9324285714286
75.8324285714286
75.7324285714286
75.6324285714286
75.5324285714286
75.4325714285714
75.3324285714286
75.2324285714286
75.1324285714286
75.0324285714286
75.0417142857143
75.0601428571429
75.0811428571429
75.1055714285714
75.1335714285714
75.1652857142857
75.2008571428571
75.2401428571429
75.2824285714286
75.3278571428572
75.3751428571429
75.4235714285714
75.4722857142857
75.5202857142857
75.5664285714286
75.6095714285714
75.6491428571429
75.684
75.7135714285714
75.7374285714286
75.7554285714286
75.7674285714286
75.7734285714286
75.7737142857143
75.7688571428572
75.7594285714286
75.7458571428571
75.729
75.7095714285714
75.688
75.6651428571429
75.6412857142857
75.6171428571429
75.5928571428571
75.5687142857143
75.545
75.5218571428571
75.4991428571429
75.4771428571429
75.4558571428571
75.4351428571429
75.4151428571429
75.3958571428571
75.3774285714286
75.3598571428572
75.3432857142857
75.328
75.314
75.3015714285714
75.2907142857143
75.2817142857143
75.2745714285714
75.2694285714286
75.2664285714286
75.2654285714286
75.2664285714286
75.2695714285714
75.2748571428571
75.2818571428571
75.291
75.3021428571429
75.3151428571429
75.3305714285714
75.3484285714286
75.3688571428572
75.3921428571429
75.419
75.4495714285714
75.4842857142857
75.5237142857143
75.5681428571429
75.6178571428571
75.673
75.7335714285714
75.7992857142857
75.8698571428571
75.9445714285714
76.0224285714286
76.1027142857143
76.1838571428571
76.2644285714286
76.3432857142857
76.4185714285714
76.4891428571429
76.5534285714286
76.6102857142857
76.6588571428571
76.6981428571429
76.728
76.7481428571429
76.7587142857143
76.7602857142857
76.7534285714286
76.7391428571429
76.7185714285714
76.6928571428572
76.663
76.6304285714286
76.5961428571429
76.5614285714286
76.5268571428572
76.4934285714286
76.4614285714286
76.4314285714286
76.4034285714286
76.3777142857143
76.3538571428571
76.3318571428571
76.3112857142857
76.2918571428571
76.2731428571429
76.2551428571429
76.2371428571429
76.2191428571429
76.2008571428571
76.1825714285714
76.1638571428572
76.1452857142857
76.1268571428571
76.1088571428571
76.0915714285714
76.0751428571429
76.06
76.0461428571429
76.0335714285714
76.0224285714286
76.0121428571429
76.0028571428571
75.9937142857143
75.9842857142857
75.9738571428571
75.9618571428571
75.9474285714286
75.93
75.9092857142857
75.8848571428571
75.8567142857143
75.8251428571429
75.7904285714286
75.754
75.7165714285714
75.6798571428571
75.6451428571429
75.6147142857143
75.5901428571429
75.5731428571429
75.5654285714286
75.568
75.582
75.6074285714286
75.6444285714286
75.692
75.7488571428571
75.813
75.8821428571429
75.9538571428571
76.025
76.0931428571429
76.1557142857143
76.2104285714286
76.256
76.2914285714286
76.3165714285714
76.3321428571429
76.3397142857143
76.3414285714286
76.3401428571429
76.339
76.3411428571429
76.35
76.3684285714286
76.3988571428571
76.4431428571429
76.502
76.5754285714286
76.6624285714286
76.761
76.8685714285714
76.9818571428572
77.0967142857143
77.2094285714286
77.3154285714286
77.4114285714286
77.4934285714286
77.5588571428571
77.6054285714286
77.6317142857143
77.6371428571429
77.6221428571429
77.5875714285714
77.5351428571429
77.4672857142857
77.3865714285714
77.296
77.1984285714286
77.0972857142857
76.9951428571429
76.8945714285714
76.7978571428571
76.707
76.6231428571429
76.547
76.479
76.419
76.3664285714286
76.3201428571429
76.279
76.2411428571429
76.2051428571429
76.1691428571429
76.1311428571429
76.0898571428572
76.0435714285714
75.9914285714286
75.9328571428571
75.8671428571429
75.795
75.717
75.6344285714286
75.549
75.4628571428571
75.3784285714286
75.2985714285714
75.226
75.1635714285714
75.1138571428572
75.0791428571429
75.0611428571429
75.0611428571429
75.0795714285714
75.1161428571429
75.1698571428571
75.2382857142857
75.3191428571429
75.4088571428571
75.5034285714286
75.5988571428571
75.6904285714286
75.7741428571429
75.846
75.9028571428571
75.9418571428571
75.9614285714286
75.9612857142857
75.9417142857143
75.9041428571429
75.8511428571429
75.7862857142857
75.7134285714286
75.6368571428571
75.5608571428571
75.4901428571429
75.4284285714286
75.3791428571429
75.3444285714286
75.3257142857143
75.3234285714286
75.3368571428571
75.3641428571429
75.4025714285714
75.449
75.4991428571429
75.5491428571429
75.5947142857143
75.6315714285714
75.6564285714286
75.6661428571429
75.6587142857143
75.6327142857143
75.5878571428571
75.525
75.4452857142857
75.3512857142857
75.246
75.1328571428571
75.0158571428571
74.8988571428572
74.7862857142857
74.6821428571429
74.59
74.5132857142857
74.4547142857143
74.4165714285714
74.4004285714286
74.4068571428571
74.4362857142857
74.4878571428572
74.5602857142857
74.6515714285714
74.7591428571429
74.8797142857143
75.0095714285714
75.1448571428571
75.2814285714286
75.4148571428571
75.5411428571429
75.6564285714286
75.7568571428571
75.8392857142857
75.9014285714286
75.9414285714286
75.9581428571429
75.9512857142857
75.9214285714286
75.8694285714286
75.7974285714286
75.7074285714286
75.6022857142857
75.4851428571429
75.3587142857143
75.2262857142857
75.0908571428571
74.955
74.8211428571429
74.6912857142857
74.567
74.4494285714286
74.3394285714286
74.2374285714286
74.1437142857143
74.058
73.9801428571429
73.91
73.8468571428571
73.7908571428571
73.7411428571429
73.698
73.6611428571429
73.6304285714286
73.6064285714286
73.5888571428572
73.5784285714286
73.5754285714286
73.5802857142857
73.5935714285714
73.616
73.6481428571429
73.6907142857143
73.7441428571429
73.8094285714286
73.887
73.9774285714286
74.0811428571429
74.1984285714286
74.3295714285714
74.4741428571429
74.6321428571429
74.8022857142857
74.9838571428571
75.1751428571429
75.3741428571429
75.5788571428571
75.7861428571429
75.9932857142857
76.1971428571429
76.3942857142857
76.5814285714286
76.7551428571429
76.9128571428571
77.0514285714286
77.1687142857143
77.2631428571429
77.3334285714286
77.3791428571429
77.4002857142857
77.3974285714286
77.3721428571429
77.3257142857143
77.2604285714286
77.1788571428571
77.0837142857143
76.9777142857143
76.8638571428571
76.7448571428572
76.6234285714286
76.5021428571429
76.3832857142857
76.2685714285714
76.1597142857143
76.0575714285714
75.9628571428571
75.8757142857143
75.7961428571429
75.7235714285714
75.6568571428571
75.5952857142857
75.5375714285714
75.4822857142857
75.4285714285714
75.3751428571429
75.3217142857143
75.2678571428572
75.2134285714286
75.1591428571429
75.106
75.0551428571429
75.0084285714286
74.9671428571429
74.9332857142857
74.9082857142857
74.8932857142857
74.8894285714286
74.8967142857143
74.9148571428571
74.9431428571429
74.9798571428571
75.0225714285714
75.069
75.116
75.1604285714286
75.199
75.2288571428572
75.2471428571429
75.2521428571429
75.2418571428571
75.2158571428571
75.174
75.1171428571429
75.0468571428571
74.9651428571429
74.875
74.7795714285714
74.6822857142857
74.587
74.4971428571429
74.4162857142857
74.3478571428572
74.2941428571429
74.2581428571429
74.2411428571429
74.2442857142857
74.2681428571429
74.3124285714286
74.3761428571429
74.4574285714286
74.5545714285714
74.6642857142857
74.7835714285714
74.9087142857143
75.0355714285714
75.1605714285714
75.2794285714286
75.3885714285714
75.4845714285714
75.5644285714286
75.6257142857143
75.6668571428571
75.6868571428571
75.6857142857143
75.6635714285714
75.6218571428571
75.5624285714286
75.4874285714286
75.3997142857143
75.3018571428571
75.1967142857143
75.0871428571429
74.9757142857143
74.8645714285714
74.7557142857143
74.6504285714286
74.5498571428571
74.4541428571429
74.3638571428571
74.2788571428571
74.1982857142857
74.122
74.0491428571429
73.979
73.9111428571429
73.8448571428572
73.7798571428571
73.716
73.6532857142857
73.5918571428572
73.5318571428571
73.4735714285714
73.4178571428571
73.3651428571429
73.3157142857143
73.2704285714286
73.2298571428571
73.1944285714286
73.1647142857143
73.1412857142857
73.1248571428571
73.1158571428572
73.1148571428571
73.1228571428571
73.1402857142857
73.1682857142857
73.2074285714286
73.2587142857143
73.3228571428571
73.4008571428571
73.493
73.5998571428571
73.7214285714286
73.8575714285714
74.0072857142857
74.1695714285714
74.3424285714286
74.524
74.7112857142857
74.9011428571429
75.0901428571429
75.2744285714286
75.4504285714286
75.614
75.7617142857143
75.8901428571429
75.9968571428572
76.0792857142857
76.136
76.1662857142857
76.1698571428571
76.1475714285714
76.1008571428572
76.0314285714286
75.942
75.8354285714286
75.7151428571429
75.5844285714286
75.447
75.3061428571429
75.1657142857143
75.0284285714286
74.8974285714286
74.775
74.6632857142857
74.564
74.4778571428571
74.4058571428571
74.3477142857143
74.3031428571429
74.2712857142857
74.251
74.2408571428572
74.2391428571429
74.2438571428572
74.2535714285714
74.2661428571429
74.2802857142857
74.2941428571429
74.307
74.3175714285714
74.3255714285714
74.3301428571429
74.3317142857143
74.3301428571429
74.3258571428571
74.3191428571429
74.3107142857143
74.3008571428571
74.2902857142857
74.2792857142857
74.2682857142857
74.2575714285714
74.2471428571429
74.2371428571429
74.2275714285714
74.2178571428571
74.2081428571429
74.1978571428571
74.1864285714286
74.1738571428571
74.1594285714286
74.143
74.124
74.1021428571429
74.0771428571429
74.049
74.0175714285714
73.9828571428571
73.9452857142857
73.905
73.8622857142857
73.8178571428572
73.7721428571429
73.7261428571429
73.6801428571429
73.6351428571429
73.5918571428572
73.5508571428571
73.5128571428572
73.4782857142857
73.4475714285714
73.421
73.3987142857143
73.3805714285714
73.3665714285714
73.3565714285714
73.3501428571429
73.3468571428571
73.3461428571429
73.3478571428572
73.3514285714286
73.3565714285714
73.3628571428572
73.3701428571429
73.3781428571429
73.3871428571429
73.3968571428571
73.408
73.4205714285714
73.4351428571429
73.5351428571429
73.6351428571429
73.7351428571429
73.8351428571429
73.9351428571429
74.0351428571429
74.1351428571429
74.2351428571429
74.3351428571429
74.4351428571429
74.5351428571429
74.6351428571429
74.7351428571429
74.8351428571429
74.9351428571429
75.0351428571429
75.1351428571429
75.2351428571429
75.3351428571429
75.4351428571429
75.5351428571429
75.6351428571429
75.7351428571429
75.8351428571429
75.9351428571429
76.0351428571429
76.1351428571429
76.2351428571429
76.3351428571429
76.4351428571429
76.5351428571429
76.6351428571429
76.7351428571429
76.8351428571429
76.9351428571429
77.0351428571429
77.1351428571429
77.2351428571429
77.3351428571429
77.4351428571429
77.5351428571429
77.6351428571429
77.7351428571429
77.8351428571429
77.9351428571429
78.0351428571429
78.1351428571429
78.2351428571429
78.3351428571429
78.4351428571429
78.5351428571429
78.6351428571429
78.7351428571429
78.8351428571429
78.9351428571429
79.0351428571429
79.1351428571429
79.2351428571429
79.3351428571429
79.4351428571429
79.7181428571429
79.6618571428571
79.6145714285714
79.5774285714286
79.5511428571429
79.5365714285714
79.5338571428571
79.5428571428571
79.5631428571429
79.5945714285714
79.6361428571429
79.6864285714286
79.7447142857143
79.8092857142857
79.8788571428571
79.9517142857143
80.0265714285714
80.1022857142857
80.1778571428571
80.2524285714286
80.3258571428571
80.3978571428571
80.4688571428571
80.5398571428571
80.6114285714286
80.685
80.7618571428571
80.8431428571429
80.93
81.0235714285714
81.1244285714286
81.2324285714286
81.3478571428572
81.4695714285714
81.5967142857143
81.7274285714286
81.8598571428572
81.9921428571429
82.1217142857143
82.2464285714286
82.3641428571429
82.4727142857143
82.5708571428572
82.6568571428571
82.7301428571429
82.7901428571429
82.8364285714286
82.8698571428571
82.8907142857143
82.8997142857143
82.8981428571429
82.8868571428572
82.8671428571429
82.84
82.8064285714286
82.7674285714286
82.7234285714286
82.6754285714286
82.6231428571429
82.5674285714286
82.5081428571429
82.4452857142857
82.3791428571429
82.3094285714286
82.2368571428571
82.1614285714286
82.0837142857143
82.0042857142857
81.9241428571429
81.8444285714286
81.7664285714286
81.6915714285714
81.6214285714286
81.5574285714286
81.5011428571429
81.4541428571429
81.4174285714286
81.392
81.3782857142857
81.3764285714286
81.3861428571429
81.4068571428571
81.4371428571429
81.4755714285714
81.5204285714286
81.5695714285714
81.621
81.6725714285714
81.7222857142857
81.7684285714286
81.8094285714286
81.8441428571429
81.8718571428572
81.892
81.9045714285714
81.9097142857143
81.908
81.9001428571429
81.8868571428572
81.8691428571429
81.8477142857143
81.8232857142857
81.7964285714286
81.7678571428571
81.7377142857143
81.7061428571429
81.673
81.6381428571429
81.6014285714286
81.5624285714286
81.5208571428572
81.4761428571429
81.4281428571429
81.3765714285714
81.3214285714286
81.2624285714286
81.1998571428572
81.1334285714286
81.0638571428571
80.9908571428572
80.9148571428571
80.836
80.7544285714286
80.6704285714286
80.584
80.4955714285714
80.4051428571429
80.3134285714286
80.2207142857143
80.1278571428572
80.0355714285714
79.9454285714286
79.8587142857143
79.7772857142857
79.703
79.6381428571429
79.5848571428571
79.5454285714286
79.5222857142857
79.5174285714286
79.5324285714286
79.5687142857143
79.6268571428571
79.7072857142857
79.8091428571429
79.9311428571429
80.0707142857143
80.225
80.3898571428572
80.5608571428571
80.7328571428571
80.9001428571429
81.057
81.1978571428572
81.3172857142857
81.4105714285714
81.4738571428572
81.5038571428572
81.4988571428571
81.4584285714286
81.3828571428571
81.2741428571429
81.1351428571429
80.9698571428572
80.7828571428572
80.5791428571429
80.364
80.1428571428572
79.921
79.7028571428572
79.4927142857143
79.294
79.1094285714286
78.9411428571429
78.7905714285714
78.6585714285714
78.5455714285714
78.4514285714286
78.376
78.3191428571429
78.2802857142857
78.2592857142857
78.2558571428572
78.2697142857143
78.3007142857143
78.3485714285714
78.4131428571429
78.4937142857143
78.5895714285714
78.6994285714286
78.8218571428571
78.9544285714286
79.0951428571429
79.2404285714286
79.3874285714286
79.5322857142857
79.6712857142857
79.8008571428571
79.9171428571429
80.0174285714286
80.099
80.1598571428571
80.1987142857143
80.2151428571429
80.2097142857143
80.1831428571429
80.1375714285714
80.075
79.9981428571429
79.9101428571429
79.814
79.7124285714286
79.6087142857143
79.5051428571429
79.4038571428571
79.3068571428572
79.2151428571429
79.1301428571429
79.0518571428571
78.9807142857143
78.9164285714286
78.8584285714286
78.806
78.7581428571429
78.7141428571429
78.6728571428571
78.6328571428571
78.5935714285714
78.5535714285714
78.5121428571429
78.4685714285714
78.4222857142857
78.3728571428571
78.3198571428571
78.2631428571429
78.203
78.1394285714286
78.0728571428571
78.0037142857143
77.9321428571429
77.8588571428571
77.7841428571429
77.7087142857143
77.6328571428571
77.557
77.4814285714286
77.4068571428571
77.3331428571429
77.2608571428571
77.1901428571429
77.1212857142857
77.0545714285714
76.9901428571429
76.9284285714286
76.8692857142857
76.8131428571429
76.7601428571429
76.7104285714286
76.6638571428572
76.6205714285714
76.5804285714286
76.5434285714286
76.5092857142857
76.4778571428571
76.4488571428572
76.4218571428571
76.3967142857143
76.3731428571429
76.3507142857143
76.3294285714286
76.309
76.2892857142857
76.2704285714286
76.2524285714286
76.2351428571429
76.2191428571429
76.2045714285714
76.1918571428571
76.1811428571429
76.1734285714286
76.1687142857143
76.1678571428571
76.1712857142857
76.1798571428571
76.1938571428572
76.2144285714286
76.2418571428572
76.2768571428571
76.3201428571429
76.3724285714286
76.4341428571429
76.5057142857143
76.5877142857143
76.6804285714286
76.784
76.8984285714286
77.0237142857143
77.1591428571429
77.3044285714286
77.4584285714286
77.62
77.7878571428571
77.9601428571429
78.1354285714286
78.3114285714286
78.4862857142857
78.6578571428571
78.8238571428571
78.9824285714286
79.1318571428571
79.2704285714286
79.3967142857143
79.5098571428571
79.6088571428571
79.6931428571429
79.7625714285714
79.8171428571429
79.857
79.8822857142857
79.8935714285714
79.8912857142857
79.876
79.8481428571429
79.8081428571429
79.7568571428571
79.6944285714286
79.6215714285714
79.5391428571429
79.4474285714286
79.3472857142857
79.2397142857143
79.1255714285714
79.0058571428571
78.8821428571429
78.7552857142857
78.6268571428571
78.4982857142857
78.3708571428571
78.2458571428571
78.1248571428571
78.0088571428572
77.8988571428572
77.7958571428571
77.7007142857143
77.6141428571429
77.5367142857143
77.4688571428571
77.4108571428572
77.3631428571429
77.3258571428571
77.2992857142857
77.2832857142857
77.2778571428571
77.2831428571429
77.2985714285714
77.3238571428572
77.3585714285714
77.402
77.4532857142857
77.5114285714286
77.5752857142857
77.6435714285714
77.7148571428571
77.7878571428571
77.8611428571429
77.9335714285714
78.0038571428571
78.0707142857143
78.1334285714286
78.1912857142857
78.2438571428571
78.2907142857143
78.3318571428571
78.3671428571429
78.3968571428571
78.4214285714286
78.4411428571429
78.4564285714286
78.4677142857143
78.4754285714286
78.4798571428571
78.4817142857143
78.481
78.4781428571429
78.4732857142857
78.4667142857143
78.4584285714286
78.4484285714286
78.4371428571429
78.4241428571429
78.4098571428571
78.3941428571429
78.3768571428571
78.3581428571429
78.3381428571429
78.3165714285714
78.2934285714286
78.2687142857143
78.2425714285714
78.2147142857143
78.1851428571429
78.1538571428571
78.121
78.0862857142857
78.0498571428571
78.0114285714286
77.9715714285714
77.9301428571429
77.8871428571429
77.843
77.7978571428572
77.7517142857143
77.7051428571429
77.6584285714286
77.6117142857143
77.5654285714286
77.5197142857143
77.475
77.4314285714286
77.3891428571429
77.3482857142857
77.309
77.2711428571429
77.2348571428572
77.1998571428572
77.1661428571429
77.1334285714286
77.1017142857143
77.0704285714286
77.0398571428571
77.0094285714286
76.979
76.9482857142857
76.9172857142857
76.8858571428571
76.8535714285714
76.8207142857143
76.787
76.7524285714286
76.7168571428572
76.6804285714286
76.6432857142857
76.6052857142857
76.5667142857143
76.5274285714286
76.4878571428572
76.4481428571429
76.4081428571429
76.3682857142857
76.3288571428571
76.2895714285714
76.2511428571429
76.2134285714286
76.1767142857143
76.1408571428571
76.1062857142857
76.0728571428571
76.0407142857143
76.0095714285714
75.9797142857143
75.9507142857143
75.9225714285714
75.8951428571429
75.868
75.841
75.8138571428571
75.7864285714286
75.7581428571429
75.7287142857143
75.6981428571429
75.6661428571429
75.6322857142857
75.5968571428571
75.5594285714286
75.5204285714286
75.4798571428572
75.4377142857143
75.3942857142857
75.3501428571429
75.3055714285714
75.261
75.2171428571429
75.1742857142857
75.1331428571429
75.0947142857143
75.0592857142857
75.0277142857143
75.0008571428571
74.9792857142857
74.964
74.9554285714286
74.9545714285714
74.962
74.9782857142857
75.0041428571429
75.0398571428571
75.086
75.1425714285714
75.2095714285714
75.2868571428571
75.3738571428571
75.47
75.5742857142857
75.6854285714286
75.8018571428571
75.9218571428571
76.0434285714286
76.1645714285714
76.2827142857143
76.3958571428572
76.5014285714286
76.5974285714286
76.682
76.7534285714286
76.8101428571429
76.8517142857143
76.8771428571429
76.887
76.8812857142857
76.8611428571429
76.8278571428571
76.7831428571429
76.729
76.6674285714286
76.6007142857143
76.531
76.4604285714286
76.3911428571429
76.3248571428571
76.263
76.2068571428571
76.1574285714286
76.1154285714286
76.0811428571429
76.0554285714286
76.038
76.0292857142857
76.0294285714286
76.0384285714286
76.0565714285714
76.0844285714286
76.122
76.17
76.2288571428572
76.2988571428571
76.3801428571429
76.4731428571429
76.5775714285714
76.6928571428572
76.818
76.952
77.0928571428572
77.2387142857143
77.3865714285714
77.534
77.6775714285714
77.8144285714286
77.941
78.0545714285714
78.1521428571429
78.2312857142857
78.2901428571429
78.3274285714286
78.3421428571429
78.3341428571429
78.304
78.2522857142857
78.1805714285714
78.0907142857143
77.9847142857143
77.8648571428571
77.7335714285714
77.5931428571429
77.4458571428572
77.294
77.1395714285714
76.9842857142857
76.8297142857143
76.6771428571429
76.5275714285714
76.3822857142857
76.2417142857143
76.1064285714286
75.9771428571429
75.8541428571429
75.7377142857143
75.628
75.5252857142857
75.4295714285714
75.3411428571429
75.2595714285714
75.1852857142857
75.1178571428571
75.0572857142857
75.0034285714286
74.9558571428571
74.9145714285714
74.8792857142857
74.8497142857143
74.8255714285714
74.8068571428572
74.7934285714286
74.7851428571429
74.7821428571429
74.7841428571429
74.7914285714286
74.804
74.822
74.8452857142857
74.874
74.908
74.9471428571429
74.9911428571429
75.0392857142857
75.0912857142857
75.1462857142857
75.2034285714286
75.2614285714286
75.3197142857143
75.3767142857143
75.4311428571429
75.4821428571429
75.5284285714286
75.5688571428572
75.6024285714286
75.6284285714286
75.6461428571429
75.6552857142857
75.6554285714286
75.6462857142857
75.6281428571429
75.6008571428572
75.565
75.5205714285714
75.4681428571429
75.4078571428571
75.3401428571429
75.2655714285714
75.1837142857143
75.0951428571429
74.9998571428571
74.8978571428571
74.7888571428572
74.6727142857143
74.5491428571429
74.418
74.2788571428571
74.1317142857143
73.976
73.8118571428571
73.6391428571429
73.4578571428571
73.2685714285714
73.0711428571429
72.8662857142857
72.6548571428572
72.4371428571429
72.2141428571429
71.9868571428571
71.7561428571429
71.5228571428571
71.2881428571429
71.0525714285714
70.817
70.5822857142857
70.3488571428571
70.1174285714286
69.8882857142857
69.6618571428571
69.4382857142857
69.2181428571429
69.0014285714286
68.7884285714286
68.5797142857143
68.3754285714286
68.176
67.9818571428572
67.7938571428571
67.6121428571429
67.4375714285714
67.2708571428571
67.1121428571429
66.9625714285714
66.8221428571429
66.6914285714286
66.5708571428572
66.4602857142857
66.36
66.2698571428571
66.1894285714286
66.1185714285714
66.057
66.0038571428571
65.9588571428571
65.9214285714286
65.8908571428572
65.8665714285714
65.8484285714286
65.8355714285714
65.8281428571429
65.8255714285714
65.8255714285714
