#Sigma on thinning for NGRIP from AICC2012.
0.0286694656259
0.0286265110491
0.0285837848078
0.0285411928761
0.0284986566857
0.0284564387392
0.0284145089065
0.0283726890102
0.0283309995105
0.0282894524808
0.0282480489713
0.0282067815715
0.0282145803785
0.0282666135277
0.0283187471871
0.0283710345195
0.0284234728631
0.0284760541757
0.0285287720368
0.0285816211044
0.028634560254
0.0285580497216
0.0284709590748
0.0283839830912
0.0282971169719
0.0282103412249
0.0281236559048
0.0280370610663
0.02796429828
0.0279054868607
0.0278467334867
0.0277880817064
0.027729576349
0.0276711330029
0.0276127500566
0.0273630584308
0.0269849044068
0.0266068414415
0.0262288794001
0.0258510167082
0.0254732465967
0.0253520968931
0.0255178625223
0.0256837282812
0.0258496846674
0.0260156997912
0.0261817807975
0.0260470554152
0.025880300177
0.0257136344732
0.0255471166775
0.0253806381836
0.0252287343272
0.0250949122562
0.0249611821678
0.0248275455738
0.0246939846351
0.024593698088
0.0245338938579
0.0244741793703
0.0244145348633
0.0243549182576
0.0244924478754
0.0247141377159
0.0249359051211
0.0251577431311
0.0253462677103
0.0251954297791
0.0250446405677
0.0248939021088
0.0247432132535
0.024772461858
0.02484539052
0.0249183349557
0.0249913365183
0.0249860374626
0.024834803639
0.0246835889835
0.024532402865
0.0243940836564
0.0242817912471
0.0241695606557
0.0240573686788
0.0240642130519
0.024436529234
0.024808883027
0.025181265553
0.0255419106159
0.0257877683619
0.0260336531606
0.0262795537871
0.0265015970969
0.0263207453108
0.0261399001604
0.0259590616511
0.025778234804
0.0259396040887
0.0261085280883
0.0262774037252
0.0264093737872
0.0261886625258
0.0259679580266
0.0257472647356
0.025569943983
0.0255463977797
0.0255228779295
0.0254993425327
0.0253520654017
0.0249948318238
0.024637585507
0.0242803555114
0.024096634148
0.0240689438413
0.0240411931481
0.0240134493263
0.0240673256394
0.0241396708044
0.0242119577591
0.024284150484
0.0243412391829
0.024396486104
0.0244517719761
0.0245127952431
0.0246345302956
0.024756272322
0.024877990911
0.0250375410506
0.0253597926702
0.0256820918757
0.0260044770522
0.0260930261201
0.0257698218931
0.0254465626169
0.0251234492902
0.0250099239013
0.0249973795312
0.0249848422213
0.0249723119774
0.0250467942778
0.0251280615621
0.0252093359288
0.0252976984743
0.0254529604603
0.0256082295466
0.0257635057393
0.0258374402087
0.025810553282
0.0257836734797
0.0257568008077
0.0262263628799
0.0267324630371
0.0272385703427
0.0273822543208
0.0270635079841
0.026744768814
0.0264260368167
0.0266065122824
0.0269947252225
0.0273829453537
0.0277208429396
0.0276778643396
0.0276348929488
0.0275919287735
0.0274780840174
0.0273079223212
0.0271377678587
0.0269957189237
0.0269680860583
0.0269404586316
0.0269128384619
0.026869622697
0.0268146956961
0.0267597759708
0.0267032337995
0.026585005234
0.0264667839626
0.0263485699917
0.0262183906625
0.0260548594567
0.02589133557
0.0257278190089
0.0255961779454
0.0254827881123
0.0253694056235
0.0252560304853
0.0252337491761
0.0252203424086
0.0252069430107
0.02513062505
0.0249198086148
0.0247089995683
0.0244981979166
0.0245132042127
0.0245577138855
0.0246022309724
0.0246692438641
0.0247729640623
0.0248766916937
0.0249804267648
0.0250395646414
0.025095448485
0.0251513397875
0.0251574494846
0.0250586495826
0.0249598571589
0.0248610722199
0.0251066713559
0.0254371439988
0.025767624146
0.0260863544699
0.0263192717087
0.0265521964714
0.0267851287644
0.0269053512983
0.0269149488324
0.0269245539163
0.0269341665568
0.0271737060524
0.0274373996128
0.0277011007495
0.0279118964688
0.0280034590289
0.0280950291852
0.0281866069441
0.0287219717165
0.0294085019783
0.0300950398627
0.0306538501857
0.0308841403012
0.0311144380593
0.0313447434667
0.0312604393892
0.0310901219766
0.0309198122334
0.0307880029695
0.0308087313722
0.0308294674645
0.0308502112531
0.0308957726886
0.0309473111441
0.0309988573146
0.0310439332546
0.0308263178483
0.0306087101774
0.0303911102485
0.0302761669305
0.0302610010989
0.0302458430299
0.0302200964778
0.0300425786623
0.02986506863
0.0296875663877
0.0295497592051
0.0294474347704
0.0293451181465
0.029217575651
0.0289940930453
0.028770618271
0.0285471513351
0.0285381588128
0.0286578357158
0.0287775204781
0.0288905297168
0.0289447075248
0.028998893213
0.0290530867884
0.0292891983314
0.0296346533119
0.0299801162007
0.0302422897943
0.0300944778317
0.0299466737984
0.0297988777016
0.0297585658164
0.0298323248376
0.0299060918166
0.0299702852534
0.0299464334585
0.0299225896426
0.0298987538129
0.029825187643
0.0297007601382
0.0295763406411
0.0294688178438
0.0296024434055
0.0297360769965
0.0298697186239
0.0298623864585
0.0297580281874
0.0296536779743
0.0295493358265
0.0296228606099
0.0297063147633
0.0297897770038
0.0298170822993
0.0298003522695
0.0297836303486
0.029766916544
0.0295524275088
0.0293252324429
0.0290980455152
0.0290466541203
0.0291220513595
0.0291974567589
0.0292515341769
0.0291656739545
0.0290798219145
0.0289939780644
0.0288667136447
0.028723835526
0.0285809656194
0.0285612191353
0.0287255988794
0.0288899868581
0.0290543830787
0.0288730302428
0.0286402301528
0.0284074383273
0.0282659306954
0.0282482743905
0.0282306263726
0.0282129866494
0.0283764983381
0.0285518881175
0.0287272862142
0.0287498700879
0.0286229211575
0.0284959805672
0.0284133429694
0.0286335397714
0.0288537449364
0.0290739584721
0.0290848928091
0.0290457096541
0.0290065348927
0.0288787948341
0.0286689247865
0.0284590631556
0.0282507832304
0.0280703268971
0.0278898790038
0.0277094395584
0.0278862503585
0.0282592791345
0.0286323163816
0.0288795604209
0.0289841822962
0.0290888126662
0.029153122052
0.0289647134493
0.0287763133647
0.0285879218061
0.0287832736152
0.0291582094269
0.0295331537883
0.0299060734054
0.0302750454224
0.0306440260127
0.0310130151844
0.0311839937458
0.0313322318682
0.0314804785958
0.0313498951573
0.0311317141493
0.0309135417705
0.0307904229337
0.0307298225259
0.0306692307715
0.0306086476784
0.030653718153
0.0307024406823
0.0307511718973
0.0309029162038
0.0313860293209
0.031869151148
0.0323522816931
0.0323172218393
0.0322349517478
0.0321526903989
0.0321354872589
0.0322413179711
0.0323471574504
0.0324530057051
0.0321914091802
0.031876342536
0.031561284692
0.0314107542321
0.0313818641448
0.0313529828824
0.0313135039959
0.0312163792959
0.0311192634457
0.0310221564536
0.0308168007743
0.0306087647239
0.0304007375568
0.0308358987779
0.031732318458
0.0326287470465
0.0335251845517
0.0326491109422
0.0317589353648
0.0308687687295
0.0307899772297
0.0308403238617
0.0308906794611
0.030462494633
0.0296839097363
0.0289053338325
0.028413980784
0.0282229645238
0.0280319572823
0.0278704973715
0.0280026553172
0.0281348223074
0.0282669983506
0.0291311035729
0.0300139439463
0.0308967933986
0.0312642793587
0.0314246091677
0.0315849480816
0.031585572978
0.0314397904917
0.0312940171364
0.0312187050679
0.0313425768529
0.0314664577953
0.0315903479037
0.0321002232471
0.0326500606031
0.0331999071516
0.0334720813267
0.0335119239866
0.0335517758655
0.0335763010852
0.0335582190827
0.0335401463257
0.0335253829593
0.0336038891747
0.0336824046624
0.0337609294313
0.0337809428057
0.0337779834933
0.0337750334891
0.0336646638629
0.0334267328212
0.0331888111147
0.0330222091294
0.0330682329147
0.0331142660623
0.0331424674128
0.0329830940213
0.0328237300192
0.0326643754157
0.0325315102824
0.0324002409994
0.0322689811423
0.0321339896724
0.0319985071397
0.0318630340582
0.031776014255
0.0317062323327
0.0316364598916
0.0316319207117
0.0317024475887
0.0317729839745
0.0316839363643
0.0314441792271
0.0312044316242
0.030973204488
0.0308366592266
0.0307001235277
0.0305635974005
0.0307458494219
0.0309633624919
0.0311808851619
0.0311968856116
0.0311559284834
0.0311149809835
0.0309531207561
0.0306549876643
0.0303568642292
0.0302799245449
0.0307466479358
0.0312133810117
0.0316441336698
0.0318664884186
0.0320888528812
0.0323112270672
0.0326052374604
0.0329112590032
0.0332172902983
0.0331755816643
0.0330141039607
0.0328526360383
0.0328127819328
0.0329486177872
0.0330844634519
0.0332203189365
0.0330845189241
0.032906941048
0.0327293730211
0.0326091305083
0.0325060802724
0.0324030399151
0.0323263724912
0.0322814099336
0.0322364572843
0.0322457856751
0.0322972993187
0.0323488229
0.0324186486801
0.0325011627948
0.0325836868771
0.032702602455
0.0328553361197
0.0330080797819
0.0331884816612
0.0335965592729
0.0340046469122
0.0344127445892
0.0345312268995
0.0346152195617
0.0346992222918
0.0344993185092
0.0341649295425
0.0338305506741
0.033522513385
0.0332537084198
0.0329849135833
0.0327199148371
0.0325018614839
0.0322838182902
0.0320657852661
0.0323494496351
0.032638615915
0.0329277923953
0.0329096823104
0.0328161637088
0.0327226553386
0.0327073079023
0.0327608372772
0.0328143769146
0.0328779198408
0.032952575178
0.0330272408092
0.0331753602493
0.0334078166319
0.0336402833397
0.0340811916774
0.0346573066538
0.0352334319869
0.0355510590761
0.0355158960451
0.0354807434026
0.0353735647704
0.0351647871236
0.0349560198971
0.034694244804
0.034395553964
0.0340968735763
0.0338580950253
0.0336374367549
0.0334167889689
0.0331639260101
0.0328982489519
0.0326325824103
0.0326559168263
0.0328570160031
0.0330581257291
0.0331867282099
0.0331683861495
0.0331500546709
0.0331688388061
0.0332570036964
0.0333451792011
0.0333513592991
0.0329931372863
0.0326349259209
0.0322767252137
0.0323410026984
0.0324430610383
0.0324999535331
0.0321511223728
0.031802301926
0.0314693451411
0.0314850338182
0.0315007332423
0.0315164434244
0.0319018984958
0.0323300101772
0.0326688596804
0.0322166972265
0.0317645455866
0.0313124047721
0.0315618212464
0.0318785923413
0.0321953742953
0.0325614853871
0.0329613733266
0.0333612721592
0.033632797496
0.0337476879522
0.0338625893358
0.0339394785279
0.0339747500331
0.0340100325
0.0341268840892
0.0343739755489
0.0346210780049
0.0347983325684
0.034890408802
0.0349824960665
0.0352077226898
0.0356651462311
0.0361225808381
0.0364433529553
0.0366062701891
0.0367691985236
0.0367826578962
0.0366267508121
0.036470854864
0.0366056619848
0.0371226210208
0.0376395912282
0.0379428370599
0.0379744113357
0.0380059968182
0.0377912053928
0.0373830821134
0.0369749700763
0.036871060773
0.0371472092974
0.0374233691001
0.0375577189179
0.0372758853534
0.0369940631032
0.0368805764689
0.0371288114438
0.0373770577692
0.0375564766149
0.0376542301075
0.0377519949869
0.0377233079784
0.0374358606043
0.0371484246537
0.0368863915233
0.0366907356687
0.0364950912742
0.0363410377883
0.0362979256108
0.0362548249304
0.0363046576728
0.0365477055875
0.0367907650364
0.0371130244779
0.0375566460401
0.0380002791737
0.0382141137105
0.038179468368
0.0381448346343
0.0380904797393
0.0380014931365
0.0379125181801
0.0378413462281
0.037838818581
0.0378363026181
0.0378363194244
0.037843564558
0.0378508214138
0.0377962445099
0.0375831023348
0.0373699719201
0.0371633948768
0.0369664642259
0.0367695453737
0.036648742197
0.0365491647791
0.0364495991984
0.0362237772724
0.0359892536706
0.0357547419448
0.0357643089761
0.0358530304404
0.0359417638197
0.0356738942076
0.0352196946497
0.034811657211
0.0346300794624
0.0344485136939
0.0342669599187
0.0340715133002
0.0338726839455
0.0336738666237
0.0334476232166
0.0331896258847
0.0329316406253
0.0328973192987
0.0332518122904
0.0336063173945
0.0338046236784
0.0337298837333
0.0336551559408
0.0335683229819
0.0334265571064
0.0332848034237
0.0331505253089
0.033023993506
0.0328974739364
0.0324653444933
0.0318759632286
0.0312865942378
0.0303749595232
0.0293962175154
0.0284174878224
0.0281184490442
0.0278662927227
0.028352913166
0.0298226127495
0.0312923247165
0.032133443941
0.0324959159866
0.0328584004572
0.0331410110781
0.0333847562357
0.0335277645942
0.0328827617819
0.032237771464
0.0315467503715
0.0305965240924
0.0296463103499
0.0288958776268
0.0293590000755
0.0298221351029
0.0302207055065
0.0304954100117
0.0307701271381
0.031326586739
0.0320780999013
0.0328296257274
0.0330568168619
0.0330773780624
0.0331015853247
0.0331768570213
0.0332521414532
0.0333215234979
0.0332446513917
0.0331677920641
0.0330912802851
0.0330174263748
0.0329435852865
0.0330790843114
0.0333476271156
0.0336161827854
0.0338315229573
0.034026950232
0.0341539296188
0.0341385147696
0.0341231128593
0.0340535134291
0.0339583488783
0.0338578888907
0.0337414066611
0.0336249374443
0.0334465051111
0.0332211088342
0.0329957256147
0.0332108470176
0.0336194083808
0.0340279828463
0.0339750028494
0.0338627569935
0.0337756451866
0.0339668949141
0.0341581578194
0.0343595436565
0.0346486555835
0.0349377807337
0.0350099368434
0.0347952718462
0.034580620118
0.0344075032031
0.0342626250885
0.0341549885529
0.0342996997173
0.0344444242273
0.0344377815281
0.0342591650434
0.0340805619507
0.0339033555058
0.0337263758677
0.033550106097
0.0335356700168
0.0335212474064
0.0333936352881
0.0328570519611
0.032320482151
0.0316273672387
0.0298126569456
0.0279979602168
0.0272586832509
0.0280043662001
0.028750062761
0.028457768977
0.0280112380807
0.0277691269211
0.0281513196788
0.028533526128
0.0290735909418
0.02981628605
0.0305589948977
0.0309612820146
0.0312875151184
0.0315575742261
0.0317114979536
0.0318654355016
0.0319371738908
0.0319963118207
0.0319789869546
0.0317656076166
0.0315522421807
0.0311545789495
0.0306359960255
0.0301174270529
0.0304742234901
0.0309725064415
0.0314397705209
0.0318095561046
0.0321793557226
0.0325669312081
0.0329921322965
0.0334173474691
0.0336392606108
0.033745626412
0.0338503972916
0.0339222290924
0.0339940750613
0.0339050323733
0.0335430284407
0.0331810387269
0.0328324442106
0.0325149025696
0.0321973751985
0.0321717714282
0.0325852352884
0.0329987134697
0.0323071215854
0.0313217986276
0.0303364900424
0.0306204477793
0.0312085922604
0.0317967511661
0.0310288227926
0.0301856309985
0.0296819192948
0.0297876427787
0.0298933807741
0.0300726822893
0.0303309919927
0.0305893162603
0.0308587160647
0.0311338767102
0.0314636111971
0.0326207404419
0.033777884339
0.0345369199444
0.0348724331218
0.0352079610049
0.0351911543481
0.0351653736887
0.0351341310612
0.0350943698492
0.0350487251915
0.0345789146247
0.0341091188892
0.0336436183174
0.0332905694302
0.0329375354287
0.0330655864797
0.0335696438754
0.0340737162114
0.0343851940483
0.0346141158344
0.0347962702092
0.0345226504407
0.0342490457044
0.0342516737063
0.034532266395
0.0348128741712
0.0343320544133
0.0334075513706
0.0325727754881
0.0333012069968
0.0340296536861
0.0345082843174
0.0344131911189
0.0343181131573
0.0345639532188
0.035004594104
0.0354452502826
0.0360060682319
0.0365687850475
0.0370604971774
0.0372815916962
0.0375027016035
0.0373485419945
0.0371166545509
0.0368847825533
0.0369896821624
0.037100857855
0.0373098849293
0.0376179003926
0.0379259313982
0.0381039619083
0.0382775291973
0.0383714128198
0.0383377491081
0.038304101036
0.0384348526452
0.0385917017048
0.0384609119358
0.0381308835177
0.0378017076961
0.0378466032674
0.0378915146162
0.0378054984898
0.0375836068355
0.0373617310182
0.0374384931647
0.0375754840084
0.0378185602735
0.0383238357421
0.038829127148
0.0389641492667
0.0390740017274
0.0390221102034
0.0386094766825
0.0381968592
0.0379733829011
0.0378853543104
0.0377841685699
0.0374421147994
0.0371000771693
0.0369436422631
0.0373168895989
0.0376901531367
0.0378732029075
0.0379468347338
0.037968866497
0.0374215629064
0.0368742756214
0.0367067329836
0.0367425182534
0.0369865568008
0.0376690584685
0.0383515765464
0.0391489178616
0.0399543803168
0.0404127363539
0.0401097166743
0.0398067135106
0.0404753926994
0.04153013532
0.041979422341
0.0415286576982
0.0410779096778
0.0411960045244
0.0415345869296
0.0417936058359
0.0414835174149
0.0411734457241
0.041071085101
0.0410010107589
0.0411540227815
0.0415563274829
0.0419208652535
0.0419601967482
0.0419995451256
0.0420210925506
0.041777794726
0.0415384842969
0.041401477268
0.0412644872319
0.0411854237981
0.0411498993021
0.0411561195215
0.0414282767494
0.0417004510816
0.0416226879436
0.0413523677005
0.0410820646289
0.0411076296426
0.0411864948521
0.0411922751815
0.04103667584
0.0408810937831
0.0410281877751
0.0412918463198
0.0415667286269
0.0418749476192
0.0421831840104
0.0424118948233
0.0425868267962
0.0427617762369
0.0428844426941
0.0429839496188
0.0431532560538
0.0434232766946
0.0436933149191
0.0439684326902
0.0442440049746
0.0444404732283
0.0445125704873
0.0445846854473
0.0446171257733
0.0446461159389
0.0446507704823
0.0446381624435
0.0445683038707
0.0443474479041
0.0441276633182
0.0441017908052
0.044075936207
0.044182605848
0.0444409248023
0.0446226943124
0.0443400948331
0.0440575133891
0.0441720704037
0.0444020334197
0.0445955309868
0.0445521729641
0.0445088330986
0.0445950819061
0.0447300973246
0.044832551342
0.0448456576106
0.0448587821593
0.0450702488483
0.0453693792561
0.0455544094355
0.0454540568343
0.0453537226373
0.0455488202549
0.0458101206103
0.0460837016991
0.046383626549
0.0466835699287
0.0469082906109
0.04708876457
0.0472692571347
0.0477031077237
0.0481449453265
0.0483048833993
0.0482427254732
0.0482049795047
0.0486585445816
0.0491121284431
0.049092754437
0.0489777341855
0.0488507131245
0.048690782125
0.0485308700395
0.0484218450474
0.0483190051761
0.0484985644644
0.0489405035796
0.0493824617395
0.0496512602819
0.0499157552134
0.0501625300333
0.0503982099524
0.0506339090483
0.0509450890701
0.0512731317919
0.051594022829
0.051905219826
0.052195149425
0.0524416152028
0.0526717562016
0.0528040328401
0.0529363288967
0.0531652115316
0.0534252305804
0.0536109503235
0.0536547969466
0.0536844276983
0.053542710519
0.0534010129485
0.0533613865514
0.0533418094025
0.0533614861146
0.0534849822796
0.0536084981916
0.0537479281718
0.0538947054096
0.0540415024778
0.0540163167912
0.0539849078128
0.0538538877455
0.053673114207
0.0536267355888
0.0537706672065
0.0538961798879
0.0539141646584
0.053932169513
0.0541146363971
0.0543567742558
0.0544338258864
0.0542582706997
0.0541024747771
0.0542346292054
0.0543668039185
0.0545573556691
0.0547549796678
0.0547660750504
0.0546970490002
0.0546623087734
0.0546861635009
0.054710038717
0.0548323395434
0.0549775399878
0.0550456046278
0.0550238954053
0.0550022068187
0.0551559347398
0.0553267980018
0.0556238905213
0.0560159068043
0.0563261977748
0.0565297912338
0.0567334055379
0.0568447105691
0.0569559028882
0.0569931022978
0.057024735857
0.0569998677642
0.0569243842991
0.056869786328
0.0568887969702
0.0569078287311
0.0566219132691
0.0562775805684
0.0560873151446
0.0560363114237
0.0559853289758
0.0560710598927
0.0561675916146
0.0561473934938
0.056068569302
0.0559250890656
0.0556762717269
0.05542747588
0.0553085324657
0.0552391339874
0.0552470247748
0.0552854637948
0.0552706245627
0.0552316376581
0.055402973517
0.055847565401
0.0562708833895
0.0566702747601
0.0570696879733
0.0574584274919
0.0578451443251
0.0582668124874
0.058717956816
0.0591356430171
0.0595174369516
0.0598853872635
0.0602349052752
0.060584445423
0.0608385921136
0.0610848190586
0.061368728987
0.0617369865512
0.0621052664171
0.0624244648877
0.0627391024673
0.0631022277956
0.0635247922978
0.0639293162885
0.0642589931379
0.0645886925239
0.0648731162125
0.065149186759
0.0653573516717
0.0655258176184
0.0657551604012
0.0660299668545
0.0663551404867
0.0667572204898
0.06716831882
0.0676004645583
0.0679864358258
0.0680123922121
0.0680383715814
0.0683913263098
0.0688848861475
0.069232305117
0.0694742254179
0.0697921329052
0.0702038685107
0.0705741258721
0.0708192316498
0.0711139748685
0.0714869067533
0.0718377120999
0.0721015397067
0.0723685257293
0.0726441344076
0.0729183442191
0.0731855882937
0.0734245404402
0.0735797390644
0.0736985147526
0.0737146533743
0.0738131885988
0.0740111084466
0.0742155589366
0.0744166485152
0.0745858426916
0.0747534610189
0.0749156174733
0.0750994559289
0.0753375584949
0.0755756851259
0.0756893895555
0.0757807762931
0.0760055160704
0.0763097391753
0.0765164038972
0.0766876017956
0.0768026019412
0.0769024553034
0.0773008271838
0.077699223507
0.0779887602847
0.0782360621185
0.0783120767668
0.0784031098442
0.0786777002192
0.0789100674134
0.0789626364054
0.0790614455443
0.0792385677121
0.0793744229882
0.0794169069527
0.0795012958745
0.0796484168925
0.0798072897618
0.0799870896486
0.0802063273251
0.0804736072929
0.0807606117936
0.0810673186984
0.0813578622001
0.0816402191048
0.0817297977119
0.0817417286079
0.0819783967992
0.0822158652027
0.0823849826819
0.0825501935872
0.0826645071616
0.0827822560747
0.0829476823661
0.0831599750502
0.0835162072795
0.0837288456499
0.0837071765972
0.0838669548801
0.0841853800514
0.0843600373868
0.0844613572031
0.0845778775187
0.0846994252209
0.0848570265492
0.0850072801363
0.0850277594833
0.0850574105162
0.085118538006
0.0851391179465
0.0851130772651
0.0850738135857
0.0850271664778
0.0850892059158
0.0851501314769
0.0851380850993
0.0851212521878
0.0850382746204
0.0850091796318
0.0851790357156
0.0852839045743
0.0852683327744
0.0852768831444
0.0853020740924
0.0854457802856
0.0856069601698
0.0857665614403
0.0859228056229
0.08607434309
0.0862971857527
0.0865602272288
0.086697913541
0.0868090417369
0.0871593815473
0.0874844524974
0.0876951083825
0.0878458407257
0.0879065942061
0.0880407670571
0.0882070086172
0.0883513618111
0.0884741664373
0.0884505260561
0.0884928517707
0.088588858099
0.0885451215339
0.0885016061307
0.0884864975714
0.0885041154846
0.0885249779896
0.0884988472056
0.088475012469
0.0884550747974
0.0884965087867
0.0885975755551
0.0886458209745
0.0886768814335
0.0886369380151
0.0886524973592
0.0887401244323
0.0887502069569
0.0887313939124
0.088868662932
0.088954069167
0.0888877920575
0.0888897816835
0.0889267099426
0.0890528934018
0.0890959079655
0.0890419058455
0.0891773874449
0.0892581055711
0.0892290949882
0.0892462206157
0.0892844331128
0.0892636844874
0.0892278237995
0.089173037989
0.0891520388371
0.0891384122181
0.0891404647029
0.0890660876865
0.0889872813136
0.0890728528115
0.0890736275171
0.0890040801456
0.0889622067993
0.0889297629344
0.0889174187161
0.0889761669626
0.0890493215872
0.089089919169
0.0891357783564
0.0891864371082
0.0893773726645
0.0895844773568
0.0898162886808
0.0900214346308
0.0901557110413
0.0901333265977
0.0902056228918
0.0903336679994
0.0905391883058
0.0908525411991
0.0911310873739
0.0911877791671
0.091326286361
0.0914386747963
0.09143715498
0.0913998254123
0.0913384231547
0.0912497418808
0.0912561304864
0.0914532010427
0.0918392021516
0.0916553568073
0.0914785835315
0.0913368361454
0.0911895827512
0.0911480290126
0.0912214284337
0.0911515325572
0.0911833700791
0.0912817442026
0.0912881801575
0.0912335904587
0.0911531422414
0.0911061803184
0.0913090946857
0.0914417450394
0.0912893992442
0.091239556701
0.0912348428775
0.0911977158392
0.0910555324292
0.090788603833
0.0906003705157
0.0903729849369
0.0899723411882
0.0896866822188
0.0893679544627
0.0890352541692
0.0887147085352
0.0886939942974
0.0885089195839
0.0882148017046
0.0879981026546
0.0880549239599
0.0880897227418
0.0881186547544
0.088175049385
0.0884575161533
0.0887773698771
0.0890785244216
0.0893029586842
0.0893370275861
0.089455772462
0.0895251446268
0.0895709356662
0.0897051285054
0.0897420304931
0.0898124252291
0.0899184710417
0.0900664747105
0.0902486938833
0.0905669977208
0.0908535902347
0.0909070172662
0.0908193719297
0.0908006783272
0.0908024406413
0.0909299903766
0.0910169851354
0.0910531873788
0.0910956095799
0.0912264798675
0.0913978730373
0.0917579972886
0.0919118350009
0.0919073686018
0.0918676297156
0.0918037892144
0.0917607023116
0.091712417927
0.0917154248542
0.0917083978581
0.0916870970828
0.0916775892458
0.0916126111621
0.0916439559381
0.0916141669936
0.0916091021374
0.0916841946356
0.0917372584312
0.091541260772
0.0914788885073
0.091465402193
0.0914506240216
0.0914216392578
0.0914428359043
0.0914385566717
0.0916958575561
0.0918447876872
0.0918470742522
0.0919413120931
0.092091601961
0.0920475370089
0.0918421433278
0.0919949668414
0.0917890427612
0.0919588948838
0.0918440253907
0.0915865660482
0.091781831374
0.0918244235166
0.0917232379962
0.0916063772622
0.0914085956598
0.0911576880657
0.0911113805342
0.0910174559572
0.0908135701504
0.0908081293455
0.0905781214994
0.0903034889506
0.0898916048992
0.0895981567505
0.0897520776959
0.089933176971
0.0896767426888
0.0895387588419
0.0895759392785
0.0893712780727
0.089305687865
0.0893160598619
0.0892157827319
0.0889428331467
0.0887297420597
0.0887953853408
0.0885563650905
0.0884268499691
0.0882650724982
0.0881729011249
0.0880928035309
0.0880141882321
0.0878619974562
0.0878171930473
0.0876969908678
0.0876166563932
0.0874691758847
0.087275698802
0.0870518927115
0.0868197894743
0.0867588535707
0.0865296409192
0.0864479916957
0.0862899148349
0.0862903392773
0.0860567481816
0.0858351805008
0.0855409879981
0.0853479879996
0.0852316748242
0.085189212403
0.0850724847272
0.0849117967578
0.0848276535352
0.0847341748861
0.0847994763793
0.084614539379
0.0844445958259
0.0842274949579
0.0839791028921
0.0838299144893
0.0836073623808
0.0834424820098
0.0832946663712
0.0831392863569
0.0830215934892
0.082851963786
0.0826671422537
0.0825291506243
0.0823477812882
0.0822429636774
0.0821741209201
0.0820957064883
0.0820253166889
0.0818938866421
0.081752929467
0.0815916507373
0.0814819268897
0.0813694034272
0.0811453036135
0.080932313752
0.0807449600622
0.0805319551439
0.0803702696095
0.0802773917584
0.0802184487008
0.0801003571602
0.0800153295933
0.079828966981
0.0797919998552
0.0797052016053
0.0796717762553
0.0795675777089
0.0795459327911
0.0793699292053
0.0792037888355
0.0791081791318
0.0789664425431
0.0788194554155
0.0786545529718
0.0785204241919
0.0784318601428
0.0783146000285
0.0782032848902
0.078086524069
0.0779191331208
0.0777411054204
0.0775471084718
0.0773867654267
0.0771529953407
0.076820536678
0.0764455562429
0.0760053622054
0.0755989672008
0.0753068185631
0.074818307105
0.0743094965195
0.0738856890617
0.073463535482
0.0730701231307
0.0725837721506
0.072200426083
0.0718423022462
0.0716454540351
0.071492604732
0.0714495830053
0.0713073688231
0.0709584209635
0.0706997253071
0.0707131817045
0.0710914667785
0.0717920505463
0.0724557177755
0.0724071292501
0.071989382583
0.0715281662718
0.0711808081517
0.070877367484
0.0707302234693
0.0706851007802
0.0706495179753
0.0707710300325
0.0707502300236
0.0706890001955
0.0705973275885
0.0705323026562
0.0706179260858
0.0707250740637
0.0708217218666
0.0711152767188
0.0712170759706
0.0712301918855
0.0711839048791
0.0710528523798
0.0709869997483
0.0710782773017
0.0710517446923
0.0709602037265
0.0709390304281
0.0710619613679
0.071311971401
0.0716925502275
0.0721910143724
0.0726306076978
0.0728517310705
0.0727889277727
0.0726111749257
0.0724613373121
0.0722169779077
0.0722088019961
0.0723152860079
0.0723555530462
0.0724444270104
0.072486857394
0.0724521616357
0.0724728403372
0.0721508777066
0.0717246897006
0.0714565189319
0.0711455022866
0.070882154702
0.0706739953101
0.0703794113099
0.0700053930367
0.0695166424197
0.0685053953691
0.0671626684066
0.0660136943998
0.065224319223
0.0643021596121
0.0635884697505
0.0632820836655
0.0631922638463
0.0631059385366
0.0626087816085
0.0623733041284
0.0623867539429
0.0629841296485
0.0640244559366
0.0647755688474
0.065208000122
0.0647427929033
0.0637244504972
0.0631198326618
0.0626347016001
0.0619364168547
0.0606316731106
0.0593346827899
0.058348702766
0.0566596858854
0.0563222969704
0.0570092913222
0.057735281854
0.0588045741269
0.0598095974494
0.0605633311522
0.0606012659907
0.0603453553962
0.0597152330392
0.0588980702808
0.0579586745364
0.0571245877047
0.056346391132
0.0574780586211
0.0579931737311
0.0582893156547
0.0589434340138
0.0597266143064
0.0603626090844
0.0610002360601
0.0615558812402
0.0618415747059
0.0618938493382
0.0618328312529
0.0617922495735
0.0615563829424
0.0611950546366
0.0607559624896
0.0606109231548
0.0604402882173
0.0603751968982
0.0602292421414
0.0602612301695
0.0602536090842
0.0608084086797
0.0613356959384
0.0615579536977
0.0618083918115
0.0620874217875
0.061921952491
0.0614517472675
0.0610529928462
0.0607978279916
0.0611857478773
0.0617140763309
0.0621984950295
0.062518935923
0.0623376756329
0.0622606446369
0.0626150541368
0.062822025715
0.0627908279957
0.0627537884767
0.0629589894838
0.0635308556059
0.0637948111327
0.063895185238
0.0644462193247
0.064908101187
0.0652067734975
0.0652099799397
0.0649726854965
0.0646670921769
0.0645539278628
0.064326001004
0.0638085731765
0.0635911556672
0.0633343537708
0.0627984541021
0.0620932826836
0.0623046817077
0.0624028654751
0.0626760398559
0.0629823479452
0.0631966786007
0.0633538524714
0.0637166327008
0.0641395680832
0.0641664378116
0.0642202477903
0.0643834684222
0.0646402212466
0.0649258292318
0.0655379556571
0.0661090401167
0.0664086082554
0.0668085536539
0.0672653631262
0.0676737116475
0.0683327752254
0.0687454026356
0.0684261113816
0.0669397097785
0.0641673319149
0.0639710773866
0.0661638605364
0.0651771972324
0.063756829511
0.0624435300509
0.0618078099012
0.0640704120206
0.0657298194074
0.0672331336305
0.0684748015112
0.0691882824691
0.0697667982622
0.0704595402995
0.0709930544457
0.0708141075388
0.0697287020647
0.0677830891657
0.0641561125257
0.0639072440632
0.0631268901022
0.0619619241258
0.0640427039952
0.0653413590736
0.0665916516071
0.0675571837287
0.0680710636034
0.0684344686013
0.068878662548
0.0692148081172
0.069292286874
0.0693636959645
0.0693943052861
0.0693982352019
0.0693036237135
0.0693364617967
0.0691610199214
0.0690980087443
0.0690548571024
0.0691579225991
0.0693354984658
0.0694567720733
0.0696795648639
0.0702115240351
0.0707206029476
0.0710115564234
0.0711815013482
0.0709500333785
0.0703288198494
0.0695267276327
0.0690895193479
0.0683864125118
0.0683299330536
0.0688297716726
0.0687883669101
0.0687178124069
0.0686347566083
0.0684274764733
0.0688515347117
0.0699507081029
0.0706790350812
0.070910381297
0.0711028272748
0.0710928394387
0.0710500820654
0.0710899232898
0.0711349582165
0.0711483679247
0.0712549425594
0.0714852376232
0.0717590736012
0.0722913516933
0.073013214117
0.073623350046
0.0739960000016
0.074026506735
0.0736867752464
0.0732406100519
0.0724850296518
0.0714267040807
0.0696776946542
0.0655479743788
0.065383012298
0.0667494894097
0.0681071051141
0.0689531531548
0.0695805481631
0.0701466362527
0.0706474360864
0.0711490240828
0.0715527806801
0.0719116525902
0.0723389108113
0.0730876423716
0.0739514710861
0.0749986397056
0.0759989241225
0.0768390286399
0.077566958634
0.0780021789713
0.077570372816
0.0762706351829
0.0741924690427
0.0720294097475
0.0669230699245
0.0660640281737
0.0670623011219
0.0678171776271
0.0687937260133
0.0701926001822
0.0713621173377
0.0726386578622
0.0737552486539
0.0744279544215
0.0748075058792
0.0756169442942
0.0763697805618
0.0770326727476
0.0775085318625
0.0776670095553
0.0774294546023
0.0768564990482
0.0766116941937
0.0766870672788
0.0769441638391
0.076860392166
0.0766998521661
0.0761727561437
0.0752924206581
0.0741583219266
0.0723038829982
0.0678586039944
0.0696516452623
0.0725135316707
0.0765571574525
0.0791770297319
0.0815483309812
0.0825879291636
0.0824692122575
0.0821984604626
0.0819589146186
0.0815685580835
0.0812077427382
0.0808396450863
0.0804373922189
0.0799810897037
0.0795271217158
0.0791545150791
0.0787619257262
0.0782834079206
0.0776612543397
0.0769151785315
0.0762590962733
0.0757665017494
0.0754415704663
0.0759995375974
0.0775078099177
0.0792518888497
0.0811748264469
0.0823422221129
0.0824749262693
0.0827370923112
0.0830516038989
0.0830264036308
0.0832848300203
0.0839716426915
0.0846412532274
0.0849984938564
0.0853387505866
0.0856816965808
0.0860947490829
0.0865137875049
0.086916885821
0.0872887804014
0.0875951756771
0.0879989466536
0.0886600092337
0.089093366239
0.0894149227193
0.0895663549815
0.0894400779087
0.0888687832665
0.0875933238597
0.0871242664359
0.0879269682247
0.0884777761875
0.0888033919393
0.0890273513474
0.0892717622328
0.0895740421218
0.0898829969017
0.0902296422082
0.0905181739813
0.0907000603179
0.0908028516211
0.0907941677163
0.0906146333632
0.0904211064694
0.090324718387
0.0903746766784
0.0904292462157
0.0904174027296
0.0903659174298
0.0903156885612
0.0903469484407
0.0904149592779
0.0904286818522
0.0904019290439
0.0903933126651
0.0904080683499
0.0904367908782
0.0904683358506
0.0905216994538
0.0907371245204
0.0910046169832
0.0912577664815
0.091207494712
0.0907226562213
0.0899452427957
0.088818608216
0.0880031541896
0.0882024633668
0.0888505046206
0.089735541582
0.0908806565716
0.0923218607515
0.0935678886395
0.0939872542246
0.0938723032203
0.0937777088109
0.0937607879584
0.0937973226857
0.0938273049874
0.0938601745968
0.0939480289469
0.0939412156586
0.0937216974061
0.0934183635175
0.0931074389546
0.0925712256918
0.0919231901924
0.0912902899905
0.0904794914162
0.0895756647476
0.0886678833845
0.0878758692756
0.0869610042182
0.0865709276301
0.0872515623227
0.0883148621056
0.0894887204538
0.090684768208
0.091732996661
0.0926532033778
0.0936491104608
0.0946623566692
0.095268602539
0.0954390041987
0.0955329713375
0.0955994896695
0.0956506244806
0.0956887562085
0.0957165970677
0.0957177444554
0.0956949134768
0.0956548430823
0.0956333945251
0.0956239508348
0.0956356489122
0.095665895293
0.0956727046117
0.0955896206302
0.0952589859663
0.0949413035235
0.0946826609169
0.0944124129871
0.0940121968438
0.0936663048016
0.0934770445569
0.0938880023612
0.0947514056387
0.0951674033979
0.0952647909317
0.0951482487981
0.0949451997871
0.0944362886425
0.094101909726
0.0937963978835
0.0945650262202
0.0960017463254
0.0974175559497
0.0977495989515
0.0974325926665
0.0971488532707
0.0968336613951
0.0965325575558
0.0963890943744
0.0963299563742
0.0963832671685
0.096484007277
0.0965197299866
0.0965205146415
0.0965196657513
0.0965032794421
0.0962070101783
0.0958570477128
0.0957276847719
0.0957916667996
0.0961094326855
0.0966276186476
0.09704489637
0.0975618731589
0.0981613076585
0.0980502504317
0.0979086761113
0.0977309461696
0.0973956664449
0.0971539893506
0.0973042158348
0.0974112163959
0.0974136828441
0.0973998071886
0.0972886583005
0.0969925777748
0.0966178288889
0.0962360471836
0.0955301071903
0.094823526584
0.0941623661332
0.0935999744209
0.0925001266823
0.0924442932852
0.0933013336569
0.0944900932996
0.0959344895182
0.0980671148921
0.098908131473
0.0986793633954
0.0984482942425
0.0983458529309
0.0983829223039
0.0983980832374
0.0981565549638
0.0973082970701
0.0964211726594
0.0953858199411
0.0942446691635
0.0945925920779
0.0954948083935
0.0965560104374
0.0975790598953
0.0983199636385
0.0987955575141
0.0991547076646
0.0995251804684
0.0998760794742
0.10009766118
0.100137833896
0.100152371345
0.100243084239
0.100200913885
0.100006116985
0.0996164606943
0.0991312734916
0.0983825105681
0.0977370954284
0.0977568643913
0.0982952504257
0.0996154648836
0.101016213885
0.101636932213
0.101974823107
0.102422476545
0.102598340795
0.102577344622
0.102383705393
0.102119786093
0.102065988572
0.101838287932
0.101404246095
0.100986147937
0.100283428702
0.0993655663485
0.098849286743
0.0987854905234
0.0989012303158
0.0990958709563
0.0993829818079
0.100526080173
0.102022022642
0.103778566245
0.104906849194
0.10504717875
0.105060812382
0.104919752208
0.104684457284
0.104350981721
0.10398583278
0.103650798193
0.103367108413
0.10316760731
0.102982095312
0.102837711862
0.102814196978
0.102665994601
0.102482028653
0.102326824581
0.102174760872
0.102214058678
0.102492858525
0.102815469032
0.103019964159
0.103198204991
0.103391494614
0.103473976581
0.103428428722
0.103385393298
0.103352429866
0.103219032025
0.103028314194
0.102834196554
0.102661032483
0.102651491077
0.102861578889
0.10321837928
0.103513301571
0.103979088464
0.104764240325
0.10579198545
0.106765220131
0.107107979573
0.106543462771
0.106086216805
0.105564809088
0.105243405688
0.104507330514
0.104117962276
0.103856026099
0.103825176342
0.104042816342
0.104049503156
0.104320584191
0.104495631123
0.105324471471
0.105909230162
0.106211925235
0.106077627132
0.105854370038
0.105763075783
0.105721470894
0.10566617672
0.105629753601
0.10578982394
0.106159311931
0.106492315714
0.106822241662
0.107079970796
0.107268079866
0.10745733273
0.107530376165
0.107738476337
0.108584529697
0.109152521589
0.109573707122
0.109994956887
0.110268913026
0.110380314677
0.109998178724
0.109795907629
0.109490603572
0.108596415196
0.107716894224
0.106583286504
0.10650006355
0.106725586351
0.107105254078
0.107497886699
0.107745302539
0.108086944369
0.108779236405
0.110134387487
0.11134561316
0.11248404632
0.113122963941
0.11196858262
0.110466083988
0.10961815754
0.109564720212
0.109738467153
0.110009958933
0.110425730353
0.110999764495
0.111322768804
0.110963750599
0.110357433689
0.109717416193
0.108663967817
0.107212203746
0.106329623851
0.106566960071
0.107264153496
0.107960559888
0.108548919322
0.109019267277
0.109398091605
0.109677071193
0.109823315948
0.109878846922
0.109964968131
0.110022729445
0.109757386752
0.109389269617
0.109225427875
0.109224855949
0.109113002809
0.108503171293
0.107709006861
0.107027606534
0.10663918359
0.106679595779
0.107140146653
0.107975062662
0.108948884554
0.109620866147
0.109793213061
0.110377350854
0.11108494641
0.11195688133
0.112425769221
0.112352660306
0.112060727794
0.111800584068
0.111598379528
0.111381056749
0.110957870615
0.110713716031
0.110735201401
0.11073029547
0.11029591497
0.109753613075
0.109698216073
0.109860775696
0.109649329159
0.109990007906
0.110796189393
0.110813587892
0.109765634997
0.10939781819
0.110554927895
0.112503101251
0.114303793992
0.114882697928
0.113910390867
0.113774736498
0.113716427236
0.11296886709
0.111846143101
0.111009970917
0.113045900255
0.114605774927
0.112991201953
0.110403744599
0.110790308731
0.111619288754
0.112348955368
0.112725012783
0.113437283036
0.114262310031
0.115354718588
0.116199545389
0.116355606482
0.11607487644
0.115960738152
0.115881731197
0.115902329594
0.116038645382
0.116397612952
0.116419680538
0.116792256653
0.117192164124
0.117597350361
0.117989776942
0.118357885009
0.118437038766
0.118464499669
0.118425157193
0.118128506183
0.117760730039
0.117480468384
0.117499608037
0.11734656945
0.117129678792
0.117224434731
0.117251188637
0.117022779177
0.116933223075
0.117179920516
0.117790727603
0.118208639518
0.118179047405
0.118732316145
0.119889191354
0.121004305314
0.121154995648
0.120924220919
0.120696159658
0.120350001821
0.120111421064
0.120080993677
0.120035942992
0.120056739892
0.1203494309
0.120924281236
0.121850509778
0.122815553285
0.123259185313
0.123222690488
0.12291647329
0.122475677475
0.122060124453
0.121960304753
0.12228664978
0.123213958108
0.124596268074
0.126664847957
0.127867739515
0.127397347239
0.125144589301
0.122729965049
0.121997299907
0.122306229222
0.122887066108
0.12372519553
0.124691619418
0.125620117547
0.126691320239
0.127668341164
0.127906698851
0.127799019616
0.127576023761
0.127197425657
0.126835173063
0.126466373406
0.126213870553
0.126199422222
0.126442856407
0.127228342561
0.127581608914
0.12734501325
0.127056921283
0.127120138254
0.125424225091
0.123785847456
0.124048847007
0.12332583049
0.123482712171
0.123849138373
0.121474481241
0.120602896149
0.122255958925
0.121232617717
0.120139729416
0.119663212365
0.119262746606
0.118869449638
0.118761462983
0.118780960835
0.118854454752
0.118959705296
0.119280329602
0.119723754101
0.120127334604
0.12014902026
0.120077824505
0.120510260366
0.121312245124
0.121899826535
0.120129942746
0.115769741273
0.118174022148
0.120223234431
0.121247866573
0.121666389591
0.121762250517
0.121484933541
0.121220022525
0.121303260308
0.121482775246
0.121638121289
0.122220298226
0.123346063325
0.124746710883
0.126131785261
0.127223639523
0.128187161533
0.13027922519
0.132198323487
0.131183059246
0.13081928222
0.131176140406
0.131553552195
0.131916714988
0.132253536123
0.132541327407
0.13283926695
0.132951105396
0.132953387937
0.132962667973
0.132996810769
0.133046400877
0.133175025407
0.133510193675
0.133988569222
0.133981988163
0.134163530628
0.13446988307
0.134709866234
0.134972829031
0.135208900764
0.135458288305
0.13572510401
0.136107346774
0.136673026876
0.13745404042
0.138338974084
0.139176125948
0.139830657741
0.14043020437
0.14103971047
0.141651266972
0.142186230471
0.142655677179
0.143069394028
0.143385277775
0.143545460691
0.143532613005
0.143257801931
0.142662045172
0.142635158411
0.143543540466
0.144139731047
0.144184840561
0.143655420595
0.143012428069
0.14363584553
0.145858127664
0.145842858758
0.144164589838
0.142444251749
0.142309807467
0.142806388341
0.143339675874
0.14386038446
0.144420347166
0.144969738261
0.145317109514
0.145444800693
0.145420322628
0.145400833224
0.145347957478
0.145201531115
0.145046519076
0.14512212555
0.145429692693
0.145724268353
0.145844340144
0.14583903642
0.145810621283
0.145772355423
0.145767300318
0.14579845272
0.145879929105
0.146079747835
0.146463262785
0.146993565881
0.147668277631
0.148415998036
0.148975323315
0.1491401418
0.149166441261
0.148967551283
0.148411782988
0.147856817814
0.147474691618
0.14708180487
0.146985067384
0.146978878681
0.146913072334
0.146797805899
0.146666097039
0.146208473219
0.14547847371
0.144774250671
0.144358566244
0.144117223298
0.143768672242
0.143400704503
0.143556026936
0.144240627429
0.144723143964
0.144886127856
0.145033039116
0.145366037139
0.145860571461
0.146484672471
0.147173918363
0.14765047324
0.14782916285
0.147776178542
0.147816213573
0.148036734278
0.14829727337
0.148497132885
0.148508717028
0.148288392505
0.147976531938
0.147821495656
0.148023700346
0.148442658216
0.148753154087
0.149140854553
0.149934287122
0.151189723869
0.152860079099
0.154281772306
0.154551571036
0.153753148022
0.152421315455
0.151324654027
0.150710085374
0.150700404562
0.150598196399
0.150167767853
0.149530681303
0.149122241792
0.148910385675
0.148477867431
0.14788974643
0.147144315083
0.146430014359
0.145814341167
0.14532549805
0.144996413499
0.145045184444
0.145550807966
0.146559304856
0.147958463774
0.149298263587
0.149923075985
0.149733990212
0.149144542138
0.148531441554
0.147990244551
0.147528031686
0.147091835684
0.146710781567
0.146340988195
0.146262019445
0.146518589538
0.147131248033
0.147973105475
0.148922626666
0.149883465552
0.150948334549
0.152030209965
0.152903544929
0.153286705667
0.15331188376
0.153286035409
0.153348959025
0.153395027745
0.153168259823
0.152562566075
0.151764025347
0.151332971439
0.151771084368
0.152426463255
0.152920122314
0.153288612329
0.153705576606
0.154031535503
0.154155096891
0.15408665749
0.153994419487
0.154035792843
0.154052944229
0.153972715237
0.153895667326
0.15411668454
0.154759231442
0.155563506943
0.155969672729
0.156098236704
0.156184669576
0.15641842389
0.156606059929
0.156567975389
0.156281337757
0.155943582408
0.155646369969
0.155757172095
0.155729491331
0.155130044001
0.155448791925
0.156686590813
0.157616908377
0.157884693613
0.158060741605
0.158111799107
0.158185881982
0.158234287453
0.157903140952
0.157420797189
0.157565433049
0.158100163562
0.158069213826
0.157936201863
0.157971902749
0.158539102185
0.159021418721
0.159025763786
0.15853093596
0.157910627239
0.157728773505
0.15758851129
0.157153272662
0.15634233846
0.15555677584
0.155324251771
0.155919935691
0.156869757675
0.157214628478
0.156883672882
0.156045651363
0.15616705057
0.156929454802
0.157299862145
0.157309180916
0.157373525197
0.157535990051
0.157759414746
0.15772108296
0.157598464568
0.157481956543
0.157409403997
0.157254618297
0.157200447821
0.157398903804
0.157832841364
0.158480520039
0.158607757594
0.158843115079
0.159411132517
0.159841202842
0.159874124324
0.159848260219
0.160124339686
0.160184229779
0.159878938527
0.159419977703
0.159034196236
0.158596663399
0.158451816553
0.159509515561
0.161235570527
0.161499699284
0.161167503187
0.16115813108
0.161130958241
0.161098222378
0.161186064636
0.161561455741
0.162513335064
0.162938220306
0.162217003961
0.161575271999
0.161547101288
0.161132797446
0.160223362803
0.159440741044
0.159249661001
0.160135291604
0.161199795831
0.161989894611
0.16327401219
0.163706791075
0.162727067057
0.161654034081
0.161305268208
0.161274292581
0.161651134957
0.161614408453
0.16138625032
0.161717029435
0.16294195627
0.164237721241
0.165217299252
0.165767542053
0.165878889984
0.16579397846
0.165667177071
0.165717879304
0.165884291801
0.16604214958
0.165962571126
0.165843044014
0.165830515365
0.166151707174
0.16663935069
0.167395253948
0.168000150827
0.168450086753
0.16877482163
0.168762306596
0.168563574482
0.168177733587
0.167565846384
0.167541982646
0.167764946127
0.168046483566
0.168401376693
0.168755081942
0.1690254273
0.169066521609
0.169224123089
0.169458088652
0.169981868866
0.170396644443
0.170726860731
0.170566753319
0.170584886588
0.170513329647
0.170539858048
0.170688264651
0.170678162987
0.170781801021
0.171199670255
0.171672473831
0.171917870432
0.172248027724
0.172553840875
0.172726052235
0.172688238811
0.172390409378
0.172071359674
0.171716128528
0.172089239798
0.173621317483
0.174970904236
0.176180305355
0.175996278512
0.174327068175
0.172269670644
0.171603771023
0.171688012521
0.172202939716
0.172774733012
0.173091927427
0.173389352256
0.173993408881
0.175397944956
0.176819791145
0.177849314292
0.178206405035
0.17755621994
0.176515540124
0.17577442425
0.175093179188
0.174694821776
0.174970907549
0.17610704081
0.177378300114
0.178276008278
0.178510525071
0.178125591469
0.177323230561
0.17632085317
0.177055256391
0.179350265683
0.180931576036
0.181211015762
0.180653138374
0.179901704635
0.179379332006
0.179423142838
0.180281243616
0.181298434312
0.182342788791
0.183125420346
0.183799803404
0.184317061322
0.184218677145
0.183195055077
0.180272562933
0.175771427974
0.176432906333
0.180512344626
0.183311167515
0.185429122694
0.187022846482
0.188097925281
0.189010181608
0.189777007257
0.190710063713
0.191753674229
0.192616038611
0.193469650538
0.194147651227
0.194711059646
0.195152257833
0.195646294343
0.196242881216
0.196975939374
0.197812390853
0.198688156225
0.19960257547
0.200487420836
0.201371773816
0.201950805942
0.202195798733
0.202085367156
0.201570729035
0.200801844215
0.200465911886
0.200662998467
0.201134911663
0.201675563813
0.202190899916
0.202476854068
0.202509141815
0.202467408288
0.202569506802
0.20290217629
0.203337954151
0.20370125627
0.203836922213
0.203465457523
0.203009808741
0.202668005574
0.202572522518
0.2036099694
0.205435359788
0.205891677249
0.206027400034
0.206380922901
0.206515952409
0.206274681824
0.206341902758
0.207092698857
0.208033838623
0.208503428606
0.208792848694
0.208609088159
0.208268052679
0.209007514762
0.210240409031
0.210736548298
0.210539534321
0.210551788332
0.210883728206
0.2108145115
0.210624513618
0.210616318466
0.210571176247
0.210618775541
0.210612009557
0.210800505664
0.211468985586
0.212598504758
0.213798508623
0.214292553819
0.213873524921
0.213036118177
0.212225792941
0.211705724094
0.211460587714
0.211410601807
0.211511507499
0.211618544611
0.211685665671
0.211806841385
0.211895343493
0.211844716992
0.211597781439
0.211257869358
0.210780869991
0.210362818737
0.20993482976
0.209463271518
0.208951201775
0.208224260467
0.207159214634
0.205741261271
0.203735226145
0.201757439949
0.200633391499
0.201048910015
0.203232781096
0.205565197511
0.207051761905
0.207598193779
0.207242523881
0.206532799951
0.205797926281
0.205636164181
0.206331117524
0.206917925698
0.207332479678
0.208123324219
0.20906048882
0.210615458344
0.21241331086
0.213920705459
0.215237779605
0.216399086163
0.217524777438
0.218810124991
0.219926527479
0.220763298033
0.22166432274
0.222793857356
0.22399101051
0.225227404874
0.226124111965
0.226802578752
0.227480112609
0.22850317449
0.229467271277
0.230481538418
0.231460850674
0.232363614728
0.233112105632
0.233970765956
0.234692596169
0.235313456452
0.235947345532
0.236392747762
0.236890304727
0.237386597738
0.237808793777
0.238311157317
0.23882048276
0.239426301971
0.240146900378
0.240763532761
0.240998936842
0.24097148811
0.240815923302
0.240562913922
0.240420436024
0.240327201662
0.240175082814
0.240040559644
0.239932088023
0.239934809391
0.239958515586
0.240038241151
0.240100402442
0.240153266983
0.240026422303
0.239926413873
0.23987915119
0.239786752697
0.239532181375
0.239198324117
0.238825473443
0.238517209168
0.238256828609
0.23799534013
0.237689106649
0.237435076222
0.23721235875
0.237118853979
0.237180477409
0.237299590002
0.237426597627
0.237666082043
0.238090833739
0.238376077423
0.238627100701
0.238857387001
0.238855379443
0.23876808002
0.238769434655
0.23892879489
