#Prior accumulation for TALDICE from AICC2012.
0.08743
0.08743
0.08743
0.08743
0.08743
0.08743
0.08743
0.08743
0.08743
0.08743
0.08743
0.08743
0.08743
0.08743
0.08743
0.08743
0.08739
0.07904
0.07904
0.07904
0.07904
0.07904
0.07904
0.07904
0.07904
0.07904
0.07904
0.07904
0.07908
0.08069
0.08069
0.08069
0.08069
0.08069
0.08069
0.08069
0.08069
0.08069
0.08069
0.08063
0.07925
0.07925
0.07925
0.07925
0.07925
0.07925
0.07925
0.07925
0.07925
0.07905
0.07617
0.07617
0.07617
0.07617
0.07617
0.07617
0.07617
0.07617
0.0759
0.07273
0.07273
0.07273
0.07273
0.07273
0.07273
0.07273
0.07299
0.07677
0.07677
0.07677
0.07677
0.07677
0.07677
0.07677
0.07685
0.07871
0.07871
0.07871
0.07871
0.07871
0.07871
0.07871
0.07867
0.07737
0.07737
0.07737
0.07737
0.07737
0.07737
0.07737
0.07744
0.07832
0.07832
0.07832
0.07832
0.07832
0.07832
0.07832
0.07883
0.08298
0.08298
0.08298
0.08298
0.08298
0.08298
0.08297
0.07851
0.07851
0.07851
0.07851
0.07851
0.07851
0.07851
0.07842
0.07749
0.07749
0.07749
0.07749
0.07749
0.07749
0.07757
0.07862
0.07862
0.07862
0.07862
0.07862
0.07862
0.07873
0.08129
0.08129
0.08129
0.08129
0.08129
0.08129
0.08129
0.08066
0.07582
0.07582
0.07582
0.07582
0.07582
0.07584
0.08367
0.08367
0.08367
0.08367
0.08367
0.08367
0.08367
0.08324
0.07741
0.07741
0.07741
0.07741
0.07741
0.07741
0.07746
0.07811
0.07811
0.07811
0.07811
0.07811
0.07811
0.07843
0.08188
0.08188
0.08188
0.08188
0.08188
0.08188
0.08191
0.08254
0.08254
0.08254
0.08254
0.08254
0.08254
0.08256
0.0835
0.0835
0.0835
0.0835
0.0835
0.0835
0.0835
0.08261
0.07606
0.07606
0.07606
0.07606
0.07606
0.07629
0.08121
0.08121
0.08121
0.08121
0.08121
0.08121
0.08124
0.08187
0.08187
0.08187
0.08187
0.08187
0.08187
0.08203
0.08561
0.08561
0.08561
0.08561
0.08561
0.08561
0.0856
0.08208
0.08208
0.08208
0.08208
0.08208
0.08208
0.08213
0.08477
0.08477
0.08477
0.08477
0.08477
0.08477
0.08477
0.08424
0.08066
0.08066
0.08066
0.08066
0.08066
0.08063
0.08007
0.08007
0.08007
0.08007
0.08007
0.08007
0.07998
0.07911
0.07911
0.07911
0.07911
0.07911
0.07918
0.08229
0.08229
0.08229
0.08229
0.08229
0.08229
0.08205
0.0785
0.0785
0.0785
0.0785
0.0785
0.07852
0.08372
0.08372
0.08372
0.08372
0.08372
0.08372
0.08353
0.07939
0.07939
0.07939
0.07939
0.07939
0.07939
0.07949
0.08022
0.08022
0.08022
0.08022
0.08022
0.08041
0.08267
0.08267
0.08267
0.08267
0.08267
0.08267
0.08202
0.07793
0.07793
0.07793
0.07793
0.07793
0.07809
0.07928
0.07928
0.07928
0.07928
0.07928
0.07967
0.08348
0.08348
0.08348
0.08348
0.08348
0.08348
0.08352
0.08352
0.08352
0.08352
0.08352
0.08352
0.08327
0.08114
0.08114
0.08114
0.08114
0.08114
0.08072
0.07597
0.07597
0.07597
0.07597
0.07597
0.07678
0.08394
0.08394
0.08394
0.08394
0.08394
0.08355
0.07727
0.07727
0.07727
0.07727
0.07727
0.07755
0.08058
0.08058
0.08058
0.08058
0.08058
0.08078
0.0832
0.0832
0.0832
0.0832
0.0832
0.08292
0.07807
0.07807
0.07807
0.07807
0.07807
0.07806
0.07805
0.07805
0.07805
0.07805
0.07805
0.07812
0.07861
0.07861
0.07861
0.07861
0.07868
0.08431
0.08431
0.08431
0.08431
0.08431
0.08431
0.08298
0.07538
0.07538
0.07538
0.07538
0.07544
0.07593
0.07593
0.07593
0.07593
0.07583
0.06989
0.06989
0.06989
0.06989
0.07007
0.07878
0.07878
0.07878
0.07878
0.07878
0.07869
0.07778
0.07778
0.07778
0.07778
0.07771
0.07149
0.07149
0.07149
0.07149
0.07157
0.07981
0.07981
0.07981
0.07981
0.07981
0.07914
0.07287
0.07287
0.07287
0.07287
0.07305
0.07488
0.07488
0.07488
0.07488
0.07507
0.07789
0.07789
0.07789
0.07789
0.07789
0.0772
0.07368
0.07368
0.07368
0.07368
0.07404
0.07592
0.07592
0.07592
0.07592
0.07631
0.07868
0.07868
0.07868
0.07868
0.07831
0.07533
0.07533
0.07533
0.07533
0.07531
0.07521
0.07521
0.07521
0.07521
0.07559
0.07884
0.07884
0.07884
0.07884
0.07877
0.07796
0.07796
0.07796
0.07796
0.07748
0.07022
0.07022
0.07022
0.07022
0.07052
0.07242
0.07242
0.07242
0.07242
0.07204
0.07029
0.07029
0.07029
0.07046
0.07195
0.07195
0.07195
0.07195
0.0721
0.07289
0.07289
0.07289
0.07289
0.07288
0.07288
0.07288
0.07288
0.073
0.07374
0.07374
0.07374
0.07369
0.07204
0.07204
0.07204
0.07204
0.07196
0.07148
0.07148
0.07148
0.07127
0.0685
0.0685
0.0685
0.06855
0.06992
0.06992
0.06992
0.06992
0.06986
0.06957
0.06957
0.06957
0.0699
0.07167
0.07167
0.07167
0.07105
0.06653
0.06653
0.06653
0.06717
0.07144
0.07144
0.07144
0.07147
0.07179
0.07179
0.07179
0.07176
0.0714
0.0714
0.0714
0.07141
0.07161
0.07161
0.07161
0.07163
0.07319
0.07319
0.07319
0.07319
0.07306
0.07248
0.07248
0.07248
0.07246
0.07236
0.07236
0.07236
0.07275
0.0747
0.0747
0.0747
0.07477
0.07519
0.07519
0.07519
0.07503
0.07394
0.07394
0.07394
0.07432
0.07696
0.07696
0.07696
0.07708
0.0782
0.0782
0.0782
0.07824
0.07888
0.07888
0.07888
0.07885
0.07467
0.07467
0.07467
0.07471
0.07607
0.07607
0.07607
0.07607
0.07601
0.07601
0.07601
0.07604
0.07652
0.07652
0.07652
0.07624
0.07304
0.07304
0.07304
0.07359
0.07713
0.07713
0.07713
0.07708
0.07684
0.07684
0.07684
0.07627
0.07375
0.07375
0.07374
0.07355
0.07355
0.07355
0.07363
0.07422
0.07422
0.07422
0.07428
0.07453
0.07453
0.07453
0.0746
0.0746
0.0746
0.07441
0.07341
0.07341
0.07349
0.07672
0.07672
0.07672
0.07683
0.07767
0.07767
0.07767
0.07595
0.06891
0.06891
0.06985
0.07548
0.07548
0.07548
0.07541
0.07515
0.07515
0.07501
0.07416
0.07416
0.07426
0.07731
0.07731
0.07731
0.07659
0.07282
0.07282
0.07302
0.07503
0.07503
0.07503
0.07402
0.07052
0.07052
0.0716
0.07622
0.07622
0.07635
0.07742
0.07742
0.07742
0.07711
0.07602
0.07602
0.07622
0.0772
0.0772
0.07711
0.07623
0.07623
0.07623
0.07593
0.07493
0.07493
0.07533
0.07695
0.07695
0.07606
0.07131
0.07131
0.07074
0.06788
0.06788
0.06875
0.07246
0.07246
0.0716
0.06809
0.06809
0.06827
0.06886
0.06886
0.06767
0.06433
0.06374
0.06
0.06
0.06083
0.06326
0.06292
0.06048
0.06048
0.06021
0.05944
0.05935
0.0589
0.05889
0.05753
0.05753
0.05787
0.05885
0.05838
0.0562
0.05633
0.05791
0.05791
0.0583
0.05934
0.05917
0.05854
0.05852
0.05836
0.05836
0.05805
0.0573
0.05712
0.05659
0.05714
0.05927
0.05915
0.0581
0.0581
0.05772
0.05686
0.05748
0.05921
0.05888
0.0577
0.05759
0.05697
0.05712
0.05916
0.05916
0.05967
0.06096
0.0604
0.05863
0.05897
0.06045
0.06072
0.06447
0.06447
0.06539
0.0683
0.06795
0.06468
0.06468
0.06568
0.0686
0.06853
0.0681
0.0681
0.06779
0.06689
0.06622
0.06301
0.06286
0.05994
0.05994
0.06031
0.06117
0.06089
0.06015
0.05995
0.0593
0.06016
0.06379
0.06356
0.06037
0.06037
0.05899
0.05613
0.0562
0.05634
0.05677
0.05769
0.05752
0.05716
0.05696
0.05654
0.05705
0.0582
0.05753
0.05603
0.05549
0.05435
0.05384
0.05279
0.05185
0.05153
0.05011
0.05036
0.05102
0.05168
0.05314
0.05223
0.05013
0.04684
0.04668
0.04631
0.04647
0.04638
0.04513
0.04557
0.04605
0.04306
0.044
0.04576
0.0429
0.04287
0.04282
0.04286
0.0426
0.04173
0.04019
0.04053
0.04138
0.04208
0.04186
0.04068
0.04036
0.04362
0.04228
0.04005
0.03981
0.04121
0.04126
0.0414
0.04154
0.04179
0.04194
0.04154
0.04162
0.04191
0.04179
0.04037
0.04021
0.04014
0.04068
0.04147
0.04136
0.04139
0.0418
0.04213
0.04189
0.04066
0.03929
0.03999
0.04003
0.03998
0.04004
0.04062
0.04013
0.0392
0.03892
0.0391
0.03888
0.03952
0.04005
0.03988
0.04061
0.04129
0.04222
0.04206
0.04164
0.04131
0.041
0.04139
0.04175
0.04123
0.04079
0.04103
0.04096
0.04141
0.04187
0.04235
0.0418
0.04091
0.04087
0.03986
0.03898
0.04019
0.04176
0.04126
0.04044
0.04
0.03975
0.04043
0.04127
0.04227
0.04168
0.04085
0.04082
0.04021
0.03933
0.03885
0.03891
0.04028
0.04079
0.04067
0.03958
0.03916
0.03908
0.04032
0.03993
0.03897
0.03855
0.03882
0.03846
0.03787
0.03802
0.0394
0.04113
0.04286
0.04137
0.04078
0.04216
0.04253
0.04235
0.04056
0.03916
0.03886
0.03925
0.04091
0.0415
0.04252
0.04284
0.0427
0.04258
0.04197
0.04161
0.04141
0.04382
0.04628
0.04377
0.04287
0.0418
0.04221
0.04213
0.04038
0.03882
0.03876
0.03934
0.03863
0.03908
0.04006
0.03904
0.03887
0.03896
0.03776
0.03783
0.03982
0.04073
0.03966
0.03906
0.03921
0.03909
0.03909
0.03987
0.04041
0.04145
0.04259
0.04169
0.04088
0.04133
0.04178
0.04167
0.04129
0.04101
0.04049
0.03852
0.03704
0.03952
0.04199
0.04333
0.04489
0.04372
0.04311
0.04349
0.04228
0.04193
0.04271
0.04222
0.04145
0.04162
0.04159
0.04072
0.0408
0.04173
0.04175
0.04211
0.04271
0.04331
0.0442
0.04443
0.04449
0.04511
0.04517
0.04468
0.04551
0.04586
0.04488
0.04465
0.04503
0.04405
0.04314
0.0424
0.04136
0.04081
0.0404
0.04122
0.0427
0.04357
0.04384
0.04398
0.04371
0.04321
0.04371
0.04471
0.04426
0.04288
0.04283
0.0436
0.04467
0.04557
0.04624
0.04711
0.04755
0.04793
0.04924
0.05122
0.05242
0.05257
0.05187
0.04927
0.04779
0.04885
0.04895
0.04808
0.04872
0.05006
0.04984
0.04794
0.0469
0.04774
0.04805
0.04755
0.047
0.04586
0.04522
0.04474
0.04379
0.04343
0.04327
0.04059
0.03978
0.03971
0.0418
0.04338
0.04329
0.04288
0.04249
0.04265
0.04312
0.04297
0.04107
0.04123
0.0404
0.04011
0.04133
0.0413
0.04184
0.04229
0.0438
0.04491
0.04548
0.0445
0.04333
0.04282
0.04191
0.04245
0.04293
0.04262
0.04065
0.04091
0.04108
0.0417
0.04262
0.04464
0.04552
0.04377
0.0439
0.0443
0.04506
0.0472
0.04586
0.04525
0.04687
0.04794
0.04712
0.04722
0.04622
0.04553
0.04553
0.04603
0.04616
0.04588
0.04473
0.04484
0.04471
0.0428
0.04322
0.0436
0.04363
0.04279
0.0428
0.04327
0.04303
0.04691
0.0467
0.04613
0.04595
0.04655
0.0463
0.0467
0.04942
0.0494
0.04962
0.04953
0.04838
0.04901
0.04947
0.04983
0.05029
0.05189
0.05287
0.05406
0.05502
0.0558
0.05566
0.05544
0.05543
0.05466
0.05495
0.05539
0.05523
0.05468
0.05272
0.05257
0.05212
0.05186
0.05149
0.05024
0.05033
0.05279
0.05177
0.05103
0.05098
0.05038
0.04766
0.04759
0.048
0.04795
0.04728
0.04739
0.0477
0.04791
0.04973
0.04977
0.0488
0.04918
0.04961
0.05081
0.05099
0.05061
0.04955
0.04735
0.04804
0.04845
0.04996
0.04974
0.04866
0.04868
0.04929
0.04896
0.04857
0.05003
0.04945
0.04813
0.04856
0.04966
0.05127
0.0513
0.05095
0.0511
0.05125
0.05105
0.05062
0.04973
0.05016
0.05089
0.05028
0.05061
0.05142
0.05446
0.05451
0.05478
0.05463
0.05381
0.05351
0.05295
0.05163
0.0512
0.05094
0.05209
0.05156
0.04948
0.04807
0.04955
0.05192
0.05109
0.049
0.04716
0.0457
0.04425
0.04403
0.046
0.04835
0.04901
0.04888
0.04909
0.05025
0.05139
0.05122
0.05183
0.05292
0.05303
0.05121
0.05237
0.05495
0.05721
0.0564
0.05573
0.05625
0.05601
0.0553
0.05472
0.05475
0.05492
0.05418
0.05408
0.05337
0.05214
0.05133
0.05107
0.05144
0.05225
0.05228
0.05168
0.05122
0.04782
0.04734
0.0472
0.04572
0.04517
0.04464
0.04418
0.04859
0.04984
0.05012
0.04665
0.04671
0.04766
0.04798
0.04713
0.04548
0.04655
0.04662
0.04635
0.04603
0.04542
0.04505
0.04677
0.04672
0.04634
0.04707
0.04894
0.05311
0.05496
0.05583
0.05473
0.05423
0.05243
0.04941
0.05142
0.05268
0.05866
0.06037
0.06049
0.05893
0.05369
0.05276
0.05253
0.05527
0.0552
0.05443
0.05475
0.05604
0.05664
0.05805
0.05911
0.06154
0.06174
0.06293
0.06288
0.06335
0.06706
0.06755
0.06738
0.06381
0.06366
0.06316
0.06147
0.05966
0.05584
0.05204
0.05021
0.05084
0.05342
0.05654
0.05844
0.05917
0.05974
0.06045
0.06076
0.06198
0.06394
0.06383
0.06355
0.06339
0.06231
0.0622
0.06169
0.06181
0.06179
0.06091
0.06101
0.06068
0.05947
0.05913
0.06046
0.0623
0.06307
0.05643
0.05477
0.05362
0.05353
0.05807
0.06
0.06117
0.07015
0.06755
0.06254
0.05789
0.05813
0.05804
0.05814
0.05894
0.06062
0.0614
0.06374
0.06468
0.07501
0.07896
0.08446
0.08375
0.08232
0.08155
0.0802
0.07901
0.07745
0.07709
0.07696
0.07721
0.07656
0.07556
0.07493
0.07435
0.07429
0.07495
0.08273
0.08586
0.08802
0.09199
0.09823
0.09852
0.09688
0.0947
0.09424
0.08861
0.08078
0.07817
0.07504
0.06954
0.06496
0.05873
0.05595
0.05303
0.04924
0.0428
0.04274
0.04132
0.04142
0.04171
0.04272
0.04301
0.04441
0.04488
0.04294
0.04374
0.04679
0.04818
0.04613
0.0464
0.0467
0.04682
0.04628
0.04572
0.04403
0.04212
0.04492
0.05086
0.05322
0.048
0.04529
0.04509
0.04544
0.04547
0.04482
0.04504
0.04558
0.04532
0.04475
0.04515
0.04582
0.04593
0.04588
0.04778
0.05156
0.05276
0.04754
0.04588
0.04497
0.04433
0.04437
0.04579
0.04772
0.05044
0.0473
0.04402
0.04337
0.04336
0.04486
0.04561
0.04617
0.04367
0.04245
0.04261
0.04389
0.04693
0.05238
0.05357
