#Relative density at TALDICE from the gnumeric model.
0.38167938931298
0.39407146958902
0.40660131408797
0.41925389693514
0.4320135593301
0.44486408260759
0.45778876741902
0.47077051825477
0.48379193242714
0.49683539254819
0.50988316146891
0.52291747859795
0.53592065649098
0.54887517659627
0.56176378305893
0.57456957352423
0.58727608593906
0.5998301473732
0.60688059192158
0.61388677770787
0.62084610918705
0.62775606578889
0.63461420511207
0.64141816586478
0.64816567054651
0.65485452786713
0.66148263490074
0.66804797897288
0.67454863928134
0.68098278825166
0.68734869262978
0.69364471431556
0.69986931094166
0.70602103620358
0.71209853994733
0.71810056802239
0.72402596190789
0.72987365812134
0.73564268741907
0.74133217379881
0.74694133331474
0.75246947271608
0.75791598792029
0.76328036233251
0.7685621650227
0.77376104877208
0.77887674800081
0.78390907658809
0.78885792559665
0.79372326091257
0.79850512081166
0.80320361346337
0.80781891438247
0.81235126383894
0.81680096423566
0.82116837746347
0.82545392224237
0.82965807145762
0.83378134949851
0.83782432960764
0.84178763124763
0.84567191749204
0.84947789244645
0.85320629870556
0.85685791485136
0.86043355299708
0.86393405638132
0.86736029701599
0.87071317339154
0.8739936082425
0.87720254637571
0.88034095256358
0.88340980950418
0.88641011584949
0.8893428843031
0.89220913978808
0.89500991768559
0.89756382697824
0.90011603263886
0.9026608760735
0.90519294985534
0.90770712651773
0.91019858206714
0.91266281435181
0.91509565650917
0.91749328578467
0.91985222806691
0.92216935852005
0.92444189871629
0.92666741068017
0.92884378825517
0.93096924619279
0.93304230734731
0.93506178833752
0.93702678401098
0.93893665101852
0.94079099077802
0.94258963207668
0.94433261353302
0.94602016611146
0.94765269585653
0.94923076698866
0.95075508548108
0.95222648321613
0.9536459028002
0.95501438309972
0.95633304554466
0.95760308123272
0.95882573885509
0.96000231345396
0.9611341360127
0.9622225638716
0.96326897195504
0.96427474479005
0.96524126929139
0.96616992828409
0.96706209473114
0.96791912663137
0.96874236255073
0.96953311774885
0.97029268086182
0.97102231110194
0.97172323593527
0.97239664919833
0.97304370961597
0.97366553968364
0.97426322487876
0.97483781316697
0.97539031477128
0.97592170217355
0.97643291031962
0.97692483700164
0.97740170470109
0.9778679359635
0.97832357523825
0.9787686777597
0.97920330911152
0.97962754478323
0.98004146972003
0.98044517786725
0.98083877171083
0.98122236181487
0.98159606635771
0.98196001066747
0.98231432675856
0.98265915286993
0.98299463300651
0.98332091648461
0.98363815748247
0.98394651459693
0.98424615040701
0.98453723104548
0.98481992577897
0.98509440659775
0.98536084781553
0.98561942568021
0.98587031799603
0.9861137037578
0.98634976279756
0.98657867544422
0.98680062219653
0.9870157834097
0.98722433899592
0.98742646813906
0.98762234902365
0.98781215857832
0.98799607223366
0.98817426369467
0.98834690472765
0.98851416496142
0.98867621170295
0.98883320976702
0.98898532131983
0.98913270573629
0.98927551947081
0.9894139159411
0.98954804542489
0.98967805496903
0.98980408831072
0.98992628581037
0.99004478439574
0.99015971751698
0.99027121511194
0.9903794035815
0.99048440577432
0.99058634098061
0.99068532493437
0.99078146982371
0.99087488430866
0.99096567354607
0.99105393922114
0.99113977958496
0.99122328949779
0.99130456047753
0.99138368075279
0.99146073532045
0.99153580600692
0.99160897153293
0.99168030758138
0.99174988686775
0.9918177792129
0.99188405161776
0.99194876833954
0.99201199096927
0.99207377851026
0.99213418745719
0.99219327187562
0.99225108348157
0.99230767172097
0.99236308384884
0.99241736500782
0.99247055830599
0.99252270489377
0.99257384403971
0.99262401320505
0.99267324811696
0.99272158284025
0.99276904984751
0.9928156800876
0.99286150305238
0.99290654684164
0.99295083822612
0.99299440270873
0.99303726458371
0.99307944699389
0.99312097198598
0.99316186056386
0.99320213273991
0.99324180758435
0.99328090327263
0.99331943713091
0.9933574256796
0.99339488467506
0.99343182914943
0.99346827344871
0.99350423126897
0.99353971569102
0.99357473921326
0.99360931378298
0.99364345082615
0.99367716127555
0.99371045559761
0.99374334381774
0.99377583554435
0.99380793999153
0.99383966600058
0.99387102206023
0.99390201632583
0.99393265663737
0.99396295053657
0.99399290528284
0.99402252786845
0.99405182503275
0.99408080327552
0.99410946886956
0.99413782787254
0.9941658861381
0.99419364932629
0.99422112291341
0.99424831220118
0.99427522232543
0.9943018582642
0.99432822484538
0.99435432675387
0.99438016853829
0.99440575461729
0.99443108928552
0.99445617671913
0.99448102098109
0.99450562602603
0.99452999570492
0.99455413376939
0.99457804387584
0.9946017295893
0.99462519438707
0.9946484416621
0.99467147472628
0.99469429681346
0.99471691108234
0.99473932061918
0.9947615284404
0.99478353749501
0.99480535066691
0.9948269707771
0.99484840058576
0.99486964279423
0.99489070004688
0.99491157493292
0.99493226998808
0.99495278769626
0.99497313049108
0.99499330075735
0.9950133008325
0.99503313300793
0.99505279953032
0.99507230260286
0.99509164438645
0.99511082700084
0.99512985252577
0.99514872300197
0.99516744043222
0.99518600678232
0.99520442398203
0.99522269392598
0.99524081847455
0.99525879945475
0.99527663866097
0.99529433785584
0.99531189877096
0.99532932310763
0.99534661253759
0.99536376870373
0.99538079322069
0.99539768767558
0.9954144536286
0.9954310926136
0.99544760613874
0.99546399568702
0.99548026271686
0.99549640866263
0.99551243493518
0.99552834292235
0.99554413398947
0.99555980947986
0.99557537071525
0.99559081899629
0.99560615560296
0.99562138179503
0.99563649881245
0.99565150787579
0.99566641018661
0.99568120692785
0.99569589926426
0.9957104883427
0.99572497529251
0.99573936122592
0.99575364723831
0.9957678344086
0.99578192379955
0.99579591645806
0.99580981341554
0.99582361568813
0.99583732427704
0.99585094016885
0.99586446433572
0.99587789773577
0.99589124131323
0.9959044959988
0.99591766270982
0.99593074235059
0.99594373581256
0.99595664397459
0.99596946770316
0.99598220785265
0.99599486526549
0.99600744077242
0.99601993519267
0.99603234933421
0.99604468399391
0.99605693995776
0.99606911800105
0.99608121888856
0.99609324337474
0.99610519220392
0.99611706611045
0.99612886581888
0.99614059204413
0.99615224549167
0.99616382685768
0.99617533682918
0.99618677608421
0.99619814529197
0.99620944511299
0.99622067619924
0.99623183919429
0.99624293473347
0.99625396344397
0.99626492594499
0.99627582284789
0.99628665475627
0.99629742226615
0.99630812596606
0.99631876643716
0.99632934425338
0.99633985998152
0.99635031418137
0.9963607074058
0.99637104020092
0.99638131310613
0.99639152665425
0.99640168137163
0.99641177777825
0.9964218163878
0.9964317977078
0.99644172223968
0.99645159047888
0.99646140291493
0.99647116003158
0.99648086230682
0.99649051021304
0.99650010421705
0.99650964478023
0.99651913235853
0.99652856740263
0.99653795035799
0.99654728166489
0.99655656175857
0.99656579106925
0.99657497002224
0.99658409903801
0.99659317853221
0.99660220891583
0.99661119059518
0.996620123972
0.99662900944354
0.99663784740258
0.99664663823753
0.99665538233248
0.99666408006726
0.9966727318175
0.9966813379547
0.99668989884627
0.9966984148556
0.99670688634211
0.99671531366132
0.99672369716487
0.99673203720062
0.99674033411266
0.9967485882414
0.99675679992357
0.99676496949233
0.99677309727726
0.99678118360448
0.99678922879661
0.99679723317289
0.99680519704919
0.99681312073805
0.99682100454876
0.99682884878736
0.99683665375671
0.99684441975654
0.99685214708346
0.99685983603102
0.99686748688974
0.99687509994719
0.99688267548796
0.99689021379376
0.99689771514342
0.99690517981295
0.99691260807555
0.99692000020167
0.99692735645905
0.99693467711273
0.99694196242509
0.99694921265592
0.99695642806238
0.99696360889912
0.99697075541824
0.99697786786936
0.99698494649964
0.99699199155382
0.99699900327423
0.99700598190084
0.99701292767129
0.99701984082088
0.99702672158267
0.99703357018744
0.99704038686376
0.99704717183799
0.99705392533432
0.9970606475748
0.99706733877937
0.99707399916587
0.99708062895006
0.99708722834566
0.9970937975644
0.99710033681599
0.99710684630816
0.99711332624673
0.99711977683556
0.99712619827663
0.99713259077003
0.997138954514
0.99714528970496
0.99715159653748
0.99715787520437
0.99716412589665
0.99717034880362
0.99717654411281
0.99718271201007
0.99718885267954
0.99719496630371
0.99720105306339
0.99720711313779
0.99721314670449
0.99721915393947
0.99722513501713
0.99723109011033
0.99723701939038
0.99724292302705
0.99724880118863
0.99725465404189
0.99726048175214
0.99726628448325
0.99727206239762
0.99727781565625
0.99728354441871
0.99728924884319
0.99729492908649
0.99730058530408
0.99730621765003
0.99731182627711
0.99731741133678
0.99732297297918
0.99732851135315
0.99733402660627
0.99733951888486
0.99734498833399
0.99735043509748
0.99735585931794
0.99736126113678
0.9973666406942
0.99737199812922
0.9973773335797
0.99738264718233
0.99738793907266
0.99739320938511
0.99739845825297
0.99740368580843
0.99740889218257
0.9974140775054
0.99741924190583
0.99742438551175
0.99742950844994
0.99743461084619
0.99743969282523
0.99744475451078
0.99744979602554
0.99745481749123
0.99745981902856
0.99746480075727
0.99746976279613
0.99747470526296
0.99747962827462
0.99748453194704
0.99748941639521
0.9974942817332
0.99749912807417
0.99750395553039
0.99750876421323
0.99751355423316
0.99751832569979
0.99752307872188
0.99752781340729
0.99753252986307
0.99753722819541
0.99754190850968
0.9975465709104
0.99755121550131
0.99755584238531
0.99756045166452
0.99756504344026
0.99756961781306
0.9975741748827
0.99757871474814
0.99758323750764
0.99758774325865
0.99759223209792
0.99759670412141
0.9976011594244
0.99760559810141
0.99761002024625
0.99761442595201
0.9976188153111
0.9976231884152
0.99762754535533
0.9976318862218
0.99763621110424
0.99764052009164
0.99764481327229
0.99764909073383
0.99765335256326
0.99765759884691
0.99766182967049
0.99766604511907
0.99767024527708
0.99767443022833
0.99767860005603
0.99768275484275
0.99768689467049
0.99769101962061
0.99769512977389
0.99769922521055
0.99770330601017
0.9977073722518
0.99771142401389
0.99771546137433
0.99771948441046
0.99772349319903
0.99772748781627
0.99773146833785
0.99773543483888
0.99773938739396
0.99774332607715
0.99774725096197
0.99775116212142
0.99775505962799
0.99775894355365
0.99776281396986
0.99776667094758
0.99777051455726
0.99777434486886
0.99777816195185
0.99778196587521
0.99778575670744
0.99778953451656
0.9977932993701
0.99779705133515
0.99780079047831
0.99780451686573
0.9978082305631
0.99781193163564
0.99781562014814
0.99781929616495
0.99782295974994
0.99782661096658
0.99783024987789
0.99783387654647
0.99783749103446
0.99784109340361
0.99784468371525
0.99784826203027
0.99785182840916
0.997855382912
0.99785892559847
0.99786245652784
0.99786597575899
0.99786948335038
0.99787297936011
0.99787646384587
0.99787993686498
0.99788339847436
0.99788684873056
0.99789028768975
0.99789371540774
0.99789713193995
0.99790053734144
0.99790393166693
0.99790731497074
0.99791068730687
0.99791404872892
0.99791739929019
0.9979207390436
0.99792406804173
0.99792738633681
0.99793069398075
0.9979339910251
0.99793727752108
0.9979405535196
0.99794381907121
0.99794707422615
0.99795031903434
0.99795355354536
0.99795677780849
0.99795999187268
0.99796319578658
0.99796638959852
0.99796957335653
0.99797274710831
0.99797591090128
0.99797906478257
0.99798220879897
0.99798534299701
0.9979884674229
0.99799158212259
0.99799468714171
0.99799778252561
0.99800086831937
0.99800394456777
0.99800701131533
0.99801006860626
0.99801311648452
0.99801615499379
0.99801918417748
0.99802220407872
0.99802521474038
0.99802821620507
0.99803120851513
0.99803419171264
0.99803716583942
0.99804013093704
0.99804308704679
0.99804603420974
0.99804897246669
0.9980519018582
0.99805482242456
0.99805773420585
0.99806063724188
0.99806353157222
0.99806641723621
0.99806929427295
0.9980721627213
0.99807502261989
0.99807787400711
0.99808071692111
0.99808355139985
0.99808637748101
0.99808919520209
0.99809200460033
0.99809480571278
0.99809759857624
0.99810038322731
0.99810315970236
0.99810592803756
0.99810868826884
0.99811144043195
0.99811418456241
0.99811692069553
0.99811964886641
0.99812236910995
0.99812508146085
0.99812778595359
0.99813048262247
0.99813317150157
0.99813585262478
0.9981385260258
0.99814119173811
0.99814384979503
0.99814650022965
0.99814914307489
0.99815177836348
0.99815440612796
0.99815702640067
0.99815963921378
0.99816224459926
0.99816484258891
0.99816743321435
0.99817001650699
0.9981725924981
0.99817516121875
0.99817772269982
0.99818027697205
0.99818282406598
0.99818536401198
0.99818789684025
0.99819042258082
0.99819294126355
0.99819545291813
0.99819795757409
0.99820045526078
0.9982029460074
0.99820542984297
0.99820790679637
0.99821037689629
0.99821284017129
0.99821529664974
0.99821774635989
0.99822018932979
0.99822262558737
0.99822505516038
0.99822747807643
0.99822989436297
0.99823230404732
0.99823470715661
0.99823710371785
0.9982394937579
0.99824187730346
0.99824425438109
0.99824662501721
0.99824898923809
0.99825134706985
0.99825369853849
0.99825604366983
0.99825838248959
0.99826071502333
0.99826304129647
0.99826536133431
0.99826767516198
0.99826998280451
0.99827228428677
0.99827457963351
0.99827686886935
0.99827915201876
0.99828142910609
0.99828370015557
0.99828596519128
0.99828822423718
0.9982904773171
0.99829272445476
0.99829496567373
0.99829720099747
0.9982994304493
0.99830165405244
0.99830387182997
0.99830608380485
0.99830828999993
0.99831049043791
0.99831268514142
0.99831487413292
0.99831705743479
0.99831923506926
0.99832140705848
0.99832357342446
0.99832573418909
0.99832788937417
0.99833003900137
0.99833218309225
0.99833432166826
0.99833645475073
0.9983385823609
0.99834070451987
0.99834282124867
0.99834493256818
0.99834703849921
0.99834913906244
0.99835123427844
0.99835332416769
0.99835540875056
0.99835748804731
0.99835956207812
0.99836163086302
0.99836369442199
0.99836575277487
0.99836780594141
0.99836985394128
0.99837189679403
0.99837393451911
0.99837596713587
0.99837799466359
0.99838001712141
0.9983820345284
0.99838404690353
0.99838605426569
0.99838805663363
0.99839005402606
0.99839204646157
0.99839403395864
0.99839601653569
0.99839799421104
0.9983999670029
0.99840193492942
0.99840389800862
0.99840585625848
0.99840780969684
0.99840975834149
0.99841170221012
0.99841364132032
0.99841557568961
0.99841750533543
0.9984194302751
0.99842135052589
0.99842326610498
0.99842517702944
0.99842708331629
0.99842898498245
0.99843088204475
0.99843277451996
0.99843466242474
0.99843654577571
0.99843842458935
0.99844029888213
0.99844216867037
0.99844403397038
0.99844589479832
0.99844775117035
0.99844960310246
0.99845145061067
0.99845329371082
0.99845513241876
0.99845696675017
0.9984587967208
0.99846062234611
0.99846244364177
0.998464260623
0.99846607330545
0.99846788170403
0.99846968583448
0.99847148571122
0.99847328135031
0.99847507276539
0.9984768599733
0.99847864298621
0.9984804218227
0.99848219649212
0.99848396701679
0.99848573340025
0.99848749567304
0.99848925382616
0.99849100790851
0.99849275788323
0.99849450384094
0.99849624568103
0.9984979835913
0.99849971732117
0.99850144729053
0.99850317288647
0.99850489509735
0.99850661241167
0.9985083272466
0.99851003580309
0.99851174418363
0.99851344261269
0.99851514694661
0.99851683138754
0.99851853828001
0.99852019775286
0.99852192595406
0.99852352863003
0.99852533289547
0.99852678438287
0.99852882883627
0.99852984238466
0.99853263153024
0.99853263152993
0.99853687901597
0.99853687877035
0.99853850502278
0.99854018017954
0.9985417569287
0.99854350163174
0.99854492968494
0.99854692847943
0.99854786279829
0.99855076515319
0.99855076514863
0.99855463304748
0.99855463287151
0.99855662701973
0.99855748062013
0.99856052496492
0.99856052494843
0.99856401245226
0.99856401236285
0.99856658481854
0.99856658481801
0.99857094016865
0.99857093958492
0.99857165364783
0.99857496984728
0.99857496977338
0.99857771974714
0.99857771974032
0.99858160626479
0.99858160593504
0.99858305499463
0.99858480436765
0.99858589984034
0.99858839394966
0.99858839394827
0.99859272114667
0.99859272031693
0.99859297601673
0.99859731406362
0.99859731315147
0.99859742968382
0.99860210156741
0.99860210005184
0.99860210004823
0.99860629956757
0.99860629869297
0.99860650182339
0.99861101962543
0.99861101817688
0.99861101817455
0.99861537568313
0.99861537441709
0.99861537441656
0.9986200194488
0.99862001750753
0.99862001749291
0.99862386141319
0.99862386072726
0.99862448276182
0.99862803293799
0.99862803250107
0.99862929436202
0.99863121012096
0.99863143382345
0.99863602196514
0.99863601965068
0.99863601962012
0.99863960787764
0.99863960729403
0.99864051351685
0.99864331579129
0.99864331570175
0.99864624754054
0.99864624739437
0.99864878159836
0.99864878156322
0.9986523685944
0.99865236786223
0.99865297395997
0.99865659382804
0.99865659299357
0.99865700166189
0.99866119208504
0.99866118999962
0.99866118998289
0.99866523442529
0.99866523259519
0.99866523258727
0.99866960429668
0.99866960135119
0.99866960128373
0.99867289594488
0.99867289533548
0.9986738538157
0.99867641494057
0.998676414852
0.99867954441892
0.99867954393171
0.99868085543266
0.99868228098475
0.99868333431969
0.99868556065475
0.9986855606317
0.99868962279683
0.99868962010058
0.99868962005579
0.99869332749206
0.99869332574656
0.99869332574201
0.99869809812302
0.99869809146209
0.99869809087345
0.99869920304814
0.99870114943611
0.99870114943152
0.99870598551728
0.99870597767401
0.9987059768482
0.99870656910248
0.99871029340783
0.99871029109376
0.99871029107305
0.99871460165452
0.99871459651091
0.9987145962045
0.99871670054337
0.99871670051125
0.99872082155709
0.99872081705123
0.99872081683917
0.99872339742169
0.99872339713835
0.99872565185069
0.99872565175938
0.99872909463326
0.99872909262522
0.99872909261691
0.99873397913489
0.99873396741467
0.99873396567286
0.99873396567005
0.99873925263581
0.99873923512966
0.99873923161437
0.99873923152061
0.9987427590903
0.99874275628537
0.99874275624529
0.99874696490738
0.99874695782873
0.99874695722199
0.99874825916645
0.99874906219384
0.99875195105153
0.99875195000364
0.99875228817298
0.99875715500318
0.99875713965288
0.99875713691686
0.99875713688377
0.99876160770423
0.99876159646838
0.99876159493477
0.99876159493438
0.99876759139257
0.9987675508016
0.99876753829259
0.99876753643381
0.99876753643075
0.99877317292356
0.99877313898025
0.99877312940055
0.99877312830713
0.99877347726981
0.99877842536239
0.99877840404225
0.99877839942108
0.9987783992341
0.9987815645653
0.9987815617553
0.99878156172371
0.99878632381235
0.99878630380294
0.99878629968735
0.99878629955997
0.99878996138557
0.99878995483528
0.99878995438393
0.99879201686823
0.99879201666538
0.99879521133123
0.99879520772883
0.99879520765097
0.99879943733097
0.9987994231086
0.9987994208864
0.99879942087881
0.9988051512845
0.99880509890897
0.9988050816693
0.99880507856976
0.99880507852888
0.99880994678304
0.9988099176445
0.99880991037998
0.99880990983655
0.99881182494045
0.99881182477267
0.99881545109132
0.99881544227849
0.99881544145094
0.99881661296728
0.99881715410076
0.99882129983113
0.99882128264534
0.99882127965205
0.99882127962108
0.99882656223255
0.99882651321277
0.99882649788278
0.99882649546749
0.99882649545818
0.99883253620991
0.99883244884197
0.99883241557942
0.99883240695985
0.99883240620967
0.99883390925502
0.99883390923555
0.99883967906414
0.9988395991987
0.99883956984152
0.99883956280771
0.99883956235298
0.99884206393524
0.99884206196822
0.99884206196697
0.9988490562024
0.99884887714691
0.99884879788702
0.9988487691264
0.99884876241677
0.99884876202702
0.99885162679585
0.99885162209169
0.99885162195201
0.99885597207684
0.99885593977408
0.99885593182645
0.99885593125131
0.99885818390367
0.9988581825166
0.99885849809629
0.9988643337138
0.99886422316721
0.99886417980624
0.99886416759693
0.99886416617004
0.99886445454064
0.99887055205845
0.99887041269583
0.99887035534112
0.99887033729868
0.99887033435579
0.99887033433853
0.99887682806509
0.99887664037324
0.99887655914647
0.99887653045083
0.99887652408972
0.99887652379115
0.99888019368693
0.99888017199335
0.9988801680201
0.99888016795729
0.99888585633833
0.99888572720079
0.99888567593158
0.99888566088552
0.99888565886359
0.99888565886319
0.99889383473509
0.99889332986784
0.99889309803883
0.99889299655243
0.99889295905114
0.99889294968668
0.99889294895519
0.9988951559135
0.99889515361811
0.99889515361652
0.99890325112631
0.99890270832695
0.99890246293414
0.99890235606037
0.99890231651993
0.99890230654951
0.9989023057368
0.9989043998853
0.99890439790463
0.99890439790456
0.99891331287991
0.99891247502682
0.99891211584934
0.99891195640414
0.99891189243978
0.9989118727561
0.99891186966439
0.9989118696518
0.99891952804774
0.99891898763685
0.99891874965286
0.99891864874499
0.9989186129036
0.9989186046137
0.99891860412985
0.99892210364638
0.99892207286175
0.99892206640343
0.99892206616425
0.99892693251969
0.99892681371813
0.99892677015665
0.99892675917449
0.99892675826403
0.99892894336927
0.99892893958354
0.99892893955369
0.99893646795494
0.99893584788742
0.9989355851932
0.99893547543173
0.99893543659643
0.99893542755811
0.9989354270087
0.99893898611643
0.99893894483228
0.99893893498242
0.99893893431657
0.99894212129617
0.99894209402236
0.99894208900847
0.99894208892199
0.99894892591643
0.99894840795616
0.99894819148738
0.99894810504711
0.99894807727333
0.99894807219265
0.99894807210731
0.99895510991826
0.99895449453221
0.99895424351219
0.99895414245608
0.99895410872536
0.99895410183609
0.99895410160705
0.99895986103017
0.99895953411667
0.99895940085544
0.99895935337175
0.99895934178018
0.99895934090364
0.99896225799843
0.9989622331865
0.99896222919267
0.99896222916943
0.99897110590274
0.99896949690126
0.99896900823015
0.99896881220687
0.99896873802469
0.9989687164393
0.99896871341023
0.99896871340775
0.99897919982986
0.99897617240052
0.99897561055264
0.99897539052957
0.99897530692616
0.99897528188039
0.9989752780072
0.99897527799234
0.99898506448761
0.99898245730596
0.99898192025083
0.99898171245431
0.99898163519742
0.99898161306569
0.99898161005508
0.99898161005381
0.99899297585719
0.99898836810503
0.99898794633423
0.99898778381388
0.99898772676698
0.99898771265293
0.99898771148618
0.99899047340875
0.99899044378887
0.99899043887857
0.99899043883795
0.9990000327119
1
1
1
1
1
1
1
1
1
1
1
1
1
1
1
1
1
1
1
1
1
1
1
1
1
1
1
1
1
1
1
1
1
1
1
1
1
1
1
1
1
1
1
1
1
1
1
1
1
1
1
1
1
1
1
1
1
1
1
1
1
1
1
1
1
1
1
1
1
1
1
1
1
1
1
1
1
1
1
1
1
1
1
1
1
1
1
1
1
1
1
1
1
1
1
1
1
1
1
1
1
1
1
1
1
1
1
1
1
1
1
1
1
1
1
1
1
1
1
1
1
1
1
1
1
1
1
1
1
1
1
1
1
1
1
1
1
1
1
1
1
1
1
1
1
1
1
1
1
1
1
1
1
1
1
1
1
1
1
1
1
1
1
1
1
1
1
1
1
1
1
1
1
1
1
1
1
1
1
1
1
1
1
1
1
1
1
1
1
1
1
1
1
1
1
1
1
1
1
1
1
1
1
1
1
1
1
1
1
1
1
1
1
1
1
1
1
1
1
1
1
1
1
1
1
1
1
1
1
1
1
1
1
1
1
1
1
1
1
1
1
1
1
1
1
1
1
1
1
1
1
1
1
1
1
1
1
1
1
1
1
1
1
1
1
1
1
1
1
1
1
1
1
1
1
1
1
1
1
1
1
1
1
1
1
1
1
1
1
1
1
1
1
1
1
1
1
1
1
1
1
1
1
