# Prior LID estimate for TALDICE from AICC2012
0.000000000000000000e+00 7.192771428571430192e+01
1.000000000000000000e+00 7.192771428571430192e+01
2.000000000000000000e+00 7.192771428571430192e+01
3.000000000000000000e+00 7.192771428571430192e+01
4.000000000000000000e+00 7.192771428571430192e+01
5.000000000000000000e+00 7.192771428571430192e+01
6.000000000000000000e+00 7.192771428571430192e+01
7.000000000000000000e+00 7.192771428571430192e+01
8.000000000000000000e+00 7.192771428571430192e+01
9.000000000000000000e+00 7.192771428571430192e+01
1.000000000000000000e+01 7.192771428571430192e+01
1.100000000000000000e+01 7.192771428571430192e+01
1.200000000000000000e+01 7.192771428571430192e+01
1.300000000000000000e+01 7.192771428571430192e+01
1.400000000000000000e+01 7.192771428571430192e+01
1.500000000000000000e+01 7.192771428571430192e+01
1.600000000000000000e+01 7.192771428571430192e+01
1.700000000000000000e+01 7.192771428571430192e+01
1.800000000000000000e+01 7.192771428571430192e+01
1.900000000000000000e+01 7.192771428571430192e+01
2.000000000000000000e+01 7.192771428571430192e+01
2.100000000000000000e+01 7.192771428571430192e+01
2.200000000000000000e+01 7.192771428571430192e+01
2.300000000000000000e+01 7.192771428571430192e+01
2.400000000000000000e+01 7.192771428571430192e+01
2.500000000000000000e+01 7.192771428571430192e+01
2.600000000000000000e+01 7.192771428571430192e+01
2.700000000000000000e+01 7.192771428571430192e+01
2.800000000000000000e+01 7.192771428571430192e+01
2.900000000000000000e+01 7.192771428571430192e+01
3.000000000000000000e+01 7.192771428571430192e+01
3.100000000000000000e+01 7.192771428571430192e+01
3.200000000000000000e+01 7.192771428571430192e+01
3.300000000000000000e+01 7.192771428571430192e+01
3.400000000000000000e+01 7.192771428571430192e+01
3.500000000000000000e+01 7.192771428571430192e+01
3.600000000000000000e+01 7.192771428571430192e+01
3.700000000000000000e+01 7.192771428571430192e+01
3.800000000000000000e+01 7.192771428571430192e+01
3.900000000000000000e+01 7.192771428571430192e+01
4.000000000000000000e+01 7.192771428571430192e+01
4.100000000000000000e+01 7.192771428571430192e+01
4.200000000000000000e+01 7.192771428571430192e+01
4.300000000000000000e+01 7.192771428571430192e+01
4.400000000000000000e+01 7.192771428571430192e+01
4.500000000000000000e+01 7.192771428571430192e+01
4.600000000000000000e+01 7.192771428571430192e+01
4.700000000000000000e+01 7.192771428571430192e+01
4.800000000000000000e+01 7.192771428571430192e+01
4.900000000000000000e+01 7.192771428571430192e+01
5.000000000000000000e+01 7.192771428571430192e+01
5.100000000000000000e+01 7.192771428571430192e+01
5.200000000000000000e+01 7.192771428571430192e+01
5.300000000000000000e+01 7.192771428571430192e+01
5.400000000000000000e+01 7.192771428571430192e+01
5.500000000000000000e+01 7.192771428571430192e+01
5.600000000000000000e+01 7.192771428571430192e+01
5.700000000000000000e+01 7.192771428571430192e+01
5.800000000000000000e+01 7.192771428571430192e+01
5.900000000000000000e+01 7.192771428571430192e+01
6.000000000000000000e+01 7.192771428571430192e+01
6.100000000000000000e+01 7.192771428571430192e+01
6.200000000000000000e+01 7.192771428571430192e+01
6.300000000000000000e+01 7.192771428571430192e+01
6.400000000000000000e+01 7.192771428571430192e+01
6.500000000000000000e+01 7.192771428571430192e+01
6.600000000000000000e+01 7.192771428571430192e+01
6.700000000000000000e+01 7.192771428571430192e+01
6.800000000000000000e+01 7.192771428571430192e+01
6.900000000000000000e+01 7.192771428571430192e+01
7.000000000000000000e+01 7.192771428571430192e+01
7.100000000000000000e+01 7.190314285714289610e+01
7.200000000000000000e+01 6.999814285714289497e+01
7.300000000000000000e+01 7.230628571428570694e+01
7.400000000000000000e+01 6.297457142857140155e+01
7.500000000000000000e+01 7.220042857142860271e+01
7.600000000000000000e+01 6.898985714285710458e+01
7.700000000000000000e+01 6.737228571428569524e+01
7.800000000000000000e+01 6.965714285714290099e+01
7.900000000000000000e+01 6.765457142857140127e+01
8.000000000000000000e+01 6.887571428571429522e+01
8.100000000000000000e+01 6.591928571428570649e+01
8.200000000000000000e+01 6.869599999999999795e+01
8.300000000000000000e+01 6.161314285714289696e+01
8.400000000000000000e+01 6.351171428571429800e+01
8.500000000000000000e+01 7.070014285714289315e+01
8.600000000000000000e+01 6.946942857142859395e+01
8.700000000000000000e+01 6.983542857142859361e+01
8.800000000000000000e+01 6.504457142857140184e+01
8.900000000000000000e+01 6.672371428571429419e+01
9.000000000000000000e+01 6.720399999999999352e+01
9.100000000000000000e+01 6.980757142857140707e+01
9.200000000000000000e+01 6.617499999999999716e+01
9.300000000000000000e+01 6.870414285714289804e+01
9.400000000000000000e+01 6.437642857142860464e+01
9.500000000000000000e+01 6.477371428571430556e+01
9.600000000000000000e+01 6.936028571428569478e+01
9.700000000000000000e+01 6.797885714285719416e+01
9.800000000000000000e+01 6.759042857142860328e+01
9.900000000000000000e+01 6.753114285714289622e+01
1.000000000000000000e+02 6.975885714285719530e+01
1.010000000000000000e+02 6.908557142857139866e+01
1.020000000000000000e+02 6.282642857142860038e+01
1.030000000000000000e+02 6.849557142857139524e+01
1.040000000000000000e+02 6.283542857142860072e+01
1.050000000000000000e+02 6.410514285714289429e+01
1.060000000000000000e+02 6.575100000000000477e+01
1.070000000000000000e+02 7.177299999999999613e+01
1.080000000000000000e+02 6.421085714285719348e+01
1.090000000000000000e+02 6.067014285714289912e+01
1.100000000000000000e+02 6.480785714285710242e+01
1.110000000000000000e+02 5.609228571428570120e+01
1.120000000000000000e+02 6.603085714285710139e+01
1.130000000000000000e+02 6.837628571428570012e+01
1.140000000000000000e+02 6.604500000000000171e+01
1.150000000000000000e+02 6.190828571428569660e+01
1.160000000000000000e+02 5.802414285714289832e+01
1.170000000000000000e+02 6.364628571428570325e+01
1.180000000000000000e+02 6.820242857142859805e+01
1.190000000000000000e+02 7.196299999999999386e+01
1.200000000000000000e+02 6.591571428571430147e+01
1.210000000000000000e+02 6.767400000000000659e+01
1.220000000000000000e+02 6.565228571428569637e+01
1.230000000000000000e+02 6.374442857142859964e+01
1.240000000000000000e+02 6.482328571428570285e+01
1.250000000000000000e+02 6.302985714285709662e+01
1.260000000000000000e+02 6.743157142857140229e+01
1.270000000000000000e+02 6.641957142857140184e+01
1.280000000000000000e+02 6.489442857142860532e+01
1.290000000000000000e+02 6.563442857142860021e+01
1.300000000000000000e+02 6.768342857142860680e+01
1.310000000000000000e+02 6.663514285714289542e+01
1.320000000000000000e+02 6.391085714285709685e+01
1.330000000000000000e+02 6.422385714285709923e+01
1.340000000000000000e+02 6.891757142857140650e+01
1.350000000000000000e+02 6.773185714285719428e+01
1.360000000000000000e+02 6.542971428571429726e+01
1.370000000000000000e+02 6.500428571428570024e+01
1.380000000000000000e+02 6.419542857142859305e+01
1.390000000000000000e+02 6.694157142857139320e+01
1.400000000000000000e+02 6.805328571428570683e+01
1.410000000000000000e+02 6.494442857142860248e+01
1.420000000000000000e+02 6.556242857142859748e+01
1.430000000000000000e+02 6.205700000000000216e+01
1.440000000000000000e+02 6.653157142857139661e+01
1.450000000000000000e+02 7.077885714285710606e+01
1.460000000000000000e+02 7.355571428571430204e+01
1.470000000000000000e+02 6.826228571428569580e+01
1.480000000000000000e+02 6.851642857142860521e+01
1.490000000000000000e+02 6.071457142857140354e+01
1.500000000000000000e+02 6.678799999999999670e+01
1.510000000000000000e+02 6.859671428571429885e+01
1.520000000000000000e+02 7.163057142857140036e+01
1.530000000000000000e+02 6.424728571428569524e+01
1.540000000000000000e+02 6.606900000000000261e+01
1.550000000000000000e+02 6.442914285714290656e+01
1.560000000000000000e+02 6.305657142857140229e+01
1.570000000000000000e+02 6.448485714285719439e+01
1.580000000000000000e+02 7.215857142857140616e+01
1.590000000000000000e+02 6.730599999999999739e+01
1.600000000000000000e+02 6.352157142857139860e+01
1.610000000000000000e+02 6.532999999999999829e+01
1.620000000000000000e+02 6.678571428571430602e+01
1.630000000000000000e+02 6.437771428571430476e+01
1.640000000000000000e+02 6.312385714285709781e+01
1.650000000000000000e+02 6.411957142857140468e+01
1.660000000000000000e+02 6.695085714285710310e+01
1.670000000000000000e+02 6.546299999999999386e+01
1.680000000000000000e+02 6.225200000000000244e+01
1.690000000000000000e+02 6.383671428571430084e+01
1.700000000000000000e+02 6.694128571428569785e+01
1.710000000000000000e+02 6.954800000000000182e+01
1.720000000000000000e+02 6.377985714285709662e+01
1.730000000000000000e+02 6.715271428571429624e+01
1.740000000000000000e+02 6.735571428571429919e+01
1.750000000000000000e+02 6.556842857142859771e+01
1.760000000000000000e+02 6.621185714285719826e+01
1.770000000000000000e+02 6.594757142857139343e+01
1.780000000000000000e+02 6.826128571428570524e+01
1.790000000000000000e+02 6.960899999999999466e+01
1.800000000000000000e+02 6.993814285714290691e+01
1.810000000000000000e+02 6.166657142857140173e+01
1.820000000000000000e+02 6.366700000000000159e+01
1.830000000000000000e+02 6.204214285714289900e+01
1.840000000000000000e+02 6.399228571428569978e+01
1.850000000000000000e+02 6.310600000000000165e+01
1.860000000000000000e+02 6.635128571428569444e+01
1.870000000000000000e+02 6.537428571428570478e+01
1.880000000000000000e+02 6.284257142857139655e+01
1.890000000000000000e+02 6.628685714285710162e+01
1.900000000000000000e+02 6.653442857142860589e+01
1.910000000000000000e+02 7.693214285714290668e+01
1.920000000000000000e+02 6.861814285714289952e+01
1.930000000000000000e+02 6.816785714285710185e+01
1.940000000000000000e+02 6.493785714285709787e+01
1.950000000000000000e+02 5.940885714285710151e+01
1.960000000000000000e+02 6.238228571428570035e+01
1.970000000000000000e+02 6.407814285714289326e+01
1.980000000000000000e+02 6.649557142857139524e+01
1.990000000000000000e+02 6.698914285714289463e+01
2.000000000000000000e+02 6.936471428571429954e+01
2.010000000000000000e+02 6.489028571428569592e+01
2.020000000000000000e+02 6.278171428571430113e+01
2.030000000000000000e+02 6.770514285714290281e+01
2.040000000000000000e+02 6.920885714285709867e+01
2.050000000000000000e+02 6.899114285714290418e+01
2.060000000000000000e+02 5.949271428571429965e+01
2.070000000000000000e+02 6.348385714285709724e+01
2.080000000000000000e+02 6.468814285714290691e+01
2.090000000000000000e+02 6.473428571428570422e+01
2.100000000000000000e+02 6.135414285714289662e+01
2.110000000000000000e+02 6.629857142857140673e+01
2.120000000000000000e+02 7.041328571428570626e+01
2.130000000000000000e+02 6.924085714285719462e+01
2.140000000000000000e+02 7.009628571428569899e+01
2.150000000000000000e+02 6.612500000000000000e+01
2.160000000000000000e+02 6.277000000000000313e+01
2.170000000000000000e+02 6.125800000000000267e+01
2.180000000000000000e+02 6.252785714285720076e+01
2.190000000000000000e+02 6.819257142857139797e+01
2.200000000000000000e+02 7.200271428571430476e+01
2.210000000000000000e+02 7.078728571428570149e+01
2.220000000000000000e+02 6.738457142857140525e+01
2.230000000000000000e+02 6.681128571428570240e+01
2.240000000000000000e+02 6.457485714285709832e+01
2.250000000000000000e+02 6.872914285714290372e+01
2.260000000000000000e+02 7.255285714285710696e+01
2.270000000000000000e+02 6.671028571428570331e+01
2.280000000000000000e+02 6.416842857142860623e+01
2.290000000000000000e+02 6.207128571428570041e+01
2.300000000000000000e+02 6.425857142857140047e+01
2.310000000000000000e+02 6.656971428571429783e+01
2.320000000000000000e+02 6.317285714285709730e+01
2.330000000000000000e+02 6.163728571428570291e+01
2.340000000000000000e+02 6.403000000000000114e+01
2.350000000000000000e+02 6.464557142857140093e+01
2.360000000000000000e+02 6.729514285714290622e+01
2.370000000000000000e+02 6.527157142857140570e+01
2.380000000000000000e+02 6.653057142857140605e+01
2.390000000000000000e+02 6.657542857142860271e+01
2.400000000000000000e+02 6.610485714285719894e+01
2.410000000000000000e+02 6.484000000000000341e+01
2.420000000000000000e+02 6.303085714285720087e+01
2.430000000000000000e+02 6.338085714285710282e+01
2.440000000000000000e+02 6.535528571428569933e+01
2.450000000000000000e+02 6.546371428571430329e+01
2.460000000000000000e+02 6.481528571428569307e+01
2.470000000000000000e+02 7.113228571428570035e+01
2.480000000000000000e+02 7.002571428571430090e+01
2.490000000000000000e+02 6.489928571428569626e+01
2.500000000000000000e+02 6.984028571428569876e+01
2.510000000000000000e+02 7.188614285714290020e+01
2.520000000000000000e+02 6.068114285714290190e+01
2.530000000000000000e+02 6.310914285714289917e+01
2.540000000000000000e+02 6.792542857142859702e+01
2.550000000000000000e+02 7.302271428571430079e+01
2.560000000000000000e+02 6.778257142857140138e+01
2.570000000000000000e+02 6.650528571428570501e+01
2.580000000000000000e+02 6.071257142857140110e+01
2.590000000000000000e+02 6.920342857142860282e+01
2.600000000000000000e+02 7.224042857142859475e+01
2.610000000000000000e+02 6.483228571428570319e+01
2.620000000000000000e+02 6.649657142857140002e+01
2.630000000000000000e+02 6.808942857142859850e+01
2.640000000000000000e+02 6.474542857142860441e+01
2.650000000000000000e+02 6.509428571428570365e+01
2.660000000000000000e+02 6.783785714285710355e+01
2.670000000000000000e+02 7.031728571428570262e+01
2.680000000000000000e+02 7.038100000000000023e+01
2.690000000000000000e+02 7.037185714285719484e+01
2.700000000000000000e+02 7.043571428571429749e+01
2.710000000000000000e+02 6.513185714285710048e+01
2.720000000000000000e+02 6.314557142857140093e+01
2.730000000000000000e+02 6.397914285714289662e+01
2.740000000000000000e+02 6.840928571428570137e+01
2.750000000000000000e+02 6.461657142857140457e+01
2.760000000000000000e+02 5.959985714285720348e+01
2.770000000000000000e+02 6.623857142857140445e+01
2.780000000000000000e+02 6.678971428571429669e+01
2.790000000000000000e+02 6.559799999999999898e+01
2.800000000000000000e+02 6.644400000000000261e+01
2.810000000000000000e+02 6.779742857142859691e+01
2.820000000000000000e+02 7.002228571428570092e+01
2.830000000000000000e+02 6.849571428571429976e+01
2.840000000000000000e+02 6.820199999999999818e+01
2.850000000000000000e+02 6.234485714285710145e+01
2.860000000000000000e+02 6.101257142857139826e+01
2.870000000000000000e+02 6.438299999999999557e+01
2.880000000000000000e+02 6.880285714285710696e+01
2.890000000000000000e+02 6.808799999999999386e+01
2.900000000000000000e+02 6.341571428571430147e+01
2.910000000000000000e+02 6.767542857142859702e+01
2.920000000000000000e+02 6.632571428571429806e+01
2.930000000000000000e+02 6.995342857142860282e+01
2.940000000000000000e+02 6.848671428571429942e+01
2.950000000000000000e+02 6.632500000000000284e+01
2.960000000000000000e+02 6.722042857142859873e+01
2.970000000000000000e+02 6.670528571428569364e+01
2.980000000000000000e+02 6.329800000000000182e+01
2.990000000000000000e+02 6.870499999999999829e+01
3.000000000000000000e+02 6.145300000000000296e+01
3.010000000000000000e+02 6.050285714285710270e+01
3.020000000000000000e+02 6.549857142857139536e+01
3.030000000000000000e+02 7.086042857142859930e+01
3.040000000000000000e+02 6.817671428571429715e+01
3.050000000000000000e+02 6.837985714285710515e+01
3.060000000000000000e+02 6.893557142857139297e+01
3.070000000000000000e+02 6.619557142857139809e+01
3.080000000000000000e+02 6.775814285714290008e+01
3.090000000000000000e+02 6.495528571428569364e+01
3.100000000000000000e+02 6.052000000000000313e+01
3.110000000000000000e+02 6.371571428571429863e+01
3.120000000000000000e+02 6.961257142857139968e+01
3.130000000000000000e+02 6.827628571428570581e+01
3.140000000000000000e+02 6.556485714285720690e+01
3.150000000000000000e+02 6.678214285714290099e+01
3.160000000000000000e+02 6.467328571428569717e+01
3.170000000000000000e+02 6.554557142857140661e+01
3.180000000000000000e+02 6.698157142857139945e+01
3.190000000000000000e+02 6.668714285714290213e+01
3.200000000000000000e+02 7.160614285714289906e+01
3.210000000000000000e+02 6.392985714285720178e+01
3.220000000000000000e+02 6.764185714285710560e+01
3.230000000000000000e+02 6.901257142857140536e+01
3.240000000000000000e+02 6.258899999999999864e+01
3.250000000000000000e+02 6.711885714285709525e+01
3.260000000000000000e+02 6.929800000000000182e+01
3.270000000000000000e+02 6.685428571428569455e+01
3.280000000000000000e+02 6.426242857142860032e+01
3.290000000000000000e+02 6.307714285714290270e+01
3.300000000000000000e+02 6.264071428571430289e+01
3.310000000000000000e+02 6.352542857142859845e+01
3.320000000000000000e+02 6.759385714285710378e+01
3.330000000000000000e+02 7.063028571428570501e+01
3.340000000000000000e+02 6.523028571428569933e+01
3.350000000000000000e+02 6.447485714285710401e+01
3.360000000000000000e+02 6.412800000000000011e+01
3.370000000000000000e+02 6.444028571428569307e+01
3.380000000000000000e+02 6.521914285714289861e+01
3.390000000000000000e+02 7.005514285714289713e+01
3.400000000000000000e+02 6.976671428571430056e+01
3.410000000000000000e+02 6.646628571428570353e+01
3.420000000000000000e+02 6.505528571428570217e+01
3.430000000000000000e+02 6.814100000000000534e+01
3.440000000000000000e+02 6.651742857142859577e+01
3.450000000000000000e+02 6.972414285714289406e+01
3.460000000000000000e+02 7.133014285714290281e+01
3.470000000000000000e+02 7.201371428571430044e+01
3.480000000000000000e+02 6.719114285714290702e+01
3.490000000000000000e+02 6.539157142857139604e+01
3.500000000000000000e+02 6.124985714285710259e+01
3.510000000000000000e+02 6.897599999999999909e+01
3.520000000000000000e+02 6.545885714285709867e+01
3.530000000000000000e+02 6.898985714285710458e+01
3.540000000000000000e+02 7.126942857142860532e+01
3.550000000000000000e+02 6.700842857142859543e+01
3.560000000000000000e+02 6.198499999999999943e+01
3.570000000000000000e+02 6.086457142857140212e+01
3.580000000000000000e+02 6.678757142857139684e+01
3.590000000000000000e+02 6.817242857142859691e+01
3.600000000000000000e+02 6.719757142857139343e+01
3.610000000000000000e+02 6.395914285714290060e+01
3.620000000000000000e+02 6.342271428571429936e+01
3.630000000000000000e+02 6.734128571428570353e+01
3.640000000000000000e+02 6.788785714285720019e+01
3.650000000000000000e+02 6.882471428571429328e+01
3.660000000000000000e+02 7.210014285714289883e+01
3.670000000000000000e+02 6.850057142857140491e+01
3.680000000000000000e+02 6.549042857142859475e+01
3.690000000000000000e+02 6.356371428571429760e+01
3.700000000000000000e+02 6.603271428571430590e+01
3.710000000000000000e+02 6.537328571428570001e+01
3.720000000000000000e+02 6.637742857142859521e+01
3.730000000000000000e+02 6.363700000000000045e+01
3.740000000000000000e+02 6.689228571428570547e+01
3.750000000000000000e+02 6.753828571428570626e+01
3.760000000000000000e+02 6.671371428571430329e+01
3.770000000000000000e+02 7.024428571428569512e+01
3.780000000000000000e+02 6.665671428571430113e+01
3.790000000000000000e+02 6.313300000000000267e+01
3.800000000000000000e+02 6.815842857142860112e+01
3.810000000000000000e+02 6.826000000000000512e+01
3.820000000000000000e+02 7.202585714285710594e+01
3.830000000000000000e+02 6.476985714285710571e+01
3.840000000000000000e+02 6.748028571428569933e+01
3.850000000000000000e+02 6.843571428571429749e+01
3.860000000000000000e+02 6.668000000000000682e+01
3.870000000000000000e+02 7.032971428571430295e+01
3.880000000000000000e+02 6.725614285714290475e+01
3.890000000000000000e+02 6.565057142857139638e+01
3.900000000000000000e+02 6.350171428571429999e+01
3.910000000000000000e+02 6.093657142857139775e+01
3.920000000000000000e+02 6.097299999999999898e+01
3.930000000000000000e+02 6.564700000000000557e+01
3.940000000000000000e+02 7.038414285714290486e+01
3.950000000000000000e+02 7.287528571428569535e+01
3.960000000000000000e+02 6.836542857142859475e+01
3.970000000000000000e+02 6.452342857142859600e+01
3.980000000000000000e+02 6.631414285714289747e+01
3.990000000000000000e+02 6.705185714285710219e+01
4.000000000000000000e+02 6.929614285714289679e+01
4.010000000000000000e+02 6.634457142857139900e+01
4.020000000000000000e+02 6.537357142857139536e+01
4.030000000000000000e+02 6.667642857142860180e+01
4.040000000000000000e+02 7.365914285714289633e+01
4.050000000000000000e+02 7.383214285714289815e+01
4.060000000000000000e+02 6.739057142857140548e+01
4.070000000000000000e+02 7.147471428571429897e+01
4.080000000000000000e+02 6.671014285714289827e+01
4.090000000000000000e+02 6.246314285714289838e+01
4.100000000000000000e+02 6.317328571428569717e+01
4.110000000000000000e+02 6.816100000000000136e+01
4.120000000000000000e+02 6.893085714285710708e+01
4.130000000000000000e+02 6.866771428571429681e+01
4.140000000000000000e+02 6.957599999999999341e+01
4.150000000000000000e+02 6.753142857142860578e+01
4.160000000000000000e+02 6.143128571428569984e+01
4.170000000000000000e+02 6.658271428571430306e+01
4.180000000000000000e+02 6.644057142857140263e+01
4.190000000000000000e+02 6.194428571428569796e+01
4.200000000000000000e+02 6.248028571428569933e+01
4.210000000000000000e+02 6.487800000000000011e+01
4.220000000000000000e+02 6.243599999999999994e+01
4.230000000000000000e+02 6.559514285714290338e+01
4.240000000000000000e+02 6.720142857142859327e+01
4.250000000000000000e+02 6.825228571428570490e+01
4.260000000000000000e+02 6.852285714285710583e+01
4.270000000000000000e+02 7.139671428571429601e+01
4.280000000000000000e+02 6.444971428571429328e+01
4.290000000000000000e+02 6.723257142857140423e+01
4.300000000000000000e+02 6.631100000000000705e+01
4.310000000000000000e+02 6.752285714285710583e+01
4.320000000000000000e+02 6.800628571428569558e+01
4.330000000000000000e+02 7.024399999999999977e+01
4.340000000000000000e+02 6.758714285714289360e+01
4.350000000000000000e+02 6.309471428571430351e+01
4.360000000000000000e+02 6.261342857142859941e+01
4.370000000000000000e+02 6.214657142857139860e+01
4.380000000000000000e+02 6.285428571428570166e+01
4.390000000000000000e+02 6.781171428571430226e+01
4.400000000000000000e+02 6.866842857142860623e+01
4.410000000000000000e+02 6.756199999999999761e+01
4.420000000000000000e+02 7.023428571428570422e+01
4.430000000000000000e+02 7.077142857142860066e+01
4.440000000000000000e+02 6.504399999999999693e+01
4.450000000000000000e+02 6.439600000000000080e+01
4.460000000000000000e+02 6.903199999999999648e+01
4.470000000000000000e+02 6.244942857142859793e+01
4.480000000000000000e+02 6.332200000000000273e+01
4.490000000000000000e+02 6.724528571428569990e+01
4.500000000000000000e+02 6.558357142857140332e+01
4.510000000000000000e+02 6.814171428571430056e+01
4.520000000000000000e+02 6.434071428571429863e+01
4.530000000000000000e+02 6.732228571428569808e+01
4.540000000000000000e+02 7.004985714285710685e+01
4.550000000000000000e+02 7.016742857142860146e+01
4.560000000000000000e+02 6.694285714285720701e+01
4.570000000000000000e+02 6.468642857142860692e+01
4.580000000000000000e+02 6.730242857142860657e+01
4.590000000000000000e+02 6.422028571428569421e+01
4.600000000000000000e+02 6.701800000000000068e+01
4.610000000000000000e+02 6.665442857142859623e+01
4.620000000000000000e+02 6.578328571428569660e+01
4.630000000000000000e+02 6.530371428571430670e+01
4.640000000000000000e+02 6.676442857142859566e+01
4.650000000000000000e+02 6.414857142857140104e+01
4.660000000000000000e+02 6.733471428571429840e+01
4.670000000000000000e+02 6.838271428571430022e+01
4.680000000000000000e+02 6.809728571428570376e+01
4.690000000000000000e+02 7.557828571428569830e+01
4.700000000000000000e+02 7.113842857142860510e+01
4.710000000000000000e+02 6.746914285714289861e+01
4.720000000000000000e+02 6.342842857142859714e+01
4.730000000000000000e+02 6.636685714285709992e+01
4.740000000000000000e+02 6.573828571428569489e+01
4.750000000000000000e+02 6.601228571428569580e+01
4.760000000000000000e+02 6.243857142857140019e+01
4.770000000000000000e+02 6.884328571428569887e+01
4.780000000000000000e+02 7.395614285714289338e+01
4.790000000000000000e+02 6.913928571428570535e+01
4.800000000000000000e+02 6.618999999999999773e+01
4.810000000000000000e+02 6.713271428571430022e+01
4.820000000000000000e+02 6.510828571428569944e+01
4.830000000000000000e+02 6.928242857142859634e+01
4.840000000000000000e+02 7.155299999999999727e+01
4.850000000000000000e+02 6.726728571428570547e+01
4.860000000000000000e+02 6.821971428571430351e+01
4.870000000000000000e+02 7.000828571428570513e+01
4.880000000000000000e+02 7.078342857142860112e+01
4.890000000000000000e+02 6.948828571428569489e+01
4.900000000000000000e+02 7.075900000000000034e+01
4.910000000000000000e+02 6.788200000000000500e+01
4.920000000000000000e+02 7.118371428571430215e+01
4.930000000000000000e+02 6.821757142857140366e+01
4.940000000000000000e+02 6.208242857142860061e+01
4.950000000000000000e+02 6.563685714285709594e+01
4.960000000000000000e+02 6.703928571428569683e+01
4.970000000000000000e+02 7.080828571428570228e+01
4.980000000000000000e+02 7.090642857142860578e+01
4.990000000000000000e+02 6.393942857142859992e+01
5.000000000000000000e+02 6.522828571428570399e+01
5.010000000000000000e+02 6.924914285714289974e+01
5.020000000000000000e+02 6.892585714285719689e+01
5.030000000000000000e+02 6.745214285714290270e+01
5.040000000000000000e+02 6.587285714285710014e+01
5.050000000000000000e+02 6.530414285714290656e+01
5.060000000000000000e+02 6.742671428571429715e+01
5.070000000000000000e+02 7.015814285714290577e+01
5.080000000000000000e+02 6.806499999999999773e+01
5.090000000000000000e+02 6.611114285714289451e+01
5.100000000000000000e+02 6.517314285714290634e+01
5.110000000000000000e+02 7.199271428571429965e+01
5.120000000000000000e+02 6.974271428571429965e+01
5.130000000000000000e+02 6.563471428571429556e+01
5.140000000000000000e+02 6.777971428571430579e+01
5.150000000000000000e+02 6.950742857142860487e+01
5.160000000000000000e+02 6.601114285714290020e+01
5.170000000000000000e+02 7.239071428571429578e+01
5.180000000000000000e+02 7.006914285714289292e+01
5.190000000000000000e+02 6.465542857142860100e+01
5.200000000000000000e+02 6.858142857142860294e+01
5.210000000000000000e+02 6.638557142857139581e+01
5.220000000000000000e+02 7.396971428571430351e+01
5.230000000000000000e+02 6.880042857142859702e+01
5.240000000000000000e+02 6.707014285714289770e+01
5.250000000000000000e+02 6.723528571428569478e+01
5.260000000000000000e+02 6.779014285714289656e+01
5.270000000000000000e+02 7.081799999999999784e+01
5.280000000000000000e+02 6.924285714285710469e+01
5.290000000000000000e+02 6.760342857142859430e+01
5.300000000000000000e+02 6.919599999999999795e+01
5.310000000000000000e+02 6.938428571428569569e+01
5.320000000000000000e+02 6.815514285714290565e+01
5.330000000000000000e+02 6.848614285714289451e+01
5.340000000000000000e+02 6.689499999999999602e+01
5.350000000000000000e+02 6.447742857142860373e+01
5.360000000000000000e+02 6.935114285714290361e+01
5.370000000000000000e+02 6.867014285714290622e+01
5.380000000000000000e+02 6.669714285714289304e+01
5.390000000000000000e+02 6.780285714285710696e+01
5.400000000000000000e+02 6.575300000000000011e+01
5.410000000000000000e+02 6.698857142857140445e+01
5.420000000000000000e+02 6.879242857142860146e+01
5.430000000000000000e+02 6.891371428571430613e+01
5.440000000000000000e+02 6.986614285714290418e+01
5.450000000000000000e+02 7.102971428571430579e+01
5.460000000000000000e+02 6.816700000000000159e+01
5.470000000000000000e+02 6.779300000000000637e+01
5.480000000000000000e+02 6.486514285714289940e+01
5.490000000000000000e+02 6.509842857142859884e+01
5.500000000000000000e+02 6.755685714285709764e+01
5.510000000000000000e+02 6.660628571428570410e+01
5.520000000000000000e+02 6.522114285714289394e+01
5.530000000000000000e+02 7.053471428571430124e+01
5.540000000000000000e+02 6.993371428571430215e+01
5.550000000000000000e+02 6.815971428571430124e+01
5.560000000000000000e+02 6.922199999999999420e+01
5.570000000000000000e+02 6.776742857142859577e+01
5.580000000000000000e+02 6.637514285714290452e+01
5.590000000000000000e+02 6.977271428571430079e+01
5.600000000000000000e+02 7.040571428571429635e+01
5.610000000000000000e+02 6.889342857142860055e+01
5.620000000000000000e+02 6.656499999999999773e+01
5.630000000000000000e+02 6.648300000000000409e+01
5.640000000000000000e+02 6.669328571428569319e+01
5.650000000000000000e+02 6.702185714285710105e+01
5.660000000000000000e+02 7.106942857142860248e+01
5.670000000000000000e+02 7.043671428571430226e+01
5.680000000000000000e+02 6.993542857142860214e+01
5.690000000000000000e+02 7.088242857142860487e+01
5.700000000000000000e+02 6.829800000000000182e+01
5.710000000000000000e+02 6.328399999999999892e+01
5.720000000000000000e+02 6.860899999999999466e+01
5.730000000000000000e+02 7.307371428571430272e+01
5.740000000000000000e+02 6.923957142857139502e+01
5.750000000000000000e+02 6.623742857142859464e+01
5.760000000000000000e+02 6.813857142857139593e+01
5.770000000000000000e+02 6.722985714285709946e+01
5.780000000000000000e+02 6.891528571428570160e+01
5.790000000000000000e+02 7.213828571428570058e+01
5.800000000000000000e+02 7.021142857142859839e+01
5.810000000000000000e+02 6.798128571428570410e+01
5.820000000000000000e+02 6.420342857142860282e+01
5.830000000000000000e+02 6.357728571428570064e+01
5.840000000000000000e+02 6.345828571428570086e+01
5.850000000000000000e+02 6.357171428571430027e+01
5.860000000000000000e+02 6.421057142857139866e+01
5.870000000000000000e+02 6.404399999999999693e+01
5.880000000000000000e+02 6.461400000000000432e+01
5.890000000000000000e+02 6.471042857142859361e+01
5.900000000000000000e+02 6.448371428571429931e+01
5.910000000000000000e+02 6.510114285714290361e+01
5.920000000000000000e+02 6.494414285714289292e+01
5.930000000000000000e+02 6.525014285714290452e+01
5.940000000000000000e+02 6.568057142857139752e+01
5.950000000000000000e+02 6.633257142857139854e+01
5.960000000000000000e+02 6.602457142857140582e+01
5.970000000000000000e+02 6.625857142857140047e+01
5.980000000000000000e+02 6.662928571428570024e+01
5.990000000000000000e+02 6.642900000000000205e+01
6.000000000000000000e+02 6.741400000000000148e+01
6.010000000000000000e+02 6.722942857142859907e+01
6.020000000000000000e+02 6.753328571428569660e+01
6.030000000000000000e+02 6.724657142857140002e+01
6.040000000000000000e+02 6.767742857142860657e+01
6.050000000000000000e+02 6.841885714285710662e+01
6.060000000000000000e+02 6.804000000000000625e+01
6.070000000000000000e+02 6.845571428571429351e+01
6.080000000000000000e+02 6.824271428571429965e+01
6.090000000000000000e+02 6.903700000000000614e+01
6.100000000000000000e+02 6.930742857142860203e+01
6.110000000000000000e+02 6.918014285714289713e+01
6.120000000000000000e+02 6.931900000000000261e+01
6.130000000000000000e+02 6.985800000000000409e+01
6.140000000000000000e+02 6.993714285714290213e+01
6.150000000000000000e+02 7.024385714285709525e+01
6.160000000000000000e+02 7.044871428571430272e+01
6.170000000000000000e+02 7.046585714285710367e+01
6.180000000000000000e+02 7.093628571428570240e+01
6.190000000000000000e+02 7.094942857142859793e+01
6.200000000000000000e+02 7.071299999999999386e+01
6.210000000000000000e+02 7.087171428571430454e+01
6.220000000000000000e+02 7.122599999999999909e+01
6.230000000000000000e+02 7.125100000000000477e+01
6.240000000000000000e+02 7.130028571428570672e+01
6.250000000000000000e+02 7.155785714285710242e+01
6.260000000000000000e+02 7.166871428571430158e+01
6.270000000000000000e+02 7.176728571428570547e+01
6.280000000000000000e+02 7.243800000000000239e+01
6.290000000000000000e+02 7.194628571428569330e+01
6.300000000000000000e+02 7.199557142857139524e+01
6.310000000000000000e+02 7.168028571428570217e+01
6.320000000000000000e+02 7.159257142857140366e+01
6.330000000000000000e+02 7.173971428571429954e+01
6.340000000000000000e+02 7.253185714285710617e+01
6.350000000000000000e+02 7.244414285714289292e+01
6.360000000000000000e+02 7.271657142857139888e+01
6.370000000000000000e+02 7.244171428571429772e+01
6.380000000000000000e+02 7.300128571428570012e+01
6.390000000000000000e+02 7.299385714285719473e+01
6.400000000000000000e+02 7.318185714285709764e+01
6.410000000000000000e+02 7.321571428571429863e+01
6.420000000000000000e+02 7.317771428571430192e+01
6.430000000000000000e+02 7.418414285714290202e+01
6.440000000000000000e+02 7.485214285714289417e+01
6.450000000000000000e+02 7.490900000000000603e+01
6.460000000000000000e+02 7.499571428571429976e+01
6.470000000000000000e+02 7.560314285714289895e+01
6.480000000000000000e+02 7.545485714285709378e+01
6.490000000000000000e+02 7.593414285714290202e+01
6.500000000000000000e+02 7.565542857142860100e+01
6.510000000000000000e+02 7.571228571428569865e+01
6.520000000000000000e+02 7.611371428571429476e+01
6.530000000000000000e+02 7.617014285714290622e+01
6.540000000000000000e+02 7.570642857142860294e+01
6.550000000000000000e+02 7.560714285714290384e+01
6.560000000000000000e+02 7.546214285714289360e+01
6.570000000000000000e+02 7.559014285714289372e+01
6.580000000000000000e+02 7.591971428571430636e+01
6.590000000000000000e+02 7.604099999999999682e+01
6.600000000000000000e+02 7.559714285714289872e+01
6.610000000000000000e+02 7.621871428571429874e+01
6.620000000000000000e+02 7.564528571428570558e+01
6.630000000000000000e+02 7.587057142857139524e+01
6.640000000000000000e+02 7.621399999999999864e+01
6.650000000000000000e+02 7.632785714285709844e+01
6.660000000000000000e+02 7.610200000000000387e+01
6.670000000000000000e+02 7.664671428571429601e+01
6.680000000000000000e+02 7.640571428571429635e+01
6.690000000000000000e+02 7.682071428571430260e+01
6.700000000000000000e+02 7.706528571428569307e+01
6.710000000000000000e+02 7.767342857142860169e+01
6.720000000000000000e+02 7.667528571428570672e+01
6.730000000000000000e+02 7.769514285714289770e+01
6.740000000000000000e+02 7.744157142857139320e+01
6.750000000000000000e+02 7.639928571428569626e+01
6.760000000000000000e+02 7.601214285714290497e+01
6.770000000000000000e+02 7.455742857142860203e+01
6.780000000000000000e+02 7.462985714285710515e+01
6.790000000000000000e+02 7.559528571428569421e+01
6.800000000000000000e+02 7.573442857142859452e+01
6.810000000000000000e+02 7.642714285714289701e+01
6.820000000000000000e+02 7.693671428571430226e+01
6.830000000000000000e+02 7.655585714285710708e+01
6.840000000000000000e+02 7.678142857142860578e+01
6.850000000000000000e+02 7.647899999999999920e+01
6.860000000000000000e+02 7.681714285714289758e+01
6.870000000000000000e+02 7.686471428571429954e+01
6.880000000000000000e+02 7.703785714285710640e+01
6.890000000000000000e+02 7.765471428571430579e+01
6.900000000000000000e+02 7.706771428571430249e+01
6.910000000000000000e+02 7.821328571428570342e+01
6.920000000000000000e+02 7.900814285714290008e+01
6.930000000000000000e+02 8.074442857142859964e+01
6.940000000000000000e+02 8.036171428571429942e+01
6.950000000000000000e+02 8.018157142857140229e+01
6.960000000000000000e+02 7.950614285714290475e+01
6.970000000000000000e+02 7.923014285714289429e+01
6.980000000000000000e+02 7.893314285714289724e+01
6.990000000000000000e+02 7.910228571428569921e+01
7.000000000000000000e+02 7.916728571428569694e+01
7.010000000000000000e+02 8.006614285714290702e+01
7.020000000000000000e+02 8.010314285714289895e+01
7.030000000000000000e+02 8.078685714285720110e+01
7.040000000000000000e+02 7.988642857142859555e+01
7.050000000000000000e+02 7.972257142857139911e+01
7.060000000000000000e+02 7.957914285714289804e+01
7.070000000000000000e+02 7.931928571428569796e+01
7.080000000000000000e+02 7.886799999999999500e+01
7.090000000000000000e+02 7.851999999999999602e+01
7.100000000000000000e+02 7.864171428571430056e+01
7.110000000000000000e+02 7.826628571428570069e+01
7.120000000000000000e+02 7.756714285714289758e+01
7.130000000000000000e+02 7.734900000000000375e+01
7.140000000000000000e+02 7.748999999999999488e+01
7.150000000000000000e+02 7.685514285714289429e+01
7.160000000000000000e+02 7.618257142857140707e+01
7.170000000000000000e+02 7.551328571428570058e+01
7.180000000000000000e+02 7.559314285714289383e+01
7.190000000000000000e+02 7.567828571428570683e+01
7.200000000000000000e+02 7.533085714285709855e+01
7.210000000000000000e+02 7.516714285714290611e+01
7.220000000000000000e+02 7.524399999999999977e+01
7.230000000000000000e+02 7.451871428571429590e+01
7.240000000000000000e+02 7.466628571428570638e+01
7.250000000000000000e+02 7.428914285714290600e+01
7.260000000000000000e+02 7.341942857142859680e+01
7.270000000000000000e+02 7.367585714285709741e+01
7.280000000000000000e+02 7.287414285714289974e+01
7.290000000000000000e+02 7.279028571428570160e+01
7.300000000000000000e+02 7.288828571428570058e+01
7.310000000000000000e+02 7.435242857142860373e+01
7.320000000000000000e+02 7.593685714285709309e+01
7.330000000000000000e+02 7.555942857142859737e+01
7.340000000000000000e+02 7.606257142857140252e+01
7.350000000000000000e+02 7.582257142857139343e+01
7.360000000000000000e+02 7.556214285714290213e+01
7.370000000000000000e+02 7.609928571428569910e+01
7.380000000000000000e+02 7.620814285714290293e+01
7.390000000000000000e+02 7.613200000000000500e+01
7.400000000000000000e+02 7.648557142857140434e+01
7.410000000000000000e+02 7.609799999999999898e+01
7.420000000000000000e+02 7.652914285714290088e+01
7.430000000000000000e+02 7.626257142857140536e+01
7.440000000000000000e+02 7.606257142857140252e+01
7.450000000000000000e+02 7.631900000000000261e+01
7.460000000000000000e+02 7.634385714285710378e+01
7.470000000000000000e+02 7.617714285714289701e+01
7.480000000000000000e+02 7.644599999999999795e+01
7.490000000000000000e+02 7.611442857142860419e+01
7.500000000000000000e+02 7.599399999999999977e+01
7.510000000000000000e+02 7.583428571428569853e+01
7.520000000000000000e+02 7.604985714285710685e+01
7.530000000000000000e+02 7.598871428571429476e+01
7.540000000000000000e+02 7.603957142857140639e+01
7.550000000000000000e+02 7.609685714285710390e+01
7.560000000000000000e+02 7.639014285714290509e+01
7.570000000000000000e+02 7.636171428571429942e+01
7.580000000000000000e+02 7.604500000000000171e+01
7.590000000000000000e+02 7.580071428571430658e+01
7.600000000000000000e+02 7.581842857142859771e+01
7.610000000000000000e+02 7.553685714285710162e+01
7.620000000000000000e+02 7.492100000000000648e+01
7.630000000000000000e+02 7.505114285714290645e+01
7.640000000000000000e+02 7.393000000000000682e+01
7.650000000000000000e+02 7.357071428571430260e+01
7.660000000000000000e+02 7.313042857142859532e+01
7.670000000000000000e+02 7.326871428571429590e+01
7.680000000000000000e+02 7.362800000000000011e+01
7.690000000000000000e+02 7.401357142857139593e+01
7.700000000000000000e+02 7.331999999999999318e+01
7.710000000000000000e+02 7.346728571428569410e+01
7.720000000000000000e+02 7.397228571428570376e+01
7.730000000000000000e+02 7.415800000000000125e+01
7.740000000000000000e+02 7.531342857142860225e+01
7.750000000000000000e+02 7.740442857142859623e+01
7.760000000000000000e+02 7.855500000000000682e+01
7.770000000000000000e+02 8.040300000000000580e+01
7.780000000000000000e+02 8.078271428571430590e+01
7.790000000000000000e+02 8.068714285714290213e+01
7.800000000000000000e+02 8.021771428571429396e+01
7.810000000000000000e+02 7.951957142857139615e+01
7.820000000000000000e+02 7.882299999999999329e+01
7.830000000000000000e+02 7.797242857142859407e+01
7.840000000000000000e+02 7.737385714285710492e+01
7.850000000000000000e+02 7.638928571428570535e+01
7.860000000000000000e+02 7.637257142857140479e+01
7.870000000000000000e+02 7.639528571428570558e+01
7.880000000000000000e+02 7.679699999999999704e+01
7.890000000000000000e+02 7.691585714285710651e+01
7.900000000000000000e+02 7.698414285714289917e+01
7.910000000000000000e+02 7.711271428571430420e+01
7.920000000000000000e+02 7.723457142857139957e+01
7.930000000000000000e+02 7.724228571428569978e+01
7.940000000000000000e+02 7.732628571428570297e+01
7.950000000000000000e+02 7.748900000000000432e+01
7.960000000000000000e+02 7.700185714285710503e+01
7.970000000000000000e+02 7.672299999999999898e+01
7.980000000000000000e+02 7.637128571428570467e+01
7.990000000000000000e+02 7.639214285714290043e+01
8.000000000000000000e+02 7.610742857142859918e+01
8.010000000000000000e+02 7.573071428571429919e+01
8.020000000000000000e+02 7.561214285714289929e+01
8.030000000000000000e+02 7.546971428571430351e+01
8.040000000000000000e+02 7.519442857142860248e+01
8.050000000000000000e+02 7.517985714285710230e+01
8.060000000000000000e+02 7.492600000000000193e+01
8.070000000000000000e+02 7.520871428571429362e+01
8.080000000000000000e+02 7.495471428571430295e+01
8.090000000000000000e+02 7.447328571428569433e+01
8.100000000000000000e+02 7.469414285714289292e+01
8.110000000000000000e+02 7.475185714285710503e+01
8.120000000000000000e+02 7.553685714285710162e+01
8.130000000000000000e+02 7.567928571428569740e+01
8.140000000000000000e+02 7.661571428571430431e+01
8.150000000000000000e+02 7.613214285714289531e+01
8.160000000000000000e+02 7.596357142857139877e+01
8.170000000000000000e+02 7.588842857142860510e+01
8.180000000000000000e+02 7.581171428571430226e+01
8.190000000000000000e+02 7.464442857142860532e+01
8.200000000000000000e+02 7.490357142857139650e+01
8.210000000000000000e+02 7.447671428571429431e+01
8.220000000000000000e+02 7.369299999999999784e+01
8.230000000000000000e+02 7.349528571428569990e+01
8.240000000000000000e+02 7.294828571428570285e+01
8.250000000000000000e+02 7.265914285714289633e+01
8.260000000000000000e+02 7.227985714285719610e+01
8.270000000000000000e+02 7.196085714285719348e+01
8.280000000000000000e+02 7.160242857142860373e+01
8.290000000000000000e+02 7.156728571428570262e+01
8.300000000000000000e+02 7.141157142857140627e+01
8.310000000000000000e+02 7.134399999999999409e+01
8.320000000000000000e+02 7.124442857142859964e+01
8.330000000000000000e+02 7.063771428571429567e+01
8.340000000000000000e+02 7.041185714285710162e+01
8.350000000000000000e+02 7.067771428571430192e+01
8.360000000000000000e+02 6.950114285714289508e+01
8.370000000000000000e+02 6.911599999999999966e+01
8.380000000000000000e+02 6.860257142857139456e+01
8.390000000000000000e+02 6.825285714285719507e+01
8.400000000000000000e+02 6.802714285714290554e+01
8.410000000000000000e+02 6.725728571428570035e+01
8.420000000000000000e+02 6.744414285714289292e+01
8.430000000000000000e+02 6.744971428571429328e+01
8.440000000000000000e+02 6.750314285714290463e+01
8.450000000000000000e+02 6.734228571428569410e+01
8.460000000000000000e+02 6.735399999999999920e+01
8.470000000000000000e+02 6.755599999999999739e+01
8.480000000000000000e+02 6.746057142857139866e+01
8.490000000000000000e+02 6.646957142857139900e+01
8.500000000000000000e+02 6.423785714285719450e+01
8.510000000000000000e+02 6.249871428571429988e+01
8.520000000000000000e+02 6.017242857142859691e+01
8.530000000000000000e+02 6.107871428571429817e+01
8.540000000000000000e+02 6.137357142857140246e+01
8.550000000000000000e+02 6.196571428571429863e+01
8.560000000000000000e+02 6.247685714285709935e+01
8.570000000000000000e+02 6.297128571428569899e+01
8.580000000000000000e+02 6.359457142857139900e+01
8.590000000000000000e+02 6.381900000000000261e+01
8.600000000000000000e+02 6.418699999999999761e+01
8.610000000000000000e+02 6.483971428571429385e+01
8.620000000000000000e+02 6.533314285714290293e+01
8.630000000000000000e+02 6.583214285714289815e+01
8.640000000000000000e+02 6.626099999999999568e+01
8.650000000000000000e+02 6.693699999999999761e+01
8.660000000000000000e+02 6.730028571428570672e+01
8.670000000000000000e+02 6.766728571428569694e+01
8.680000000000000000e+02 6.821971428571430351e+01
8.690000000000000000e+02 6.872214285714289872e+01
8.700000000000000000e+02 6.875685714285719996e+01
8.710000000000000000e+02 6.904157142857140173e+01
8.720000000000000000e+02 6.932085714285719291e+01
8.730000000000000000e+02 6.901228571428569580e+01
8.740000000000000000e+02 6.954914285714289690e+01
8.750000000000000000e+02 6.965142857142859611e+01
8.760000000000000000e+02 6.995028571428569819e+01
8.770000000000000000e+02 6.986757142857139513e+01
8.780000000000000000e+02 7.004371428571430158e+01
8.790000000000000000e+02 7.005914285714290202e+01
8.800000000000000000e+02 7.017342857142860169e+01
8.810000000000000000e+02 7.038085714285709571e+01
8.820000000000000000e+02 7.053885714285719644e+01
8.830000000000000000e+02 7.047271428571430363e+01
8.840000000000000000e+02 7.072400000000000375e+01
8.850000000000000000e+02 7.081342857142860225e+01
8.860000000000000000e+02 7.090285714285710128e+01
8.870000000000000000e+02 7.109857142857140389e+01
8.880000000000000000e+02 7.117514285714290168e+01
8.890000000000000000e+02 7.166114285714290588e+01
8.900000000000000000e+02 7.134714285714289872e+01
8.910000000000000000e+02 7.150271428571430476e+01
8.920000000000000000e+02 7.226014285714289542e+01
8.930000000000000000e+02 7.236028571428569478e+01
8.940000000000000000e+02 7.286085714285709969e+01
8.950000000000000000e+02 7.365428571428570592e+01
8.960000000000000000e+02 7.435957142857139957e+01
8.970000000000000000e+02 7.480328571428570683e+01
8.980000000000000000e+02 7.510628571428570410e+01
8.990000000000000000e+02 7.588128571428569558e+01
9.000000000000000000e+02 7.614714285714289588e+01
9.010000000000000000e+02 7.680342857142859714e+01
9.020000000000000000e+02 7.562485714285709548e+01
9.030000000000000000e+02 7.237457142857140013e+01
9.040000000000000000e+02 7.086257142857139968e+01
9.050000000000000000e+02 7.241014285714290111e+01
9.060000000000000000e+02 7.112171428571430454e+01
9.070000000000000000e+02 6.944799999999999329e+01
9.080000000000000000e+02 7.034385714285710378e+01
9.090000000000000000e+02 7.190071428571430090e+01
9.100000000000000000e+02 7.243257142857140707e+01
9.110000000000000000e+02 7.103671428571429658e+01
9.120000000000000000e+02 7.165428571428570592e+01
9.130000000000000000e+02 7.113814285714289554e+01
9.140000000000000000e+02 7.051099999999999568e+01
9.150000000000000000e+02 7.161671428571429487e+01
9.160000000000000000e+02 7.310599999999999454e+01
9.170000000000000000e+02 7.357528571428569819e+01
9.180000000000000000e+02 7.262342857142860453e+01
9.190000000000000000e+02 7.259642857142860350e+01
9.200000000000000000e+02 7.340200000000000102e+01
9.210000000000000000e+02 7.140699999999999648e+01
9.220000000000000000e+02 7.257885714285710321e+01
9.230000000000000000e+02 7.143757142857140252e+01
9.240000000000000000e+02 7.047400000000000375e+01
9.250000000000000000e+02 7.224299999999999500e+01
9.260000000000000000e+02 7.453900000000000148e+01
9.270000000000000000e+02 7.250514285714289997e+01
9.280000000000000000e+02 7.222157142857139434e+01
9.290000000000000000e+02 7.279528571428569705e+01
9.300000000000000000e+02 7.137585714285710026e+01
9.310000000000000000e+02 7.277714285714290554e+01
9.320000000000000000e+02 7.307414285714290259e+01
9.330000000000000000e+02 7.232014285714289770e+01
9.340000000000000000e+02 7.119599999999999795e+01
9.350000000000000000e+02 7.215771428571430590e+01
9.360000000000000000e+02 7.202500000000000568e+01
9.370000000000000000e+02 7.075242857142859521e+01
9.380000000000000000e+02 7.054414285714290145e+01
9.390000000000000000e+02 7.021257142857139399e+01
9.400000000000000000e+02 7.214857142857140104e+01
9.410000000000000000e+02 7.490442857142859623e+01
9.420000000000000000e+02 7.369542857142859305e+01
9.430000000000000000e+02 7.151285714285710071e+01
9.440000000000000000e+02 7.238185714285710048e+01
9.450000000000000000e+02 7.377457142857140582e+01
9.460000000000000000e+02 7.424257142857139513e+01
9.470000000000000000e+02 7.322871428571430386e+01
9.480000000000000000e+02 7.157971428571430295e+01
9.490000000000000000e+02 7.113928571428570535e+01
9.500000000000000000e+02 7.096399999999999864e+01
9.510000000000000000e+02 7.008142857142860294e+01
9.520000000000000000e+02 7.193000000000000682e+01
9.530000000000000000e+02 7.293442857142859737e+01
9.540000000000000000e+02 7.202771428571429624e+01
9.550000000000000000e+02 7.415371428571430101e+01
9.560000000000000000e+02 7.283571428571430317e+01
9.570000000000000000e+02 7.315671428571430113e+01
9.580000000000000000e+02 7.331142857142860692e+01
9.590000000000000000e+02 7.234399999999999409e+01
9.600000000000000000e+02 7.208157142857139377e+01
9.610000000000000000e+02 7.167799999999999727e+01
9.620000000000000000e+02 7.736614285714290418e+01
9.630000000000000000e+02 7.615685714285710617e+01
9.640000000000000000e+02 7.367814285714290179e+01
9.650000000000000000e+02 7.312842857142859998e+01
9.660000000000000000e+02 7.390642857142860578e+01
9.670000000000000000e+02 7.538514285714289542e+01
9.680000000000000000e+02 7.314214285714290043e+01
9.690000000000000000e+02 7.191185714285710162e+01
9.700000000000000000e+02 7.163085714285709571e+01
9.710000000000000000e+02 7.219471428571429783e+01
9.720000000000000000e+02 7.123057142857139468e+01
9.730000000000000000e+02 7.303057142857140605e+01
9.740000000000000000e+02 7.187199999999999989e+01
9.750000000000000000e+02 7.099071428571430431e+01
9.760000000000000000e+02 7.239485714285710571e+01
9.770000000000000000e+02 7.015271428571429624e+01
9.780000000000000000e+02 6.925199999999999534e+01
9.790000000000000000e+02 7.029014285714289656e+01
9.800000000000000000e+02 7.279614285714289679e+01
9.810000000000000000e+02 7.073999999999999488e+01
9.820000000000000000e+02 7.007514285714289315e+01
9.830000000000000000e+02 6.960971428571430408e+01
9.840000000000000000e+02 6.993728571428569296e+01
9.850000000000000000e+02 6.874671428571430454e+01
9.860000000000000000e+02 6.859657142857139434e+01
9.870000000000000000e+02 6.813542857142860498e+01
9.880000000000000000e+02 7.063171428571429544e+01
9.890000000000000000e+02 7.285114285714290361e+01
9.900000000000000000e+02 7.188442857142860021e+01
9.910000000000000000e+02 7.084457142857139900e+01
9.920000000000000000e+02 7.146585714285710367e+01
9.930000000000000000e+02 7.192157142857139718e+01
9.940000000000000000e+02 7.228228571428570604e+01
9.950000000000000000e+02 7.187842857142859998e+01
9.960000000000000000e+02 7.197285714285719394e+01
9.970000000000000000e+02 7.183314285714290293e+01
9.980000000000000000e+02 7.249814285714289497e+01
9.990000000000000000e+02 6.834757142857139911e+01
1.000000000000000000e+03 6.760342857142859430e+01
1.001000000000000000e+03 7.078499999999999659e+01
1.002000000000000000e+03 7.219514285714289770e+01
1.003000000000000000e+03 7.245328571428569830e+01
1.004000000000000000e+03 7.400885714285709582e+01
1.005000000000000000e+03 7.215114285714290077e+01
1.006000000000000000e+03 7.338442857142860021e+01
1.007000000000000000e+03 7.423471428571430408e+01
1.008000000000000000e+03 7.176428571428570535e+01
1.009000000000000000e+03 7.130728571428569751e+01
1.010000000000000000e+03 7.292742857142860657e+01
1.011000000000000000e+03 7.357357142857139820e+01
1.012000000000000000e+03 7.206885714285709810e+01
1.013000000000000000e+03 7.162314285714289497e+01
1.014000000000000000e+03 7.216428571428569683e+01
1.015000000000000000e+03 7.219585714285719291e+01
1.016000000000000000e+03 7.176428571428570535e+01
1.017000000000000000e+03 6.998157142857139945e+01
1.018000000000000000e+03 7.264628571428569614e+01
1.019000000000000000e+03 7.144128571428569785e+01
1.020000000000000000e+03 7.115528571428569649e+01
1.021000000000000000e+03 7.263471428571429556e+01
1.022000000000000000e+03 7.133385714285719814e+01
1.023000000000000000e+03 7.352257142857139627e+01
1.024000000000000000e+03 7.312828571428569546e+01
1.025000000000000000e+03 7.322928571428569455e+01
1.026000000000000000e+03 7.447114285714289394e+01
1.027000000000000000e+03 7.338271428571430022e+01
1.028000000000000000e+03 7.313385714285719530e+01
1.029000000000000000e+03 7.505400000000000205e+01
1.030000000000000000e+03 7.494614285714290247e+01
1.031000000000000000e+03 7.403000000000000114e+01
1.032000000000000000e+03 7.319257142857139797e+01
1.033000000000000000e+03 7.542128571428570183e+01
1.034000000000000000e+03 7.397985714285709946e+01
1.035000000000000000e+03 7.305928571428570706e+01
1.036000000000000000e+03 7.336485714285710458e+01
1.037000000000000000e+03 7.169957142857140298e+01
1.038000000000000000e+03 7.123742857142859464e+01
1.039000000000000000e+03 7.030457142857140695e+01
1.040000000000000000e+03 7.185871428571429931e+01
1.041000000000000000e+03 7.232928571428570308e+01
1.042000000000000000e+03 7.283899999999999864e+01
1.043000000000000000e+03 7.216328571428570626e+01
1.044000000000000000e+03 7.288428571428569569e+01
1.045000000000000000e+03 7.091028571428570615e+01
1.046000000000000000e+03 7.219214285714289758e+01
1.047000000000000000e+03 7.299928571428570478e+01
1.048000000000000000e+03 7.122785714285710412e+01
1.049000000000000000e+03 7.064071428571429578e+01
1.050000000000000000e+03 7.001028571428570046e+01
1.051000000000000000e+03 7.141599999999999682e+01
1.052000000000000000e+03 7.124857142857139536e+01
1.053000000000000000e+03 7.197657142857140400e+01
1.054000000000000000e+03 7.180614285714290190e+01
1.055000000000000000e+03 7.280685714285709764e+01
1.056000000000000000e+03 7.189071428571429578e+01
1.057000000000000000e+03 7.276885714285710094e+01
1.058000000000000000e+03 7.423399999999999466e+01
1.059000000000000000e+03 7.563085714285719519e+01
1.060000000000000000e+03 7.578100000000000591e+01
1.061000000000000000e+03 7.409728571428570376e+01
1.062000000000000000e+03 7.272871428571430386e+01
1.063000000000000000e+03 7.411042857142859930e+01
1.064000000000000000e+03 7.449428571428569512e+01
1.065000000000000000e+03 7.201157142857140059e+01
1.066000000000000000e+03 7.510614285714289906e+01
1.067000000000000000e+03 7.415242857142860089e+01
1.068000000000000000e+03 7.711042857142859930e+01
1.069000000000000000e+03 7.384071428571429863e+01
1.070000000000000000e+03 7.360642857142859441e+01
1.071000000000000000e+03 7.399685714285719484e+01
1.072000000000000000e+03 7.576985714285710571e+01
1.073000000000000000e+03 7.451571428571429578e+01
1.074000000000000000e+03 7.544100000000000250e+01
1.075000000000000000e+03 7.477128571428569614e+01
1.076000000000000000e+03 7.398671428571429942e+01
1.077000000000000000e+03 7.442271428571430647e+01
1.078000000000000000e+03 7.358142857142860294e+01
1.079000000000000000e+03 7.339842857142859600e+01
1.080000000000000000e+03 7.333442857142860305e+01
1.081000000000000000e+03 7.214142857142860521e+01
1.082000000000000000e+03 7.148457142857139957e+01
1.083000000000000000e+03 6.899771428571429510e+01
1.084000000000000000e+03 7.292628571428569728e+01
1.085000000000000000e+03 7.286528571428570444e+01
1.086000000000000000e+03 7.304000000000000625e+01
1.087000000000000000e+03 7.320957142857139388e+01
1.088000000000000000e+03 7.246842857142860339e+01
1.089000000000000000e+03 7.250157142857139547e+01
1.090000000000000000e+03 7.396528571428569876e+01
1.091000000000000000e+03 7.182757142857140309e+01
1.092000000000000000e+03 7.081714285714289758e+01
1.093000000000000000e+03 7.189628571428569614e+01
1.094000000000000000e+03 7.161228571428570433e+01
1.095000000000000000e+03 7.000828571428570513e+01
1.096000000000000000e+03 7.012557142857140491e+01
1.097000000000000000e+03 7.168728571428569296e+01
1.098000000000000000e+03 7.073957142857139502e+01
1.099000000000000000e+03 7.151685714285710560e+01
1.100000000000000000e+03 7.306071428571429749e+01
1.101000000000000000e+03 7.237171428571430454e+01
1.102000000000000000e+03 7.351928571428570081e+01
1.103000000000000000e+03 7.462614285714289508e+01
1.104000000000000000e+03 7.281714285714289758e+01
1.105000000000000000e+03 7.331799999999999784e+01
1.106000000000000000e+03 7.310414285714290372e+01
1.107000000000000000e+03 7.176428571428570535e+01
1.108000000000000000e+03 7.299285714285710469e+01
1.109000000000000000e+03 7.285742857142859918e+01
1.110000000000000000e+03 7.151671428571430056e+01
1.111000000000000000e+03 7.072914285714290372e+01
1.112000000000000000e+03 7.125871428571430499e+01
1.113000000000000000e+03 6.993857142857139308e+01
1.114000000000000000e+03 7.048614285714289451e+01
1.115000000000000000e+03 7.055614285714290190e+01
1.116000000000000000e+03 7.111028571428569478e+01
1.117000000000000000e+03 7.381557142857140263e+01
1.118000000000000000e+03 7.245042857142860271e+01
1.119000000000000000e+03 7.191599999999999682e+01
1.120000000000000000e+03 7.165000000000000568e+01
1.121000000000000000e+03 7.225300000000000011e+01
1.122000000000000000e+03 7.120485714285719325e+01
1.123000000000000000e+03 7.326228571428569580e+01
1.124000000000000000e+03 7.444842857142859316e+01
1.125000000000000000e+03 7.251214285714290497e+01
1.126000000000000000e+03 7.373928571428569967e+01
1.127000000000000000e+03 7.482542857142860271e+01
1.128000000000000000e+03 7.372614285714290361e+01
1.129000000000000000e+03 7.560742857142859918e+01
1.130000000000000000e+03 7.362457142857140013e+01
1.131000000000000000e+03 7.286214285714289929e+01
1.132000000000000000e+03 7.345699999999999363e+01
1.133000000000000000e+03 7.429085714285710651e+01
1.134000000000000000e+03 7.337242857142859975e+01
1.135000000000000000e+03 7.284957142857139445e+01
1.136000000000000000e+03 7.338028571428570501e+01
1.137000000000000000e+03 7.259671428571429885e+01
1.138000000000000000e+03 7.112157142857140002e+01
1.139000000000000000e+03 7.210471428571429442e+01
1.140000000000000000e+03 7.281399999999999295e+01
1.141000000000000000e+03 7.055914285714290202e+01
1.142000000000000000e+03 7.143514285714290679e+01
1.143000000000000000e+03 7.179428571428570649e+01
1.144000000000000000e+03 6.901600000000000534e+01
1.145000000000000000e+03 7.282685714285719314e+01
1.146000000000000000e+03 7.240514285714290565e+01
1.147000000000000000e+03 7.100814285714290008e+01
1.148000000000000000e+03 7.125000000000000000e+01
1.149000000000000000e+03 7.112557142857140491e+01
1.150000000000000000e+03 7.012657142857139547e+01
1.151000000000000000e+03 7.200442857142860476e+01
1.152000000000000000e+03 7.208357142857140332e+01
1.153000000000000000e+03 7.220799999999999841e+01
1.154000000000000000e+03 7.190657142857139661e+01
1.155000000000000000e+03 7.022128571428569899e+01
1.156000000000000000e+03 7.102857142857139650e+01
1.157000000000000000e+03 7.149057142857139979e+01
1.158000000000000000e+03 7.113400000000000034e+01
1.159000000000000000e+03 7.053799999999999670e+01
1.160000000000000000e+03 7.240957142857139672e+01
1.161000000000000000e+03 7.286457142857139502e+01
1.162000000000000000e+03 7.262757142857140025e+01
1.163000000000000000e+03 7.385699999999999932e+01
1.164000000000000000e+03 7.388114285714290475e+01
1.165000000000000000e+03 7.354999999999999716e+01
1.166000000000000000e+03 7.546285714285710355e+01
1.167000000000000000e+03 7.387414285714289974e+01
1.168000000000000000e+03 7.399942857142859509e+01
1.169000000000000000e+03 7.503900000000000148e+01
1.170000000000000000e+03 7.504171428571430624e+01
1.171000000000000000e+03 7.374842857142860453e+01
1.172000000000000000e+03 7.369342857142859771e+01
1.173000000000000000e+03 7.398671428571429942e+01
1.174000000000000000e+03 7.357071428571430260e+01
1.175000000000000000e+03 7.299228571428569978e+01
1.176000000000000000e+03 7.376471428571430522e+01
1.177000000000000000e+03 7.223414285714289917e+01
1.178000000000000000e+03 7.327299999999999613e+01
1.179000000000000000e+03 7.517828571428570683e+01
1.180000000000000000e+03 7.343771428571430704e+01
1.181000000000000000e+03 7.377842857142860566e+01
1.182000000000000000e+03 7.338914285714290031e+01
1.183000000000000000e+03 7.222114285714289394e+01
1.184000000000000000e+03 7.139028571428569592e+01
1.185000000000000000e+03 7.153842857142859657e+01
1.186000000000000000e+03 7.246828571428569887e+01
1.187000000000000000e+03 7.071314285714289838e+01
1.188000000000000000e+03 7.172657142857140400e+01
1.189000000000000000e+03 7.157699999999999818e+01
1.190000000000000000e+03 7.087885714285710037e+01
1.191000000000000000e+03 7.247599999999999909e+01
1.192000000000000000e+03 7.293528571428569762e+01
1.193000000000000000e+03 7.164485714285710571e+01
1.194000000000000000e+03 7.230957142857140241e+01
1.195000000000000000e+03 7.216971428571430636e+01
1.196000000000000000e+03 7.348285714285719905e+01
1.197000000000000000e+03 7.310785714285709957e+01
1.198000000000000000e+03 7.318371428571430215e+01
1.199000000000000000e+03 7.141200000000000614e+01
1.200000000000000000e+03 7.081285714285719735e+01
1.201000000000000000e+03 7.163414285714290486e+01
1.202000000000000000e+03 7.252071428571430545e+01
1.203000000000000000e+03 7.266714285714290611e+01
1.204000000000000000e+03 7.215699999999999648e+01
1.205000000000000000e+03 7.118928571428570251e+01
1.206000000000000000e+03 7.229500000000000171e+01
1.207000000000000000e+03 7.129900000000000659e+01
1.208000000000000000e+03 7.058557142857139866e+01
1.209000000000000000e+03 7.235342857142859430e+01
1.210000000000000000e+03 7.083314285714290293e+01
1.211000000000000000e+03 7.047785714285710412e+01
1.212000000000000000e+03 7.116742857142860146e+01
1.213000000000000000e+03 7.070771428571430306e+01
1.214000000000000000e+03 7.193871428571429760e+01
1.215000000000000000e+03 7.185542857142860385e+01
1.216000000000000000e+03 7.183714285714289360e+01
1.217000000000000000e+03 7.193628571428570240e+01
1.218000000000000000e+03 7.107399999999999807e+01
1.219000000000000000e+03 7.180400000000000205e+01
1.220000000000000000e+03 6.988585714285710537e+01
1.221000000000000000e+03 7.161085714285709969e+01
1.222000000000000000e+03 7.046585714285710367e+01
1.223000000000000000e+03 7.022357142857140389e+01
1.224000000000000000e+03 6.980142857142860180e+01
1.225000000000000000e+03 7.107299999999999329e+01
1.226000000000000000e+03 7.205299999999999727e+01
1.227000000000000000e+03 7.244357142857140275e+01
1.228000000000000000e+03 7.273028571428569933e+01
1.229000000000000000e+03 7.280742857142860203e+01
1.230000000000000000e+03 7.251399999999999579e+01
1.231000000000000000e+03 7.267942857142860191e+01
1.232000000000000000e+03 7.235428571428569455e+01
1.233000000000000000e+03 7.192342857142860169e+01
1.234000000000000000e+03 7.119642857142859782e+01
1.235000000000000000e+03 7.287142857142859498e+01
1.236000000000000000e+03 7.273071428571429919e+01
1.237000000000000000e+03 7.158542857142859361e+01
1.238000000000000000e+03 6.989928571428569626e+01
1.239000000000000000e+03 7.203685714285710162e+01
1.240000000000000000e+03 7.342442857142860646e+01
1.241000000000000000e+03 7.246285714285710355e+01
1.242000000000000000e+03 7.136028571428569478e+01
1.243000000000000000e+03 7.057957142857139843e+01
1.244000000000000000e+03 6.879028571428570160e+01
1.245000000000000000e+03 6.728971428571429669e+01
1.246000000000000000e+03 6.897828571428570399e+01
1.247000000000000000e+03 7.042242857142859691e+01
1.248000000000000000e+03 6.955214285714289701e+01
1.249000000000000000e+03 6.950971428571429556e+01
1.250000000000000000e+03 6.893642857142860692e+01
1.251000000000000000e+03 6.965485714285719610e+01
1.252000000000000000e+03 6.988014285714289997e+01
1.253000000000000000e+03 6.911457142857139502e+01
1.254000000000000000e+03 7.090428571428570592e+01
1.255000000000000000e+03 7.107685714285719314e+01
1.256000000000000000e+03 6.814871428571430556e+01
1.257000000000000000e+03 6.889342857142860055e+01
1.258000000000000000e+03 6.993371428571430215e+01
1.259000000000000000e+03 7.170657142857139377e+01
1.260000000000000000e+03 7.101814285714290520e+01
1.261000000000000000e+03 6.976328571428570058e+01
1.262000000000000000e+03 7.222242857142859407e+01
1.263000000000000000e+03 7.129871428571429703e+01
1.264000000000000000e+03 7.149057142857139979e+01
1.265000000000000000e+03 7.036971428571429499e+01
1.266000000000000000e+03 7.212214285714290440e+01
1.267000000000000000e+03 7.135571428571429919e+01
1.268000000000000000e+03 7.152214285714289588e+01
1.269000000000000000e+03 7.195071428571429806e+01
1.270000000000000000e+03 7.185171428571429431e+01
1.271000000000000000e+03 7.127128571428569614e+01
1.272000000000000000e+03 7.086742857142860430e+01
1.273000000000000000e+03 7.093871428571429760e+01
1.274000000000000000e+03 7.132757142857140309e+01
1.275000000000000000e+03 7.259699999999999420e+01
1.276000000000000000e+03 7.269914285714290259e+01
1.277000000000000000e+03 7.302328571428570569e+01
1.278000000000000000e+03 7.166228571428570149e+01
1.279000000000000000e+03 7.174528571428569990e+01
1.280000000000000000e+03 7.149757142857140479e+01
1.281000000000000000e+03 7.172542857142859418e+01
1.282000000000000000e+03 7.110571428571429919e+01
1.283000000000000000e+03 6.968014285714289713e+01
1.284000000000000000e+03 6.933414285714289349e+01
1.285000000000000000e+03 6.949528571428569990e+01
1.286000000000000000e+03 7.173728571428570433e+01
1.287000000000000000e+03 7.244414285714289292e+01
1.288000000000000000e+03 7.042685714285710219e+01
1.289000000000000000e+03 7.112371428571429988e+01
1.290000000000000000e+03 7.131128571428570240e+01
1.291000000000000000e+03 7.242514285714290168e+01
1.292000000000000000e+03 7.193514285714290679e+01
1.293000000000000000e+03 6.983757142857139399e+01
1.294000000000000000e+03 7.121099999999999852e+01
1.295000000000000000e+03 7.147828571428570399e+01
1.296000000000000000e+03 7.129257142857140650e+01
1.297000000000000000e+03 7.069857142857139820e+01
1.298000000000000000e+03 7.018600000000000705e+01
1.299000000000000000e+03 6.960457142857140411e+01
1.300000000000000000e+03 6.988071428571430488e+01
1.301000000000000000e+03 6.939671428571429601e+01
1.302000000000000000e+03 6.808228571428570319e+01
1.303000000000000000e+03 6.848914285714289463e+01
1.304000000000000000e+03 6.865971428571430124e+01
1.305000000000000000e+03 6.998214285714290384e+01
1.306000000000000000e+03 7.194385714285719757e+01
1.307000000000000000e+03 7.124028571428570444e+01
1.308000000000000000e+03 7.171428571428569398e+01
1.309000000000000000e+03 6.968228571428569751e+01
1.310000000000000000e+03 6.708457142857139388e+01
1.311000000000000000e+03 6.720399999999999352e+01
1.312000000000000000e+03 6.798157142857139945e+01
1.313000000000000000e+03 6.958528571428570331e+01
1.314000000000000000e+03 7.058199999999999363e+01
1.315000000000000000e+03 7.120699999999999363e+01
1.316000000000000000e+03 6.963314285714290008e+01
1.317000000000000000e+03 6.851500000000000057e+01
1.318000000000000000e+03 6.750557142857140036e+01
1.319000000000000000e+03 6.864771428571430079e+01
1.320000000000000000e+03 6.877771428571429624e+01
1.321000000000000000e+03 6.824685714285709537e+01
1.322000000000000000e+03 6.758371428571429362e+01
1.323000000000000000e+03 6.787699999999999534e+01
1.324000000000000000e+03 6.739342857142860055e+01
1.325000000000000000e+03 6.726785714285709616e+01
1.326000000000000000e+03 6.784099999999999397e+01
1.327000000000000000e+03 6.851542857142860043e+01
1.328000000000000000e+03 6.810800000000000409e+01
1.329000000000000000e+03 6.859771428571430363e+01
1.330000000000000000e+03 6.856314285714290691e+01
1.331000000000000000e+03 6.789242857142859577e+01
1.332000000000000000e+03 6.914071428571429578e+01
1.333000000000000000e+03 7.102200000000000557e+01
1.334000000000000000e+03 7.015457142857140127e+01
1.335000000000000000e+03 6.994599999999999795e+01
1.336000000000000000e+03 7.072371428571429419e+01
1.337000000000000000e+03 7.101314285714289554e+01
1.338000000000000000e+03 7.194271428571430249e+01
1.339000000000000000e+03 7.126457142857140070e+01
1.340000000000000000e+03 7.141599999999999682e+01
1.341000000000000000e+03 7.005185714285710219e+01
1.342000000000000000e+03 6.813400000000000034e+01
1.343000000000000000e+03 6.728814285714290122e+01
1.344000000000000000e+03 6.789357142857140559e+01
1.345000000000000000e+03 6.896842857142860339e+01
1.346000000000000000e+03 6.850700000000000500e+01
1.347000000000000000e+03 6.901914285714289576e+01
1.348000000000000000e+03 6.889414285714289576e+01
1.349000000000000000e+03 6.884514285714290338e+01
1.350000000000000000e+03 6.880014285714290168e+01
1.351000000000000000e+03 6.931671428571429772e+01
1.352000000000000000e+03 6.988157142857140514e+01
1.353000000000000000e+03 6.985128571428569444e+01
1.354000000000000000e+03 7.047071428571429408e+01
1.355000000000000000e+03 7.077371428571430556e+01
1.356000000000000000e+03 7.114814285714290065e+01
1.357000000000000000e+03 7.127428571428569626e+01
1.358000000000000000e+03 7.082342857142859316e+01
1.359000000000000000e+03 7.221842857142860339e+01
1.360000000000000000e+03 7.182428571428569342e+01
1.361000000000000000e+03 7.174542857142860441e+01
1.362000000000000000e+03 7.205442857142860191e+01
1.363000000000000000e+03 7.235699999999999932e+01
1.364000000000000000e+03 7.115185714285719598e+01
1.365000000000000000e+03 7.060328571428570399e+01
1.366000000000000000e+03 7.114914285714290543e+01
1.367000000000000000e+03 7.203971428571429669e+01
1.368000000000000000e+03 7.154614285714289679e+01
1.369000000000000000e+03 7.145828571428569376e+01
1.370000000000000000e+03 7.007314285714289781e+01
1.371000000000000000e+03 6.774228571428569978e+01
1.372000000000000000e+03 6.733342857142859827e+01
1.373000000000000000e+03 6.657271428571429794e+01
1.374000000000000000e+03 6.614885714285719587e+01
1.375000000000000000e+03 6.978385714285710151e+01
1.376000000000000000e+03 7.117671428571429715e+01
1.377000000000000000e+03 6.865271428571429624e+01
1.378000000000000000e+03 6.799128571428569501e+01
1.379000000000000000e+03 6.838800000000000523e+01
1.380000000000000000e+03 6.806414285714289747e+01
1.381000000000000000e+03 6.764085714285710083e+01
1.382000000000000000e+03 6.762385714285710492e+01
1.383000000000000000e+03 6.749285714285710469e+01
1.384000000000000000e+03 6.701185714285709594e+01
1.385000000000000000e+03 6.591800000000000637e+01
1.386000000000000000e+03 6.678142857142860578e+01
1.387000000000000000e+03 6.578100000000000591e+01
1.388000000000000000e+03 6.613285714285710526e+01
1.389000000000000000e+03 6.782299999999999329e+01
1.390000000000000000e+03 6.816657142857140173e+01
1.391000000000000000e+03 6.807628571428570297e+01
1.392000000000000000e+03 6.829914285714289690e+01
1.393000000000000000e+03 6.881000000000000227e+01
1.394000000000000000e+03 6.878828571428570626e+01
1.395000000000000000e+03 6.827457142857140582e+01
1.396000000000000000e+03 6.856285714285709787e+01
1.397000000000000000e+03 6.855314285714290179e+01
1.398000000000000000e+03 6.853142857142860578e+01
1.399000000000000000e+03 6.898585714285719916e+01
1.400000000000000000e+03 6.916385714285719644e+01
1.401000000000000000e+03 6.932042857142859305e+01
1.402000000000000000e+03 6.899314285714289952e+01
1.403000000000000000e+03 6.770657142857139377e+01
1.404000000000000000e+03 6.765714285714290099e+01
1.405000000000000000e+03 6.758385714285719814e+01
1.406000000000000000e+03 6.711157142857139490e+01
1.407000000000000000e+03 6.808957142857140354e+01
1.408000000000000000e+03 6.765828571428569660e+01
1.409000000000000000e+03 6.765385714285710606e+01
1.410000000000000000e+03 6.957228571428569808e+01
1.411000000000000000e+03 7.078900000000000148e+01
1.412000000000000000e+03 7.030185714285710219e+01
1.413000000000000000e+03 7.099399999999999977e+01
1.414000000000000000e+03 7.204471428571430636e+01
1.415000000000000000e+03 7.283114285714289338e+01
1.416000000000000000e+03 7.348585714285709969e+01
1.417000000000000000e+03 7.398857142857140445e+01
1.418000000000000000e+03 7.443842857142860225e+01
1.419000000000000000e+03 7.423828571428569489e+01
1.420000000000000000e+03 7.335099999999999909e+01
1.421000000000000000e+03 7.324885714285710492e+01
1.422000000000000000e+03 7.463557142857139581e+01
1.423000000000000000e+03 7.425400000000000489e+01
1.424000000000000000e+03 7.174528571428569990e+01
1.425000000000000000e+03 7.178271428571430590e+01
1.426000000000000000e+03 7.128328571428569660e+01
1.427000000000000000e+03 7.102357142857140104e+01
1.428000000000000000e+03 7.082671428571430283e+01
1.429000000000000000e+03 7.104814285714290634e+01
1.430000000000000000e+03 7.042214285714290156e+01
1.431000000000000000e+03 7.169457142857139331e+01
1.432000000000000000e+03 7.211914285714290429e+01
1.433000000000000000e+03 7.092771428571430192e+01
1.434000000000000000e+03 6.976600000000000534e+01
1.435000000000000000e+03 6.997357142857140389e+01
1.436000000000000000e+03 7.150957142857140525e+01
1.437000000000000000e+03 7.193514285714290679e+01
1.438000000000000000e+03 7.078028571428569649e+01
1.439000000000000000e+03 7.085728571428569467e+01
1.440000000000000000e+03 7.174442857142859964e+01
1.441000000000000000e+03 7.255842857142860680e+01
1.442000000000000000e+03 7.276214285714290497e+01
1.443000000000000000e+03 7.382757142857140309e+01
1.444000000000000000e+03 7.227857142857139650e+01
1.445000000000000000e+03 6.954957142857139729e+01
1.446000000000000000e+03 6.876028571428570046e+01
1.447000000000000000e+03 6.969528571428570274e+01
1.448000000000000000e+03 7.324428571428569512e+01
1.449000000000000000e+03 7.696500000000000341e+01
1.450000000000000000e+03 7.359414285714289861e+01
1.451000000000000000e+03 7.240600000000000591e+01
1.452000000000000000e+03 7.185942857142859452e+01
1.453000000000000000e+03 7.203714285714289645e+01
1.454000000000000000e+03 7.266057142857140150e+01
1.455000000000000000e+03 7.182114285714290247e+01
1.456000000000000000e+03 7.172614285714290361e+01
1.457000000000000000e+03 7.269814285714289781e+01
1.458000000000000000e+03 7.204971428571430181e+01
1.459000000000000000e+03 7.135128571428569444e+01
1.460000000000000000e+03 7.165571428571429635e+01
1.461000000000000000e+03 7.201771428571430533e+01
1.462000000000000000e+03 7.061285714285719450e+01
1.463000000000000000e+03 7.007671428571430283e+01
1.464000000000000000e+03 7.034157142857139888e+01
1.465000000000000000e+03 7.398057142857139468e+01
1.466000000000000000e+03 7.484514285714290338e+01
1.467000000000000000e+03 7.320185714285719314e+01
1.468000000000000000e+03 7.221500000000000341e+01
1.469000000000000000e+03 7.203057142857140605e+01
1.470000000000000000e+03 7.007942857142859339e+01
1.471000000000000000e+03 7.027657142857140116e+01
1.472000000000000000e+03 7.141528571428570160e+01
1.473000000000000000e+03 7.427042857142859589e+01
1.474000000000000000e+03 7.460428571428569455e+01
1.475000000000000000e+03 7.216371428571430613e+01
1.476000000000000000e+03 7.181499999999999773e+01
1.477000000000000000e+03 7.134642857142860350e+01
1.478000000000000000e+03 7.008199999999999363e+01
1.479000000000000000e+03 7.301900000000000546e+01
1.480000000000000000e+03 7.323285714285709957e+01
1.481000000000000000e+03 7.151714285714290043e+01
1.482000000000000000e+03 7.070485714285719325e+01
1.483000000000000000e+03 7.028957142857140639e+01
1.484000000000000000e+03 6.823328571428569944e+01
1.485000000000000000e+03 7.090699999999999648e+01
1.486000000000000000e+03 7.090699999999999648e+01
