#Prior thinning for TALDICE from AICC2012.
0.9997
0.9994
0.99909
0.99876
0.99841
0.99805
0.99767
0.99727
0.99685
0.99641
0.99597
0.99551
0.99504
0.99457
0.99409
0.99361
0.99312
0.99262
0.99211
0.99161
0.9911
0.99058
0.99006
0.98953
0.989
0.98846
0.98791
0.98737
0.98682
0.98627
0.98571
0.98515
0.98458
0.98401
0.98343
0.98284
0.98226
0.98167
0.98108
0.98048
0.97988
0.97927
0.97865
0.97803
0.97741
0.97678
0.97616
0.97553
0.9749
0.97426
0.97362
0.97298
0.97233
0.97168
0.97103
0.97037
0.96971
0.96904
0.96837
0.9677
0.96702
0.96635
0.96567
0.96499
0.96431
0.96362
0.96292
0.96222
0.96152
0.96081
0.96011
0.9594
0.95869
0.95797
0.95726
0.95653
0.95581
0.95508
0.95435
0.95362
0.95288
0.95214
0.9514
0.95066
0.94992
0.94917
0.94842
0.94766
0.94691
0.94614
0.94538
0.94462
0.94385
0.94309
0.94232
0.94155
0.94078
0.94001
0.93924
0.93848
0.93771
0.93695
0.93618
0.93541
0.93464
0.93387
0.93309
0.93231
0.93154
0.93076
0.92998
0.9292
0.92841
0.92762
0.92683
0.92604
0.92525
0.92446
0.92367
0.92288
0.9221
0.92131
0.92052
0.91973
0.91894
0.91815
0.91736
0.91657
0.91578
0.91499
0.9142
0.91341
0.91262
0.91183
0.91105
0.91026
0.90947
0.90868
0.90789
0.9071
0.90631
0.90552
0.90473
0.90394
0.90315
0.90236
0.90157
0.90078
0.9
0.89921
0.89842
0.89763
0.89684
0.89605
0.89526
0.89447
0.89368
0.89289
0.8921
0.89131
0.89052
0.88973
0.88895
0.88816
0.88737
0.88658
0.88579
0.885
0.88421
0.88342
0.88263
0.88184
0.88105
0.88026
0.87947
0.87868
0.8779
0.87711
0.87632
0.87553
0.87474
0.87395
0.87316
0.87237
0.87158
0.87079
0.87
0.86921
0.86843
0.86764
0.86685
0.86606
0.86527
0.86448
0.86369
0.8629
0.86211
0.86132
0.86053
0.85974
0.85895
0.85817
0.85738
0.85659
0.8558
0.85501
0.85422
0.85343
0.85264
0.85185
0.85106
0.85027
0.84948
0.84869
0.8479
0.84711
0.84633
0.84554
0.84475
0.84396
0.84317
0.84238
0.84159
0.8408
0.84001
0.83922
0.83843
0.83764
0.83685
0.83607
0.83528
0.83449
0.8337
0.83291
0.83212
0.83133
0.83054
0.82975
0.82897
0.82818
0.82739
0.8266
0.82581
0.82502
0.82423
0.82344
0.82265
0.82186
0.82108
0.82029
0.8195
0.81871
0.81792
0.81713
0.81634
0.81555
0.81476
0.81397
0.81318
0.8124
0.81161
0.81082
0.81003
0.80924
0.80845
0.80766
0.80687
0.80608
0.8053
0.80451
0.80372
0.80293
0.80214
0.80135
0.80056
0.79977
0.79899
0.7982
0.79741
0.79662
0.79583
0.79504
0.79425
0.79346
0.79268
0.79189
0.7911
0.79031
0.78952
0.78873
0.78794
0.78715
0.78637
0.78558
0.78479
0.784
0.78321
0.78242
0.78163
0.78085
0.78006
0.77927
0.77848
0.77769
0.7769
0.77612
0.77533
0.77454
0.77375
0.77296
0.77217
0.77138
0.7706
0.76981
0.76902
0.76823
0.76744
0.76665
0.76587
0.76508
0.76429
0.7635
0.76271
0.76192
0.76114
0.76035
0.75956
0.75877
0.75798
0.75719
0.75641
0.75562
0.75483
0.75404
0.75326
0.75247
0.75168
0.75089
0.7501
0.74932
0.74853
0.74774
0.74695
0.74616
0.74537
0.74459
0.7438
0.74301
0.74222
0.74144
0.74065
0.73986
0.73907
0.73829
0.7375
0.73671
0.73592
0.73513
0.73435
0.73356
0.73277
0.73198
0.7312
0.73041
0.72962
0.72883
0.72805
0.72726
0.72647
0.72568
0.7249
0.72411
0.72332
0.72254
0.72175
0.72096
0.72017
0.71939
0.7186
0.71781
0.71702
0.71624
0.71545
0.71466
0.71388
0.71309
0.71231
0.71152
0.71073
0.70995
0.70916
0.70837
0.70758
0.7068
0.70601
0.70522
0.70444
0.70365
0.70286
0.70208
0.70129
0.70051
0.69972
0.69893
0.69815
0.69736
0.69657
0.69579
0.695
0.69421
0.69343
0.69264
0.69186
0.69107
0.69029
0.6895
0.68871
0.68793
0.68714
0.68635
0.68557
0.68478
0.684
0.68321
0.68243
0.68164
0.68085
0.68007
0.67928
0.6785
0.67771
0.67693
0.67614
0.67536
0.67457
0.67378
0.673
0.67221
0.67143
0.67064
0.66986
0.66907
0.66829
0.6675
0.66672
0.66593
0.66515
0.66436
0.66358
0.66279
0.66201
0.66122
0.66044
0.65965
0.65887
0.65809
0.6573
0.65652
0.65573
0.65495
0.65416
0.65338
0.65259
0.65181
0.65103
0.65024
0.64946
0.64868
0.64789
0.64694
0.64598
0.64502
0.64407
0.64302
0.64187
0.64072
0.63957
0.63842
0.63728
0.63614
0.635
0.63385
0.63271
0.63157
0.63043
0.62929
0.62815
0.62702
0.62589
0.62475
0.62362
0.62249
0.62135
0.62021
0.61907
0.61793
0.6168
0.61566
0.61452
0.61338
0.61224
0.61109
0.60993
0.60878
0.60763
0.60649
0.60535
0.60421
0.60307
0.60193
0.60078
0.59964
0.5985
0.59737
0.59624
0.59512
0.59399
0.59285
0.5917
0.59055
0.58939
0.58826
0.58714
0.58601
0.58489
0.58377
0.58265
0.58153
0.58041
0.57929
0.57817
0.57705
0.57594
0.57482
0.5737
0.57259
0.57147
0.57036
0.56925
0.56815
0.56704
0.56594
0.56484
0.56373
0.56262
0.56152
0.56042
0.55931
0.55821
0.55711
0.55601
0.55492
0.55383
0.55274
0.55165
0.55057
0.54949
0.5484
0.54731
0.54622
0.54514
0.54405
0.54297
0.54189
0.54082
0.53975
0.53868
0.53761
0.53655
0.53548
0.53442
0.53336
0.5323
0.53124
0.53018
0.52911
0.52803
0.52696
0.52588
0.52482
0.52375
0.52268
0.52162
0.52055
0.51949
0.51842
0.51736
0.5163
0.51524
0.51418
0.51312
0.51205
0.51097
0.5099
0.50886
0.50784
0.50682
0.5058
0.5048
0.50383
0.50284
0.50187
0.50088
0.49989
0.4989
0.49792
0.49693
0.49594
0.49496
0.49397
0.49299
0.49201
0.49102
0.49004
0.48906
0.48808
0.48711
0.48613
0.48515
0.48417
0.48319
0.48221
0.48123
0.48026
0.47929
0.47832
0.47735
0.47639
0.47543
0.47447
0.4735
0.47252
0.47153
0.47054
0.46956
0.46859
0.46763
0.46666
0.4657
0.46474
0.46377
0.46281
0.46184
0.46087
0.45991
0.45895
0.458
0.45705
0.45609
0.45512
0.45415
0.45319
0.45223
0.45127
0.45031
0.44934
0.44837
0.4474
0.44645
0.4455
0.44455
0.4436
0.44265
0.44171
0.44076
0.43982
0.43887
0.43793
0.43698
0.43604
0.4351
0.43416
0.43321
0.43227
0.43133
0.43038
0.42944
0.42849
0.42756
0.42662
0.42568
0.42474
0.42378
0.42283
0.42187
0.42091
0.41994
0.41906
0.41823
0.41741
0.41666
0.41597
0.41528
0.4146
0.41391
0.41322
0.41253
0.41184
0.41116
0.41047
0.40978
0.4091
0.40841
0.40772
0.40704
0.40635
0.40567
0.40498
0.40429
0.40361
0.40292
0.40224
0.40155
0.40087
0.40018
0.3995
0.39882
0.39813
0.39745
0.39676
0.39608
0.3954
0.39471
0.39403
0.39335
0.39266
0.39198
0.3913
0.39062
0.38994
0.38925
0.38857
0.38789
0.38721
0.38653
0.38585
0.38517
0.38449
0.38381
0.38313
0.38245
0.38177
0.38109
0.38041
0.37973
0.37905
0.37837
0.37769
0.37701
0.37634
0.37566
0.37498
0.3743
0.37363
0.37295
0.37227
0.37159
0.37091
0.37024
0.36956
0.36889
0.36821
0.36753
0.36686
0.36618
0.36551
0.36492
0.36436
0.36385
0.36344
0.36303
0.36264
0.36224
0.36184
0.36144
0.36104
0.36064
0.36025
0.35986
0.35946
0.35904
0.35863
0.35823
0.35784
0.35746
0.35708
0.3567
0.35633
0.35594
0.35556
0.35517
0.35479
0.35441
0.35403
0.35365
0.35326
0.35288
0.3525
0.35214
0.35177
0.35141
0.35105
0.3507
0.35035
0.35001
0.34967
0.34932
0.34897
0.34861
0.34826
0.34792
0.34761
0.34729
0.34698
0.34667
0.34636
0.34606
0.34575
0.34544
0.34516
0.34486
0.34455
0.34427
0.34395
0.34358
0.34313
0.34268
0.34223
0.34179
0.34135
0.3409
0.34045
0.34001
0.33957
0.33913
0.33867
0.33823
0.33779
0.33736
0.33691
0.33647
0.33602
0.33558
0.33513
0.33468
0.33424
0.33379
0.33334
0.33289
0.33246
0.33202
0.33158
0.33114
0.3307
0.33026
0.32981
0.32936
0.32892
0.32847
0.32803
0.3276
0.32717
0.32673
0.3263
0.32587
0.32543
0.325
0.32457
0.32414
0.32371
0.32329
0.32285
0.32242
0.32199
0.32155
0.3211
0.32065
0.32021
0.31976
0.31933
0.31888
0.31844
0.318
0.31756
0.31712
0.31668
0.31625
0.3158
0.31536
0.31491
0.31447
0.31403
0.31359
0.31317
0.31274
0.31231
0.31187
0.31143
0.311
0.31057
0.31014
0.3097
0.30926
0.30878
0.30824
0.30762
0.30701
0.3064
0.30579
0.30518
0.30457
0.30396
0.30334
0.30273
0.30212
0.30152
0.30091
0.3003
0.29969
0.29909
0.29848
0.29787
0.29727
0.29667
0.29607
0.29546
0.29485
0.29424
0.29363
0.29302
0.29241
0.2918
0.29119
0.29059
0.28999
0.28938
0.28878
0.28818
0.28757
0.28696
0.28636
0.28575
0.28514
0.28454
0.28393
0.28333
0.28272
0.28211
0.2815
0.2809
0.2803
0.27969
0.27909
0.27849
0.2779
0.2773
0.27671
0.27612
0.27552
0.27492
0.27433
0.27374
0.27312
0.27247
0.2718
0.27112
0.27045
0.26978
0.26911
0.26844
0.26776
0.26709
0.26643
0.26576
0.26509
0.26442
0.26375
0.26308
0.26242
0.26175
0.26109
0.26042
0.25975
0.25909
0.25843
0.25776
0.2571
0.25644
0.25578
0.25511
0.25445
0.25379
0.25313
0.25247
0.25181
0.25115
0.2505
0.24984
0.24918
0.24852
0.24787
0.24721
0.24656
0.2459
0.24525
0.2446
0.24394
0.24329
0.24264
0.24199
0.24133
0.24068
0.24003
0.23938
0.23873
0.23808
0.23744
0.23679
0.23614
0.2355
0.23485
0.2342
0.23356
0.23291
0.23227
0.23163
0.23099
0.23034
0.2297
0.22906
0.22842
0.22778
0.22714
0.2265
0.22586
0.22522
0.22458
0.22395
0.22331
0.22267
0.22204
0.2214
0.22077
0.22013
0.2195
0.21887
0.21823
0.2176
0.21697
0.21634
0.21571
0.21508
0.21445
0.21382
0.21319
0.21256
0.21193
0.21131
0.21068
0.21006
0.20943
0.20881
0.20819
0.20756
0.20694
0.20632
0.2057
0.20508
0.20446
0.20384
0.20322
0.2026
0.20199
0.20137
0.20075
0.20014
0.19952
0.19891
0.19829
0.19768
0.19707
0.19646
0.19584
0.19523
0.19462
0.19401
0.19341
0.1928
0.19219
0.19158
0.19097
0.19037
0.18976
0.18916
0.18855
0.18795
0.18735
0.18674
0.18614
0.18554
0.18494
0.18434
0.18374
0.18314
0.18254
0.18195
0.18135
0.18075
0.18016
0.17956
0.17897
0.17837
0.17778
0.17718
0.17659
0.176
0.17541
0.17482
0.17423
0.17364
0.17305
0.17247
0.17188
0.17129
0.17071
0.17012
0.16954
0.16895
0.16837
0.16779
0.16721
0.16663
0.16605
0.16547
0.16489
0.16431
0.16373
0.16315
0.16258
0.162
0.16142
0.16085
0.16028
0.1597
0.15913
0.15856
0.15799
0.15742
0.15685
0.15628
0.15571
0.15514
0.15457
0.154
0.15344
0.15287
0.15231
0.15174
0.15118
0.15061
0.15005
0.14949
0.14893
0.14837
0.14781
0.14725
0.1467
0.14614
0.14558
0.14503
0.14447
0.14392
0.14337
0.14281
0.14226
0.14171
0.14116
0.14061
0.14006
0.13952
0.13897
0.13842
0.13788
0.13733
0.13679
0.13624
0.1357
0.13516
0.13462
0.13408
0.13354
0.133
0.13246
0.13193
0.13139
0.13085
0.13032
0.12979
0.12925
0.12872
0.12819
0.12766
0.12713
0.1266
0.12607
0.12554
0.12501
0.12449
0.12396
0.12344
0.12291
0.12239
0.12187
0.12135
0.12083
0.12031
0.11979
0.11927
0.11875
0.11823
0.11772
0.1172
0.11669
0.11618
0.11566
0.11515
0.11464
0.11413
0.11362
0.11311
0.11261
0.1121
0.11159
0.11109
0.11059
0.11008
0.10958
0.10908
0.10858
0.10808
0.10758
0.10709
0.10659
0.10609
0.1056
0.1051
0.10461
0.10412
0.10363
0.10314
0.10265
0.10216
0.10167
0.10118
0.10069
0.10021
0.0997
0.0992
0.0988
0.0983
0.0978
0.0973
0.0968
0.0964
0.0959
0.0954
0.0949
0.0945
0.094
0.0935
0.093
0.0926
0.0921
0.0916
0.0912
0.0907
0.0902
0.0898
0.0893
0.0888
0.0884
0.0879
0.0875
0.087
0.0865
0.0861
0.0856
0.0852
0.0847
0.0843
0.0838
0.0834
0.0829
0.0825
0.082
0.0816
0.0811
0.0807
0.0802
0.0798
0.0794
0.0789
0.0785
0.078
0.0776
0.0772
0.0767
0.0763
0.0759
0.0754
0.075
0.0746
0.0741
0.0737
0.0733
0.0729
0.0724
0.072
0.0716
0.0712
0.0707
0.0703
0.0699
0.0695
0.0691
0.0686
0.0682
0.0678
0.0674
0.067
0.0666
0.0662
0.0658
0.0654
0.0649
0.0645
0.0641
0.0637
0.0633
0.0629
0.0625
0.0621
0.0617
0.0613
0.0609
0.0606
0.0602
0.0598
0.0594
0.059
0.0586
0.0582
0.0578
0.0574
0.0571
0.0567
0.0563
0.0559
0.0555
0.0552
0.0548
0.0544
0.054
0.0537
0.0533
0.0529
0.0526
0.0522
0.0518
0.0515
0.0511
0.0507
0.0504
0.05
0.0496
0.0493
0.0489
0.0486
0.0482
0.0479
0.0475
0.0472
0.0468
0.0465
0.0461
0.0458
0.0454
0.0451
0.0447
0.0444
0.044
0.0437
0.0434
0.043
0.0427
0.0424
0.042
0.0417
0.0414
0.041
0.0407
0.0404
0.0401
0.0397
0.0394
0.0391
0.0388
0.0385
0.0381
0.0378
0.0375
0.0372
0.0369
0.0366
0.0363
0.0359
0.0356
0.0353
0.035
0.0347
0.0344
0.0341
0.0338
0.0335
0.0332
0.0329
0.0327
0.0324
0.0321
0.0318
0.0315
0.0312
0.0309
0.0307
0.0304
0.0301
0.0298
0.0295
0.0293
0.029
0.0287
0.0285
0.0282
0.0279
0.0277
0.0274
0.0271
0.0269
0.0266
0.0263
0.0261
0.0258
0.0256
0.0253
0.0251
0.0248
0.0246
0.0243
0.0241
0.0238
0.0236
0.0234
0.0231
0.0229
0.0226
0.0224
0.0222
0.0219
0.0217
0.0215
0.0213
0.021
0.0208
0.0206
0.0204
0.0202
0.0199
0.0197
0.0195
0.0193
0.0191
0.0189
0.0187
0.0185
0.0183
0.0181
