#Sigma on thinning for TALDICE from AICC2012.
0.0454563297622
0.0455649499354
0.0456648775108
0.0457706578995
0.0458881193633
0.0460158725281
0.046153668661
0.0462944316106
0.0464439978538
0.046612848619
0.046782636455
0.0469583335386
0.047305353914
0.047686564049
0.0480707727633
0.0484960420903
0.0489325386389
0.0493679978144
0.0498314438536
0.0502949755585
0.0507490897824
0.0511890063687
0.0515649227402
0.0516169533372
0.0516749575114
0.0521948515117
0.0528225114574
0.0534439182226
0.0540598803499
0.0546800570316
0.0552920033064
0.0559129062924
0.056499426464
0.0570880682249
0.0575321356247
0.0579345924664
0.057817326209
0.0573965941729
0.0569201925094
0.0563801889433
0.055826020882
0.0552295887692
0.0547132598956
0.0543547265199
0.0541508710808
0.0542437794644
0.0546963254425
0.0557525017153
0.0568021483765
0.0578379395225
0.0588760301987
0.059913362375
0.0609293000494
0.0619357483297
0.0626347473524
0.0632679260162
0.0634480638656
0.063620073322
0.0637914152851
0.063956044619
0.0641110797695
0.0642168180661
0.0642904306601
0.0642670325505
0.0640164058092
0.0635802191193
0.0630941623834
0.0626026426584
0.0621109025674
0.0615900528825
0.0610658210519
0.0613673120436
0.0619418746278
0.0630256282606
0.0640850497398
0.0651290779339
0.0661230798548
0.0671008379319
0.0680587428903
0.06839858227
0.0685730146171
0.0686512738162
0.0687180518984
0.0687750945754
0.06880350847
0.0688204731746
0.0688249242551
0.0693339145524
0.0699055614894
0.0704268742488
0.07091354233
0.0713829206522
0.0718271734014
0.0722467509936
0.0724688392736
0.0719057320341
0.0708911168751
0.0696495155314
0.0683104108248
0.0669141957978
0.0654733926462
0.063948985626
0.0624705246693
0.061051053254
0.0607536158051
0.0608115203152
0.0612364546845
0.061642135527
0.0620297002112
0.0623843717891
0.0627910607329
0.0632004042697
0.0634860046935
0.0637463349566
0.0639893383893
0.0642055178275
0.0648906791602
0.0660558238659
0.068063888128
0.0704142555231
0.0727768121797
0.0750076329763
0.0770840196138
0.079083169544
0.0809982847837
0.0816002837596
0.0818021661749
0.0816485982332
0.0814803561549
0.0813072528928
0.0811294936916
0.0809330627992
0.0810491636845
0.08151028903
0.0821016690269
0.0826943949833
0.0832836246786
0.0838843326074
0.0844655989988
0.0850468023822
0.0856957699383
0.0866572801478
0.0876785275521
0.0886589723391
0.0896118251383
0.0905521214557
0.0914760254182
0.0916024534973
0.0914445642193
0.090996130986
0.0905126589282
0.0900046302554
0.0894653461922
0.0888521465881
0.08793963763
0.0868817365017
0.0866331970048
0.0863865905694
0.0861418346972
0.0858993172199
0.0866377470965
0.0876260756162
0.0887403117345
0.0896295762506
0.0905099372088
0.0913839183316
0.0922504962871
0.0930901760151
0.0937876468544
0.0942344111705
0.094453879618
0.0946516519839
0.0948567737111
0.0950739144578
0.0952730992338
0.0954562694158
0.0956769639124
0.0962239671265
0.0970152035151
0.0978922139778
0.0987691780726
0.0995715435652
0.100043378164
0.100328860134
0.100472557534
0.100411935509
0.100303877101
0.100176449407
0.100033250933
0.0998060192839
0.099490292476
0.0989423527963
0.0981046796421
0.0972894773836
0.0964476457454
0.0958643048433
0.0959923154213
0.0966130668527
0.0975314617528
0.0986992394634
0.0998423934198
0.100972695029
0.101939674292
0.102465337052
0.102209825449
0.101825045301
0.101440702597
0.101068982209
0.100688156279
0.100435886585
0.10106380231
0.101569344562
0.101915797257
0.10190252549
0.101878240039
0.101849791478
0.101819784975
0.101234590964
0.100662171445
0.100118281841
0.0996330604516
0.0991437300159
0.0986418579314
0.098121800233
0.097362221068
0.0972397449328
0.0977584184104
0.0989502850776
0.100135797769
0.101331830232
0.102556716133
0.103914178784
0.10516359756
0.106245678509
0.107067095164
0.107885101635
0.108698799289
0.109764564959
0.111530863159
0.113301610496
0.115211354605
0.117204735315
0.119185733596
0.12064343051
0.121814242808
0.122794796763
0.123671124269
0.12440879149
0.1251316443
0.125830636553
0.126495321114
0.127043222896
0.127564053629
0.128029868891
0.128414946069
0.128792608945
0.129162797404
0.129623439042
0.130198994604
0.130765454247
0.13131402109
0.131845117978
0.132355170876
0.132830308152
0.133047753222
0.133191165571
0.133282291265
0.133280254151
0.133240065576
0.133054749496
0.13261655299
0.131798682007
0.131165496266
0.130510972502
0.129817173647
0.129123033888
0.128624466771
0.128389932633
0.128178035493
0.12795481694
0.127725516067
0.127439224524
0.127301804859
0.127351781639
0.127625070899
0.128225833176
0.12888059748
0.129515680476
0.130117473683
0.130734714028
0.131428458447
0.131867866165
0.132167623515
0.132386444189
0.132528753162
0.132500215672
0.132164845714
0.131701871752
0.131169058495
0.130576665218
0.129893417816
0.129183996282
0.129301975932
0.130226747469
0.130905868154
0.131238360667
0.131459678546
0.131598429683
0.131655154931
0.131937840013
0.132771596037
0.134048155443
0.135639256741
0.137309416541
0.137541117201
0.137509409297
0.137262724577
0.136682775292
0.135770138068
0.134856415128
0.134260553559
0.133902235463
0.133660306098
0.133478562384
0.133386431208
0.133434917804
0.1333693876
0.133272714666
0.133224501952
0.133320567721
0.133543126186
0.133853491354
0.133949241184
0.133727174951
0.133312553748
0.132936338158
0.132650789826
0.132474004392
0.131909157992
0.130809692823
0.129162553241
0.127063765712
0.124698119073
0.121924092541
0.120024772493
0.119142847302
0.11905254206
0.119302213658
0.120118188369
0.121118700956
0.122948622076
0.12539252609
0.127713691274
0.129899373211
0.131989051595
0.133973121269
0.13546559176
0.136752713164
0.137841485785
0.138600024302
0.139055489116
0.13954314001
0.140306737635
0.141144779735
0.141936616346
0.142658634539
0.143342340587
0.144124745518
0.14545818422
0.147516417004
0.149682360457
0.151872398965
0.154071397098
0.156097050789
0.157083145299
0.157979273824
0.15840678506
0.158606744093
0.1587666277
0.158762391512
0.158629153049
0.158310234301
0.157797550758
0.157176498523
0.156636857276
0.156237957348
0.155693411531
0.155017645094
0.154360702013
0.15390748665
0.154130709033
0.154787318261
0.156286466173
0.157737360541
0.159060300493
0.159273648739
0.158827628388
0.158122448529
0.157155837195
0.15666903379
0.157712558178
0.159472626303
0.161147736193
0.162721109259
0.164046525688
0.16476550771
0.164282313196
0.163700461027
0.162953282146
0.162091873832
0.16113374436
0.160237379069
0.159544759715
0.159619794483
0.159991854908
0.160692474587
0.162112111069
0.163699686847
0.164609853797
0.164869177388
0.164996183557
0.165205020453
0.165444021646
0.165675387018
0.165922687682
0.166217935668
0.166753276384
0.167316827353
0.168055781869
0.169271811264
0.170728677876
0.171205545037
0.170014285817
0.168727118978
0.167333225304
0.165840560324
0.166353795853
0.166993322527
0.167572097112
0.16796304476
0.168264419093
0.168731352588
0.169262219039
0.169761895368
0.170191963261
0.17057061313
0.17200567684
0.17388251689
0.175682699303
0.177387960076
0.179006488989
0.179739392437
0.18008594533
0.180463733059
0.180994622835
0.181687604956
0.182855223718
0.184440519996
0.185735356189
0.186514784529
0.187038387632
0.187329824038
0.186847982711
0.185856886604
0.184608341211
0.183181607173
0.181455993808
0.179630527031
0.178309739204
0.179358174175
0.181581184356
0.183381909678
0.184610100566
0.184608560281
0.183526512215
0.183233008766
0.183543579119
0.183903111797
0.184353694796
0.184829598585
0.183530988247
0.182166642336
0.18088671324
0.179934949794
0.180487157874
0.182896261451
0.184535045167
0.185261787033
0.185737858987
0.184264403214
0.182256886123
0.180794262654
0.181414494195
0.182528343427
0.183970688054
0.18517406962
0.185607818172
0.185841589184
0.187350308488
0.189356200931
0.191823087894
0.195265826644
0.198468460351
0.200164182525
0.201016539872
0.200554220221
0.19961137586
0.199001526168
0.198305415749
0.197217585443
0.196053900185
0.197001155719
0.198171359734
0.199562885976
0.201238866088
0.202920050289
0.204458607496
0.205739457887
0.206729596254
0.207095254782
0.206984334932
0.207078005629
0.207177961759
0.205607598772
0.202903071454
0.199657955134
0.196000411428
0.195175032003
0.197780439449
0.199870341988
0.200777800525
0.199244910926
0.191345720079
0.194109104014
0.197749960887
0.199288562047
0.198223498691
0.195806142281
0.194149187235
0.199901162812
0.205612804764
0.209321154805
0.211258579307
0.211963046582
0.209852283391
0.207570612062
0.206291518853
0.205773798639
0.204998086055
0.203534395697
0.200557923732
0.199973972177
0.204065838068
0.206976526035
0.20853546646
0.206739783473
0.205166797444
0.21262405479
0.219615745768
0.22537329101
0.228638305169
0.229731342782
0.230150640998
0.229986545719
0.229734037988
0.229724772341
0.230203441982
0.230687580306
0.229542860749
0.227483649277
0.225199581549
0.22276754535
0.223927318628
0.226826084718
0.229537983363
0.232155600806
0.234606447706
0.23664830152
0.238912703818
0.241192716864
0.24199437545
0.241705290851
0.241261584551
0.240577756154
0.24194167028
0.244548581289
0.247338435259
0.250313043981
0.252326145866
0.252822517197
0.253027252163
0.253094700359
0.253451812731
0.254044741056
0.254502368089
0.254885047558
0.255779273021
0.25693066497
0.258165995833
0.259392315339
0.259913432791
0.259907337878
0.259873306668
0.259871165716
0.260345570921
0.26109340061
0.261942632656
0.263099902604
0.265012857678
0.266942765559
0.268839178412
0.270108915663
0.270858730159
0.271236350848
0.271435767407
0.271657386273
0.272072902195
0.272650939082
0.273735510479
0.275483582628
0.277310863999
0.279261344521
0.281109330631
0.282808506145
0.284255592835
0.284674229729
0.284134064389
0.283748010795
0.283615762784
0.28389248387
0.284545643027
0.285367362813
0.286276376326
0.286846719342
0.286955789
0.287043637418
0.287541380704
0.288198074377
0.288806763696
0.289369596114
0.290278715501
0.291503197597
0.29311502855
0.294861973832
0.296575004152
0.298137276231
0.299703256353
0.30131782267
0.302483372602
0.303457929053
0.304150805809
0.30472817557
0.304945483176
0.304936940011
0.305075575632
0.305767465603
0.306449770411
0.306643274877
0.30657289385
0.306145234753
0.305829135267
0.305577683698
0.305383330616
0.305164163029
0.304899797534
0.304710738069
0.304794026361
0.305383673911
0.306437323516
0.307733629867
0.308093577524
0.308446471307
0.30922325742
0.310599312288
0.312496852797
0.314189151063
0.315651600224
0.31704631356
0.31840453118
0.319733490194
0.320937586544
0.322077077772
0.323222783278
0.324221937503
0.32474144495
0.324592125307
0.324538303554
0.324850325303
0.325428948202
0.325816612571
0.326274051662
0.327046800074
0.328110118423
0.329023268425
0.329901535068
0.331048295971
0.332076551588
0.332834847865
0.333520434773
0.33412795025
0.334425137274
0.334498822698
0.334815620481
0.335638089357
0.336223192995
0.336761755176
0.337471527547
0.338527692413
0.339856940852
0.34110685187
0.341393994854
0.341665122441
0.34244752368
0.343546789611
0.344713597014
0.345937640011
0.347394552857
0.348936078909
0.350207722514
0.350444134185
0.350094137413
0.349763926187
0.350301778173
0.351190103457
0.352550008842
0.354507966417
0.35600844972
0.357027597917
0.35798676759
0.358812797344
0.359608643774
0.360588902424
0.361727887322
0.362804533484
0.36372869277
0.364620899668
0.365975664519
0.367239495017
0.3679843587
0.368825946941
0.370352579976
0.372243419491
0.374315527405
0.376196951601
0.376470124265
0.375983934594
0.376685978687
0.377954730977
0.379284940789
0.380700103826
0.382176712801
0.383377111994
0.384579427981
0.386160650083
0.387529691588
0.388109509561
0.388304587652
0.388778137253
0.389612649822
0.390394310542
0.390525526048
0.389763373766
0.389209983913
0.389575089571
0.390252929239
0.3913476804
0.392508017595
0.393538413852
0.394178593767
0.394691290353
0.395373483932
0.396071351723
0.396573135454
0.397050564369
0.397445634248
0.397683249869
0.398156325207
0.399076750384
0.399800003182
0.399651677771
0.399464044167
0.39883964441
0.398458490222
0.399101113997
0.400445522014
0.401506378463
0.402452395902
0.403801799841
0.405463987081
0.40676443631
0.407360294011
0.407341674351
0.407309698539
0.407867641468
0.408992506277
0.409723819573
0.410330141936
0.41092887174
0.4115420786
0.412363747195
0.413435902342
0.414450663167
0.415398838358
0.416540997592
0.417607974257
0.418144962339
0.418866609754
0.419744230007
0.4206854825
0.421911341951
0.42316957131
0.424493169066
0.425851496193
0.42710667526
0.428166213658
0.429052683101
0.429941713797
0.431323607219
0.432545976859
0.433520460946
0.434073726581
0.434569569208
0.435223292371
0.43549378794
0.43554753666
0.435571306904
0.436031482856
0.436401174859
0.436591874655
0.435849270879
0.435243345907
0.435156269063
0.435527486416
0.43644672825
0.436542329845
0.435748151003
0.435785763058
0.436006500762
0.436315137846
0.436260760048
0.435433340169
0.434038021491
0.432292908759
0.430591452469
0.42871808933
0.427064036407
0.426102474516
0.427463987723
0.428353025345
0.428425616274
0.42672419629
0.424248362837
0.4223027975
0.421555403441
0.420967438266
0.420538550428
0.421104588307
0.423020898756
0.424299273716
0.424780183473
0.423903320173
0.42168399416
0.418706962475
0.415223688082
0.412690885229
0.412882438625
0.415518241187
0.416485767772
0.413517101594
0.409620592141
0.40769161433
0.407922957056
0.410312275442
0.417242009656
0.421517390762
0.422792919261
0.425166990514
0.423912674589
0.421204465505
0.421074966962
0.422004271125
0.419166386734
0.424146541572
0.429903604573
0.431390581162
0.42915488812
0.422691086482
0.426924869617
0.429200627278
0.433630732784
0.435638393641
0.433237196694
0.428083380185
0.42783300137
0.429036854618
0.431451915007
0.437046083342
0.441490462043
0.442497960824
0.439003672041
0.436788857499
0.437027225147
0.434574378367
0.440424060595
0.445032479433
0.44673157222
0.444982642498
0.439260443704
0.445927413071
0.450160904891
0.453831416682
0.454714219934
0.452207016851
0.450586912623
0.450144679217
0.450009568315
0.452440073748
0.457097994919
0.459217527864
0.457545302249
0.451377941654
0.457246561701
0.45881318988
0.458390061025
0.456949217446
0.459414731118
0.465422116058
0.469391455001
0.471500440345
0.471695882445
0.469769582929
0.468685557067
0.469440837111
0.468976260027
0.464558162243
0.469843539927
0.473765978047
0.475210341675
0.474561123247
0.471184468688
0.475579841184
0.482908577692
0.486002649599
0.485950846452
0.485289590534
0.484874996239
0.482318306951
0.479399726721
0.477867239107
0.483647701637
0.484067190503
0.480345419021
0.487187453538
0.489374049175
0.491320003876
0.492623150122
0.491229871608
0.487726271358
0.486107700408
0.491634486282
0.495357009664
0.497925951445
0.498983734239
0.499803455321
0.502649458437
0.50466756044
0.505429435418
0.506066620029
0.50629901253
0.505411473976
0.503335353903
0.499620138243
0.501475438534
0.507966279388
0.510788971021
0.510527269126
0.513458790159
0.517410464918
0.520154564183
0.520824854049
0.52056733458
0.520787252264
0.522452995466
0.52407480175
0.525290468205
0.526069581161
0.52594807468
0.524693803443
0.522200336468
0.516866334375
0.518679032269
0.526205073317
0.528940810564
0.531938665801
0.535076174777
0.538829269308
0.541013678034
0.540830870778
0.540054121299
0.540661348427
0.541812495895
0.5444986733
0.548345726731
0.549688594971
0.548910593166
0.54727158923
0.54461195082
0.546901551779
0.553643422647
0.55880928338
0.561738105321
0.563923742608
0.565084859722
0.564296649368
0.562541937471
0.562594658927
0.564545265699
0.566878766136
0.569260630057
0.570592353813
0.571015460311
0.572262594137
0.574466021915
0.576321243623
0.577669921334
0.578355231012
0.576326120153
0.570760180646
0.568463351441
0.573029371275
0.579735809129
0.585399616864
0.587759032176
0.588158595909
0.588767908787
0.588743925614
0.589386156717
0.590697384348
0.590817709165
0.590324301621
0.590831996852
0.592304644537
0.592918842497
0.594647387118
0.597273036602
0.599549443309
0.600972529853
0.602483869185
0.604367674951
0.606547228843
0.608507623641
0.609579136163
0.609961750827
0.60925870806
0.607728963587
0.608288390762
0.610597365716
0.613086737936
0.616439760701
0.620266183084
0.622445379107
0.623157081467
0.622560478099
0.621518143109
0.62152277327
0.621742250676
0.623912022668
0.627447415638
0.630719809067
0.632648152306
0.631968156109
0.6315128696
0.63520697376
0.638786789221
0.640264437026
0.640267672304
0.638952180449
0.640319881291
0.642925699916
0.643728039554
0.642239081463
0.64106434045
0.643177225104
0.649286117916
0.654567305546
0.655427785854
0.653105436705
0.651349208984
0.648754143138
0.64889651097
0.652012994907
0.652926577962
0.652349978523
0.653854178916
0.655908432851
0.657004192488
0.658017051772
0.660697232951
0.664431693012
0.66815387543
0.672519442333
0.670128077001
0.662769180304
0.6657320357
0.667394553522
0.665004726512
0.67507867046
0.680680849066
0.681804461323
0.681760667093
0.683032667166
0.684556187044
0.685446953489
0.687848821217
0.688888432977
0.6896725387
0.692703996319
0.695587044554
0.697308095414
0.698841393007
0.701599504751
0.705511008781
0.709936595121
0.713522568908
0.716176803065
0.718904126568
0.721240810234
0.72359904362
0.725650569774
0.726294960397
0.727272060822
0.727815407106
0.728503405822
0.730159230425
0.734704278985
0.739546352036
0.740009740184
0.738907869402
0.738582453947
0.739546590502
0.741021506386
0.741757683849
0.744487563448
0.748234518319
0.750841841255
0.752579860975
0.753902123817
0.754469481404
0.755024729358
0.756578211428
0.758794509666
0.75994760838
0.760483382641
0.762254273914
0.765539072576
0.768039591165
0.769120863163
0.76978474121
0.770178099297
0.770343389069
0.769555694222
0.769070989236
0.771506641663
0.773175732936
0.775787462428
0.78055587022
0.781654818091
0.781094583986
0.781618966027
0.782200155872
0.78054194641
0.781711867407
0.787491666547
0.792126390836
0.793540824274
0.793115709151
0.796048945348
0.799383988065
0.800735188798
0.800189804646
0.800279177147
0.803187513451
0.807303656214
0.810083729825
0.810304568719
0.808883184902
0.805595600632
0.807784688407
0.811589367758
0.813505780928
0.814337808377
0.81946601182
0.824945256446
0.82504933232
0.816528889873
0.824882484643
0.823713900573
0.831240173728
0.83697121913
0.841513830018
0.841782324747
0.842714674744
0.845642557701
0.846174666973
0.83833226351
0.844563281437
0.845602628763
0.857936984498
0.864750801663
0.86317388225
0.855252332093
0.859379865446
0.859478909717
0.863705066127
0.872422431894
0.877673626479
0.879357506006
0.880894643101
0.881873658168
0.883608847772
0.88458227776
0.885809943955
0.89002285184
0.894920702332
0.897251495293
0.899639086451
0.904618504389
0.90557844809
0.901565402652
0.896319204327
0.907262184678
0.916900629806
0.920572470924
0.91991382554
0.920469859097
0.924876299041
0.928314032064
0.931118556042
0.936238089908
0.939372473518
0.939961183571
0.942996139765
0.947106719238
0.949311371067
0.950568218904
0.952525560319
0.955851823969
0.958353977247
0.960791559797
0.963650967647
0.968845805994
0.972028461346
0.969450269695
0.966036513743
0.973845114015
0.982275684443
0.986597654532
0.988540118256
0.990053072181
0.990900749868
0.991617906666
0.995113063986
1.00190593461
1.0060271903
1.00808613769
1.00706112899
1.00720132691
1.01363981407
1.01965268377
1.02212867247
1.0241921488
1.02827598651
1.03139233913
1.03271284176
1.03492826408
1.04040497288
1.04236279549
1.04300398045
1.0455425109
1.04852797938
1.04949164633
1.04889387821
1.04925934724
1.05350200208
1.05789260699
1.06141990555
1.06101141571
1.06421362805
1.07163712768
1.0788183271
1.08187174967
1.07955684401
1.0845175367
1.09278453285
1.10144398766
1.10475472346
1.1042542164
1.10600643768
1.11803128077
1.12669092723
1.12753762305
1.12502994606
1.12781350545
1.13484170296
1.14040856814
1.1417097267
1.14415520389
1.14818148948
1.15317087737
1.15619623086
1.15854960991
1.15983518927
1.16447924381
1.17328073816
1.17814822015
1.17910509159
1.17903250614
1.18492872521
1.19183571517
1.19619620762
1.19890057282
1.20003281287
1.20548427249
1.21055358704
1.21351158845
1.21655993838
1.2184799602
1.22506523786
1.23077472562
1.23675566559
1.24080204007
1.24129933739
1.24282437568
1.24527523157
1.25316062743
1.25979602236
1.26201539865
1.26354113352
1.26841607241
1.2729769035
1.27736750835
1.28192978555
1.28762618311
1.2920764208
1.29264926023
1.29639709072
1.30379895785
1.30826111099
1.30617845493
1.30925359524
1.31684763055
1.32453194466
1.32815871849
1.3252375885
1.33146341281
1.33511242957
1.33697976395
1.34216904807
1.34907864615
1.34801114473
1.35259188567
1.37040910893
1.37225917256
1.36791479494
1.37795396085
1.39023813134
1.39404123988
1.39539208542
1.39827886187
1.40653761271
1.41375867099
1.41775506769
1.41717206779
1.42550999488
1.44201600578
1.45067215328
1.46341103394
1.47652775456
1.49508192996
1.5065681471
1.51223489129
1.51819265369
1.52264368802
1.52895951188
1.53451467691
1.53563002166
1.54491101613
1.55342470855
1.5573608388
1.55952321465
1.56451324075
1.56997741718
1.57182006333
1.57563535321
1.58323183945
1.59037014936
1.59481920574
1.60363979019
1.61438932841
1.61287074948
1.61666880601
1.62685850184
1.63687148746
1.64110557136
1.64949100922
1.66085609966
1.67316483595
1.68663768491
1.69946093969
1.71217243068
1.72555631469
1.73926446257
1.75270335642
1.76619671156
1.78184195912
1.79897782534
1.81370005581
1.82698999881
1.84139283364
1.84939645701
1.85190546424
1.84586961235
1.83334176421
1.81992653127
1.80650814638
1.79355452045
1.78573311058
1.78258288118
1.78410693416
1.7902925915
1.80445161245
1.81268936063
1.82080276037
1.8281141816
1.83631917097
1.84373222897
1.85185141434
1.86228866995
1.87241659533
1.8808165345
1.89061209311
1.90720613203
1.91887309477
1.92823807092
1.93795825508
1.94791358224
1.95793822572
1.9675774809
1.97739904651
1.9862832058
1.99580885947
1.99913330648
2.00355958033
2.01136382544
2.02069173312
2.03267347543
2.04594261716
2.05943238092
2.07779672001
2.0925233999
2.10480148342
2.11529283049
2.1268961436
2.13982787785
2.15268041406
2.16491088165
2.17626770409
2.18485151542
2.1955468429
2.20799705642
2.22096801281
2.23473239474
2.2484183639
2.26147636817
2.27469196886
2.28425137563
2.29162143279
2.30674473164
2.3215936225
2.33592797947
2.3515418285
2.37592690293
2.39816406123
2.41380409195
2.42471346333
2.43813416805
