#Accu for EDC from AICC2012.
0.03099
0.03099
0.03099
0.03099
0.03099
0.03099
0.03099
0.03112
0.03119
0.03119
0.03119
0.03119
0.03119
0.0308
0.03052
0.03052
0.03052
0.03052
0.03052
0.02842
0.02794
0.02794
0.02794
0.02794
0.0281
0.02819
0.02819
0.02819
0.02819
0.02833
0.02844
0.02844
0.02844
0.02844
0.02768
0.02745
0.02745
0.02745
0.02738
0.02722
0.02722
0.02722
0.02719
0.02623
0.02623
0.02623
0.02624
0.02758
0.02758
0.02758
0.02758
0.02773
0.02775
0.02775
0.02775
0.02736
0.02729
0.02729
0.02729
0.02858
0.02871
0.02871
0.02871
0.02958
0.02974
0.02974
0.02974
0.0275
0.02683
0.02683
0.02676
0.02604
0.02604
0.02604
0.02754
0.02872
0.02872
0.02872
0.03074
0.03124
0.03124
0.03124
0.02862
0.02793
0.02793
0.02773
0.02682
0.02682
0.02682
0.02762
0.02787
0.02787
0.02811
0.02868
0.02868
0.02868
0.0281
0.02794
0.02794
0.02825
0.02883
0.02883
0.02883
0.03018
0.03034
0.03034
0.03
0.02914
0.02914
0.02914
0.02895
0.02891
0.02891
0.02936
0.02985
0.02985
0.02988
0.0304
0.0304
0.0304
0.02854
0.02737
0.02737
0.02782
0.02831
0.02831
0.02837
0.0285
0.0285
0.02845
0.02817
0.02817
0.02815
0.02747
0.02747
0.0275
0.02819
0.02819
0.02819
0.02736
0.02731
0.02734
0.02799
0.02799
0.02795
0.02709
0.02709
0.02744
0.0293
0.0293
0.02922
0.02846
0.02846
0.02842
0.02793
0.02793
0.02777
0.02694
0.02694
0.02759
0.02878
0.02878
0.02846
0.02802
0.02802
0.02742
0.02695
0.02695
0.02885
0.02934
0.02934
0.02882
0.02873
0.02873
0.02485
0.02484
0.02557
0.02634
0.02634
0.0262
0.02618
0.02651
0.02748
0.02748
0.0284
0.02918
0.02918
0.02861
0.02838
0.02838
0.02978
0.02991
0.02986
0.02781
0.02781
0.02833
0.0295
0.0295
0.03005
0.03073
0.03073
0.03115
0.03158
0.03158
0.02991
0.02844
0.02844
0.02874
0.02884
0.02884
0.02746
0.02745
0.02778
0.02836
0.02836
0.02915
0.02954
0.02954
0.02961
0.02962
0.02908
0.02638
0.02638
0.02671
0.02686
0.02704
0.02769
0.02769
0.02795
0.02809
0.02803
0.02706
0.02706
0.02755
0.02795
0.02795
0.02858
0.02858
0.02904
0.02978
0.02978
0.02864
0.02813
0.02838
0.03053
0.03053
0.0304
0.03014
0.03014
0.03039
0.03055
0.03055
0.02895
0.02864
0.02851
0.02809
0.02809
0.02858
0.02879
0.02868
0.02788
0.02788
0.02821
0.02844
0.02849
0.02952
0.02952
0.02934
0.02909
0.02909
0.02869
0.0286
0.02865
0.02881
0.02881
0.02948
0.02982
0.02982
0.02979
0.02979
0.02895
0.02761
0.02761
0.02885
0.02899
0.02883
0.02849
0.02849
0.02993
0.03033
0.02999
0.02752
0.02752
0.02817
0.02851
0.02853
0.02865
0.02865
0.02849
0.02839
0.02841
0.02856
0.02856
0.02795
0.02753
0.02752
0.02748
0.02748
0.02896
0.02961
0.02963
0.02985
0.02985
0.02903
0.02824
0.02824
0.02853
0.02853
0.02821
0.02789
0.02795
0.02946
0.02946
0.02974
0.03009
0.03009
0.02793
0.0275
0.02803
0.02886
0.02886
0.02932
0.02938
0.02927
0.02902
0.02902
0.02604
0.02525
0.02618
0.02702
0.02667
0.02529
0.02529
0.03002
0.03021
0.02949
0.02826
0.02826
0.02814
0.02812
0.0283
0.02856
0.02856
0.03023
0.0304
0.03015
0.02952
0.02952
0.03006
0.03029
0.03004
0.02732
0.02732
0.02673
0.02649
0.02751
0.02934
0.02934
0.02815
0.02794
0.028
0.02809
0.02809
0.02869
0.02872
0.02844
0.02816
0.02812
0.02714
0.02714
0.02778
0.02811
0.02769
0.02655
0.02655
0.02666
0.02666
0.02845
0.02962
0.02925
0.02579
0.02579
0.02805
0.02859
0.02736
0.02563
0.02579
0.02654
0.02654
0.02792
0.02813
0.02786
0.02753
0.02741
0.02603
0.02603
0.02775
0.02816
0.02895
0.03027
0.03027
0.02759
0.02699
0.02737
0.02782
0.02773
0.0264
0.0264
0.02669
0.02677
0.02663
0.02649
0.02587
0.02383
0.02411
0.02578
0.02578
0.02584
0.02585
0.02819
0.02932
0.02842
0.02549
0.02548
0.02515
0.02515
0.02626
0.0265
0.0269
0.02721
0.02761
0.02899
0.02899
0.02889
0.02885
0.02801
0.02615
0.02623
0.02854
0.02854
0.02796
0.02758
0.02762
0.02775
0.02775
0.02624
0.02607
0.02743
0.0282
0.02804
0.0276
0.0276
0.02618
0.02605
0.02557
0.02537
0.02486
0.02443
0.02542
0.02683
0.02629
0.02398
0.02409
0.02485
0.02488
0.02627
0.02627
0.02604
0.02598
0.02571
0.02552
0.02518
0.02472
0.02522
0.02642
0.02646
0.02702
0.02702
0.02652
0.02638
0.02699
0.02753
0.02756
0.02769
0.02769
0.02701
0.02692
0.02641
0.02607
0.02652
0.02732
0.02717
0.02519
0.02519
0.02776
0.02802
0.02765
0.02736
0.02756
0.02823
0.02823
0.02763
0.02753
0.02761
0.02769
0.02769
0.02771
0.02771
0.02577
0.02543
0.02659
0.02715
0.02815
0.0298
0.0298
0.0276
0.02734
0.02797
0.02846
0.02848
0.02858
0.02858
0.02931
0.02956
0.02985
0.0307
0.0307
0.02798
0.02688
0.0275
0.02852
0.02852
0.0299
0.0299
0.02919
0.02846
0.02861
0.03073
0.03073
0.03059
0.03045
0.03045
0.03177
0.03188
0.03056
0.02717
0.02717
0.02826
0.02835
0.02917
0.02992
0.02986
0.02833
0.02833
0.02889
0.02921
0.02945
0.03047
0.03047
0.02964
0.02919
0.02961
0.03162
0.03162
0.03065
0.02982
0.02982
0.02976
0.02976
0.02912
0.02856
0.02872
0.03006
0.03006
0.0291
0.02848
0.0284
0.02809
0.02809
0.02795
0.02793
0.02988
0.03236
0.03236
0.03272
0.03282
0.03268
0.02854
0.02854
0.02839
0.0283
0.02859
0.02945
0.02945
0.02953
0.02955
0.02887
0.02756
0.02757
0.02873
0.02873
0.02948
0.02999
0.02976
0.02771
0.02771
0.02919
0.02967
0.02888
0.02717
0.02718
0.03019
0.03019
0.02958
0.02898
0.02891
0.02801
0.02801
0.02706
0.02673
0.02863
0.03102
0.03102
0.02927
0.0291
0.0287
0.02829
0.02863
0.03156
0.03156
0.02986
0.0283
0.02821
0.02759
0.02759
0.03023
0.03088
0.03106
0.03159
0.03159
0.02903
0.02777
0.02772
0.0276
0.0276
0.02925
0.02926
0.02944
0.02957
0.02945
0.02836
0.02836
0.02886
0.02904
0.02769
0.0253
0.02535
0.02555
0.02555
0.02552
0.02552
0.02395
0.02389
0.02579
0.02588
0.02451
0.02423
0.02362
0.02348
0.02198
0.02178
0.02249
0.02279
0.02431
0.02417
0.02341
0.02288
0.02105
0.02113
0.02122
0.02142
0.02151
0.02225
0.02225
0.02113
0.02046
0.01913
0.01917
0.01923
0.01957
0.02007
0.02058
0.02067
0.0205
0.01877
0.01941
0.02003
0.02079
0.02081
0.02031
0.01989
0.01944
0.0206
0.02082
0.02081
0.02018
0.01938
0.02013
0.02051
0.02187
0.0215
0.02079
0.0215
0.02201
0.0211
0.02075
0.01902
0.01945
0.01992
0.02034
0.0207
0.02236
0.02186
0.02089
0.02006
0.01954
0.01931
0.0197
0.02038
0.02025
0.02024
0.02153
0.02156
0.02164
0.02089
0.02016
0.02141
0.02178
0.02407
0.02398
0.02233
0.02204
0.02105
0.02171
0.02249
0.02317
0.0236
0.02265
0.02225
0.02594
0.02687
0.02543
0.02475
0.02439
0.02418
0.02203
0.021
0.02287
0.02306
0.02116
0.02128
0.02161
0.02108
0.0206
0.01944
0.01948
0.02043
0.02039
0.02035
0.02166
0.02182
0.02148
0.0215
0.02153
0.02043
0.01969
0.02256
0.02246
0.01948
0.0201
0.02081
0.02085
0.02083
0.02055
0.02007
0.0194
0.01869
0.01854
0.01855
0.01852
0.01855
0.01866
0.01944
0.01962
0.01874
0.01874
0.0187
0.01809
0.01879
0.01934
0.01898
0.01895
0.0189
0.01847
0.01817
0.01782
0.01815
0.01792
0.01765
0.01774
0.01714
0.01676
0.01679
0.01773
0.01786
0.01778
0.01699
0.01672
0.01674
0.0175
0.01683
0.01668
0.01665
0.01619
0.01545
0.01557
0.01593
0.01605
0.01579
0.015
0.0148
0.01493
0.01466
0.01444
0.01394
0.01483
0.01492
0.0149
0.01526
0.01418
0.01501
0.01384
0.01392
0.01401
0.01386
0.01392
0.01351
0.01292
0.01292
0.01293
0.01273
0.01439
0.01353
0.01303
0.01341
0.01345
0.01297
0.01265
0.0128
0.0131
0.01331
0.01345
0.0133
0.01301
0.013
0.01306
0.01289
0.01296
0.012
0.0138
0.01342
0.01356
0.01292
0.01294
0.01295
0.0131
0.01316
0.01316
0.01304
0.01276
0.01311
0.01343
0.01236
0.01262
0.01357
0.01306
0.01319
0.01477
0.01306
0.01332
0.01269
0.01301
0.01276
0.01258
0.01239
0.01266
0.01232
0.01255
0.01336
0.0138
0.01367
0.0129
0.01223
0.01246
0.013
0.01321
0.0133
0.01334
0.01296
0.01302
0.01289
0.01268
0.01254
0.0124
0.01335
0.01367
0.01316
0.0129
0.0127
0.01274
0.01342
0.01309
0.013
0.01295
0.01286
0.01242
0.01296
0.01311
0.01354
0.01323
0.01252
0.01247
0.0132
0.01408
0.01392
0.01293
0.01275
0.01316
0.01279
0.01241
0.01281
0.01344
0.01386
0.01403
0.0131
0.0133
0.01276
0.01293
0.01251
0.01232
0.01269
0.01365
0.01229
0.01241
0.01422
0.01337
0.01316
0.01358
0.01316
0.01277
0.013
0.0127
0.01282
0.01286
0.01285
0.01273
0.01288
0.01344
0.01386
0.01407
0.01404
0.01369
0.01341
0.01339
0.01239
0.01294
0.01342
0.01327
0.01381
0.01365
0.01349
0.01386
0.01354
0.01319
0.01282
0.01211
0.01231
0.01269
0.01269
0.01177
0.01261
0.013
0.01341
0.01337
0.0127
0.01292
0.01227
0.01221
0.01458
0.01347
0.01249
0.01208
0.01218
0.01231
0.0124
0.01277
0.0125
0.0129
0.01247
0.01235
0.01252
0.01294
0.01287
0.0121
0.01179
0.01205
0.01248
0.0125
0.01248
0.01263
0.01282
0.01275
0.01231
0.01229
0.01245
0.01221
0.01305
0.01273
0.0123
0.01311
0.01254
0.01237
0.01303
0.01188
0.01234
0.01333
0.01238
0.01294
0.0127
0.01227
0.01205
0.01233
0.01299
0.01289
0.0125
0.01231
0.01251
0.01257
0.01249
0.01256
0.01307
0.01373
0.01399
0.01449
0.01493
0.0137
0.0134
0.01352
0.01206
0.01322
0.01466
0.01509
0.01394
0.01347
0.01315
0.01396
0.01351
0.01251
0.01212
0.01308
0.01287
0.01234
0.01288
0.01377
0.01364
0.01447
0.01463
0.01408
0.0139
0.01384
0.01348
0.01312
0.0132
0.01333
0.01348
0.01376
0.01394
0.01401
0.01403
0.01428
0.01455
0.01446
0.01538
0.01436
0.01497
0.01442
0.01351
0.01353
0.01403
0.01421
0.01422
0.0144
0.01471
0.01428
0.0135
0.01252
0.01281
0.01283
0.01275
0.01344
0.01264
0.01291
0.01337
0.01361
0.01295
0.01341
0.0134
0.01318
0.01312
0.01316
0.01343
0.01354
0.01355
0.01355
0.01384
0.0148
0.01393
0.0137
0.01398
0.01273
0.01234
0.0129
0.01271
0.01236
0.01283
0.0133
0.01338
0.01317
0.01282
0.01278
0.01243
0.01328
0.01446
0.01437
0.01382
0.01431
0.01529
0.01487
0.01596
0.01426
0.01393
0.01407
0.01388
0.01419
0.01443
0.01433
0.01411
0.01431
0.01424
0.01328
0.01266
0.01274
0.01276
0.01259
0.01304
0.01351
0.01334
0.0137
0.0143
0.01461
0.01488
0.01498
0.01486
0.01497
0.01526
0.01432
0.01455
0.01411
0.01443
0.0146
0.01445
0.0137
0.01395
0.0136
0.01288
0.01268
0.01268
0.01268
0.01269
0.01314
0.0139
0.01318
0.01331
0.0127
0.01328
0.01423
0.01455
0.01395
0.01535
0.0144
0.0149
0.01481
0.01462
0.01512
0.01514
0.01459
0.01458
0.01512
0.01579
0.0151
0.01417
0.01509
0.01565
0.0152
0.01459
0.01439
0.01494
0.01525
0.01441
0.01398
0.0147
0.0151
0.0148
0.01373
0.01432
0.01307
0.01463
0.01459
0.01453
0.01432
0.01349
0.01366
0.01391
0.01425
0.01472
0.01475
0.01454
0.01443
0.01459
0.01458
0.01436
0.01442
0.01442
0.01388
0.01363
0.0139
0.01458
0.01573
0.0165
0.01478
0.01477
0.01511
0.01577
0.01573
0.01547
0.01552
0.01557
0.01494
0.01603
0.01604
0.01722
0.01737
0.01767
0.01863
0.01745
0.01885
0.01899
0.01795
0.01583
0.01556
0.01564
0.01711
0.01754
0.01644
0.01571
0.01536
0.01711
0.0166
0.01659
0.0167
0.01624
0.0166
0.01699
0.01703
0.01685
0.01643
0.01584
0.01545
0.01714
0.0165
0.01666
0.01628
0.01576
0.01613
0.01737
0.0147
0.01488
0.01445
0.01453
0.01458
0.01447
0.01457
0.01428
0.01349
0.0131
0.0133
0.01399
0.01333
0.01452
0.01419
0.01473
0.01478
0.01512
0.01476
0.01484
0.01474
0.01413
0.01389
0.01442
0.01514
0.01549
0.01513
0.01413
0.01355
0.01359
0.01361
0.01366
0.01398
0.01389
0.01352
0.01401
0.0146
0.01488
0.01475
0.01456
0.01538
0.01625
0.01547
0.01515
0.01482
0.01384
0.01615
0.01381
0.01462
0.01378
0.01452
0.01421
0.01339
0.01403
0.01351
0.01357
0.01351
0.01321
0.01338
0.01385
0.01393
0.01458
0.01444
0.01434
0.01494
0.01513
0.01479
0.01429
0.01535
0.01409
0.01493
0.01467
0.01538
0.01625
0.01597
0.01587
0.016
0.01623
0.01608
0.01565
0.0158
0.0147
0.01478
0.01657
0.01602
0.01539
0.01477
0.01469
0.01515
0.01512
0.01509
0.01498
0.01427
0.01401
0.0146
0.01463
0.01402
0.01386
0.014
0.01367
0.01355
0.0139
0.01448
0.01533
0.01483
0.01413
0.01417
0.01419
0.01469
0.01495
0.01475
0.01476
0.01487
0.01502
0.01499
0.01509
0.01548
0.01594
0.01617
0.01604
0.01596
0.01607
0.01653
0.01637
0.01643
0.01617
0.01678
0.01722
0.01674
0.01697
0.01665
0.01799
0.01811
0.01786
0.01796
0.01991
0.01871
0.01748
0.01698
0.01754
0.01859
0.01711
0.01733
0.01735
0.01749
0.01784
0.0181
0.01962
0.0203
0.02029
0.01856
0.01859
0.01859
0.01861
0.01845
0.01679
0.01668
0.01664
0.01712
0.01711
0.01695
0.01704
0.01649
0.01634
0.01705
0.01758
0.01776
0.0173
0.01638
0.01601
0.01649
0.01607
0.01631
0.01598
0.01609
0.01678
0.01675
0.01593
0.01553
0.01598
0.01537
0.01384
0.01435
0.01438
0.01412
0.01463
0.01507
0.01515
0.01584
0.01625
0.01621
0.01558
0.01588
0.01393
0.01512
0.01594
0.01421
0.01431
0.01584
0.01603
0.0163
0.01536
0.01503
0.01492
0.01468
0.01508
0.01477
0.01472
0.01441
0.01502
0.01492
0.01563
0.01593
0.01547
0.01578
0.01613
0.01555
0.01541
0.01585
0.01546
0.01497
0.01482
0.01562
0.01628
0.0162
0.01662
0.01592
0.0152
0.01526
0.01583
0.01626
0.01709
0.01615
0.01517
0.01525
0.01605
0.01606
0.01575
0.01591
0.01557
0.01558
0.01621
0.01622
0.01497
0.01532
0.01541
0.01563
0.01601
0.01596
0.01619
0.01588
0.01646
0.01698
0.01674
0.01626
0.01599
0.01616
0.01673
0.01685
0.01807
0.0165
0.0171
0.01817
0.01837
0.01817
0.01835
0.01712
0.01584
0.0167
0.01654
0.01666
0.01684
0.01731
0.01745
0.01658
0.01731
0.01716
0.01808
0.01715
0.01785
0.0185
0.01801
0.01728
0.01657
0.01637
0.01773
0.01892
0.01858
0.01783
0.01877
0.01873
0.01908
0.01922
0.01931
0.01948
0.01925
0.01848
0.01767
0.01726
0.01702
0.01612
0.01617
0.01658
0.01817
0.01758
0.01768
0.01732
0.0169
0.01677
0.0166
0.01649
0.01783
0.01772
0.01805
0.01768
0.0167
0.01615
0.01603
0.01564
0.01565
0.01585
0.0153
0.01498
0.0153
0.01596
0.01696
0.01683
0.01651
0.01737
0.01763
0.01646
0.01658
0.01684
0.01645
0.0164
0.01676
0.01634
0.01557
0.01603
0.01639
0.01628
0.01582
0.01544
0.01472
0.01447
0.01529
0.01532
0.01454
0.01465
0.01521
0.01469
0.01507
0.01588
0.01635
0.01594
0.01535
0.01595
0.01616
0.01591
0.01594
0.01649
0.01668
0.01548
0.01657
0.01585
0.01707
0.0173
0.01731
0.01765
0.01722
0.01695
0.01737
0.01802
0.01889
0.01793
0.01888
0.01858
0.01732
0.01614
0.01642
0.01752
0.01792
0.01708
0.01678
0.01808
0.01806
0.01673
0.01606
0.01648
0.01707
0.01745
0.01762
0.01769
0.0187
0.01729
0.01825
0.01889
0.01889
0.01869
0.01911
0.0193
0.01836
0.01785
0.01814
0.01906
0.02016
0.01908
0.01869
0.01886
0.01882
0.01836
0.01805
0.01768
0.01805
0.01801
0.0181
0.01836
0.01866
0.01864
0.01626
0.01983
0.0179
0.01695
0.01658
0.01766
0.01852
0.01782
0.01703
0.01741
0.01786
0.01615
0.01667
0.01827
0.0182
0.01804
0.01753
0.01663
0.01676
0.01669
0.01658
0.01591
0.01578
0.01629
0.01665
0.01557
0.01623
0.01729
0.01593
0.01669
0.01767
0.01752
0.01647
0.01612
0.01586
0.01581
0.01648
0.0167
0.01602
0.01578
0.01629
0.0164
0.01624
0.01608
0.0158
0.0158
0.01566
0.01513
0.01536
0.01587
0.01561
0.01526
0.01544
0.01563
0.01535
0.01499
0.01437
0.01441
0.01366
0.01442
0.01474
0.01467
0.01441
0.01399
0.01367
0.01403
0.01555
0.01366
0.01356
0.01368
0.01399
0.01425
0.01325
0.01304
0.01376
0.01363
0.01203
0.01305
0.01306
0.01302
0.01334
0.01307
0.01334
0.01364
0.01437
0.01587
0.01598
0.01504
0.01582
0.014
0.01483
0.01502
0.0158
0.01528
0.01404
0.0136
0.0139
0.0137
0.0131
0.01378
0.01408
0.01369
0.01337
0.01402
0.01328
0.01378
0.01327
0.01329
0.01356
0.01377
0.01474
0.01436
0.01313
0.01387
0.0134
0.0136
0.01321
0.01296
0.01347
0.01293
0.01362
0.0134
0.01293
0.01278
0.01329
0.01304
0.01265
0.01278
0.01289
0.01246
0.01307
0.01322
0.0134
0.01335
0.01459
0.01277
0.01351
0.0138
0.01314
0.01316
0.01362
0.01329
0.01267
0.01333
0.01293
0.0129
0.01282
0.01335
0.01328
0.01291
0.01363
0.01434
0.01339
0.01307
0.01309
0.01517
0.01374
0.01376
0.01396
0.01325
0.01251
0.01261
0.0128
0.01478
0.01454
0.01471
0.01483
0.01458
0.01462
0.01385
0.01404
0.01301
0.01314
0.01323
0.01256
0.013
0.01255
0.01337
0.01305
0.01314
0.01347
0.01503
0.01396
0.0136
0.0141
0.01574
0.01512
0.01538
0.01457
0.01444
0.01489
0.01504
0.01523
0.01497
0.01614
0.01635
0.01533
0.01666
0.01645
0.01651
0.01706
0.01827
0.0176
0.01804
0.01811
0.01895
0.01839
0.0181
0.01787
0.01735
0.01564
0.01579
0.01765
0.01634
0.01667
0.0171
0.01737
0.01714
0.01598
0.01561
0.01618
0.01617
0.01746
0.01636
0.01616
0.01626
0.01597
0.01608
0.01619
0.01581
0.0156
0.01551
0.01478
0.01557
0.01504
0.01515
0.01408
0.0136
0.01428
0.01419
0.01401
0.01424
0.01471
0.01491
0.0149
0.01523
0.01537
0.01531
0.01594
0.01619
0.01642
0.01628
0.01559
0.01658
0.01586
0.01655
0.01547
0.01762
0.01619
0.01683
0.017
0.01699
0.01665
0.01711
0.01794
0.01952
0.01859
0.01815
0.0181
0.0192
0.01826
0.01942
0.01881
0.01828
0.01867
0.01899
0.01926
0.02017
0.02133
0.01992
0.0206
0.0197
0.01863
0.01843
0.01837
0.01818
0.01795
0.01786
0.0177
0.01699
0.01695
0.01744
0.01755
0.01738
0.01726
0.01705
0.01655
0.01643
0.01661
0.01611
0.01629
0.01528
0.01588
0.01491
0.01463
0.01512
0.01587
0.01583
0.01664
0.01668
0.01521
0.01576
0.01628
0.01681
0.01626
0.01519
0.01649
0.01603
0.017
0.01663
0.01552
0.01582
0.01606
0.01618
0.01671
0.01711
0.01716
0.01688
0.01665
0.01781
0.01712
0.0175
0.01764
0.01678
0.01568
0.01651
0.01637
0.01574
0.01568
0.01601
0.01637
0.01628
0.01643
0.01631
0.01728
0.01685
0.01645
0.01749
0.01718
0.01566
0.01643
0.01774
0.01779
0.0172
0.01729
0.01785
0.01798
0.01825
0.01873
0.01827
0.01752
0.01772
0.01788
0.01721
0.0165
0.01779
0.0177
0.01801
0.0176
0.01915
0.01933
0.01891
0.01848
0.01814
0.01785
0.01821
0.01845
0.01952
0.01977
0.01875
0.01834
0.01811
0.01782
0.01821
0.01885
0.01907
0.01948
0.0201
0.018
0.01904
0.01853
0.0198
0.01907
0.01846
0.01886
0.01885
0.01923
0.01981
0.01942
0.0191
0.01945
0.01916
0.0187
0.01866
0.01845
0.01855
0.01878
0.0183
0.0181
0.01872
0.01969
0.02037
0.01997
0.01871
0.01872
0.01981
0.02006
0.02001
0.01992
0.02206
0.02171
0.02113
0.02088
0.02063
0.02075
0.019
0.02022
0.01992
0.02071
0.02019
0.02063
0.02155
0.02226
0.02262
0.02174
0.0225
0.02177
0.02172
0.02162
0.02087
0.02142
0.02448
0.02213
0.02205
0.02249
0.02218
0.02141
0.02158
0.02198
0.02228
0.02246
0.02276
0.02368
0.02364
0.02348
0.02357
0.0239
0.02403
0.02208
0.02184
0.02158
0.02162
0.02244
0.02093
0.0217
0.02191
0.02238
0.02318
0.02348
0.02006
0.02193
0.02135
0.02246
0.02255
0.02206
0.02166
0.02083
0.022
0.01986
0.02076
0.02053
0.02068
0.02139
0.02152
0.02081
0.02107
0.02087
0.02183
0.02198
0.02123
0.0202
0.01975
0.02057
0.02107
0.01936
0.0196
0.02018
0.01977
0.01937
0.02064
0.02266
0.02018
0.01969
0.01987
0.01953
0.0195
0.01982
0.01952
0.01909
0.01934
0.01966
0.01935
0.01865
0.01853
0.01861
0.01893
0.01947
0.01949
0.01943
0.01933
0.01835
0.0184
0.01857
0.01866
0.01861
0.01806
0.01773
0.01741
0.01702
0.01707
0.0191
0.01738
0.01768
0.01744
0.01798
0.01708
0.01726
0.01652
0.01562
0.01496
0.01501
0.01641
0.01739
0.01659
0.01586
0.0165
0.01646
0.01694
0.01615
0.01684
0.01602
0.01658
0.01723
0.0176
0.01741
0.01669
0.01659
0.01716
0.01615
0.01731
0.01659
0.01633
0.0172
0.01718
0.01694
0.0178
0.0185
0.01811
0.01863
0.01833
0.01826
0.01704
0.01701
0.01751
0.01728
0.01723
0.01939
0.01923
0.01885
0.01929
0.01894
0.0185
0.01702
0.01751
0.01879
0.01885
0.01852
0.01856
0.01957
0.02017
0.01933
0.01845
0.01826
0.01827
0.01879
0.01938
0.01758
0.01747
0.0184
0.01914
0.01614
0.01638
0.01668
0.01698
0.0174
0.01791
0.01917
0.01871
0.01786
0.01794
0.01808
0.01704
0.01719
0.01706
0.01738
0.01755
0.01671
0.01942
0.0191
0.01799
0.01731
0.01735
0.01805
0.01797
0.01802
0.01903
0.0185
0.01839
0.01832
0.01774
0.01764
0.01796
0.01884
0.01962
0.01893
0.01832
0.01889
0.01918
0.0197
0.01805
0.01932
0.0192
0.01923
0.01935
0.01826
0.01769
0.01901
0.01873
0.01849
0.01863
0.01966
0.0202
0.02001
0.0198
0.01905
0.01816
0.01865
0.01965
0.02051
0.01898
0.01933
0.01988
0.01949
0.01934
0.01965
0.02018
0.02022
0.02057
0.02018
0.01839
0.02064
0.01975
0.0184
0.0204
0.01917
0.01911
0.0187
0.0178
0.01936
0.02123
0.02284
0.02291
0.02078
0.02206
0.02154
0.02032
0.02061
0.02054
0.01944
0.01848
0.01915
0.01895
0.0186
0.01901
0.01902
0.01889
0.01935
0.01912
0.01912
0.01971
0.0193
0.01943
0.0209
0.01967
0.01834
0.02001
0.0197
0.02036
0.02111
0.01988
0.01883
0.01932
0.02135
0.01782
0.01882
0.01973
0.02051
0.01905
0.01977
0.01986
0.02006
0.0198
0.01919
0.01912
0.02008
0.01996
0.02009
0.02045
0.02044
0.02042
0.02017
0.01944
0.01967
0.02033
0.01897
0.01938
0.01954
0.02168
0.02062
0.01954
0.01891
0.01909
0.0197
0.02094
0.02031
0.02027
0.01916
0.02033
0.01927
0.01953
0.02024
0.02069
0.02064
0.02063
0.0197
0.01879
0.01899
0.01948
0.01902
0.01969
0.01816
0.02031
0.0197
0.01943
0.01793
0.01814
0.01883
0.01925
0.01888
0.01901
0.01966
0.02048
0.01889
0.02053
0.02062
0.01996
0.01969
0.01874
0.01962
0.01966
0.02019
0.02038
0.01994
0.02032
0.02064
0.02007
0.01987
0.01999
0.0208
0.02021
0.02054
0.01942
0.01987
0.02015
0.02043
0.02052
0.02096
0.01909
0.01915
0.01902
0.01949
0.0202
0.02064
0.02129
0.02157
0.02187
0.0225
0.02197
0.02083
0.02053
0.02001
0.01987
0.02005
0.02038
0.02012
0.02027
0.02039
0.02037
0.01924
0.0199
0.02026
0.02037
0.01904
0.01797
0.019
0.01937
0.01906
0.01932
0.01951
0.01863
0.01968
0.01854
0.01814
0.01822
0.01865
0.01935
0.0176
0.0176
0.01743
0.01819
0.01601
0.01628
0.01669
0.01546
0.01587
0.01646
0.01573
0.01688
0.01629
0.01765
0.01719
0.01762
0.01774
0.01632
0.01742
0.0188
0.01819
0.0175
0.01812
0.01824
0.01828
0.0179
0.01855
0.01959
0.01925
0.01929
0.01935
0.01896
0.01912
0.0206
0.01921
0.01816
0.01821
0.01894
0.01922
0.01872
0.0192
0.01953
0.01938
0.01908
0.01872
0.01852
0.01867
0.01901
0.02065
0.0201
0.01966
0.02012
0.01993
0.01975
0.0208
0.02088
0.02059
0.02124
0.02117
0.02181
0.02191
0.02226
0.0214
0.02019
0.01907
0.01912
0.01958
0.02059
0.0193
0.01981
0.01895
0.01847
0.01868
0.01892
0.01774
0.01833
0.01819
0.01881
0.01781
0.01775
0.01771
0.01678
0.01666
0.01649
0.01634
0.01639
0.01621
0.01578
0.01563
0.01502
0.01611
0.0156
0.01598
0.01576
0.01609
0.01541
0.01608
0.01608
0.01471
0.01611
0.017
0.01662
0.01684
0.01719
0.01569
0.01714
0.01738
0.01746
0.01748
0.0178
0.01823
0.0161
0.01735
0.01926
0.0176
0.01648
0.01712
0.0177
0.0187
0.01832
0.01789
0.01777
0.01746
0.01769
0.01835
0.01806
0.01848
0.01822
0.01774
0.01809
0.01849
0.01896
0.01746
0.01713
0.01819
0.01771
0.01794
0.0186
0.01769
0.01736
0.01765
0.01781
0.01821
0.01744
0.01717
0.01881
0.01855
0.01786
0.01724
0.01857
0.01912
0.01834
0.01964
0.01978
0.01914
0.01842
0.01855
0.01885
0.01936
0.01926
0.01849
0.02021
0.02038
0.01975
0.02015
0.01907
0.01868
0.01992
0.02018
0.01912
0.0204
0.02128
0.02173
0.02109
0.02138
0.02164
0.02206
0.02252
0.0216
0.02136
0.02121
0.0218
0.02266
0.0214
0.02078
0.02089
0.02172
0.02186
0.02408
0.02361
0.02229
0.02192
0.02251
0.02324
0.02393
0.02311
0.02301
0.02337
0.02417
0.0225
0.02288
0.02248
0.02281
0.02345
0.02366
0.0227
0.0225
0.0236
0.02374
0.02278
0.02342
0.02366
0.02233
0.02425
0.02362
0.02147
0.02385
0.02531
0.02512
0.02514
0.02497
0.02494
0.02423
0.02429
0.02504
0.02561
0.02472
0.02456
0.02586
0.02625
0.02618
0.02528
0.02494
0.02664
0.02661
0.02642
0.02638
0.02689
0.02842
0.02605
0.02593
0.02697
0.02676
0.02714
0.02769
0.02693
0.02697
0.0275
0.02748
0.02697
0.02611
0.02695
0.02982
0.02985
0.03024
0.02769
0.0264
0.02724
0.02688
0.02679
0.02799
0.02902
0.02862
0.02724
0.02755
0.02717
0.02675
0.02738
0.02927
0.02752
0.02817
0.02924
0.02956
0.02993
0.0303
0.02957
0.02915
0.02837
0.02834
0.02892
0.02857
0.02873
0.02856
0.02772
0.0282
0.03007
0.02953
0.03084
0.02902
0.02982
0.03141
0.03178
0.03034
0.02931
0.03035
0.02877
0.02842
0.0295
0.02992
0.03047
0.03141
0.02958
0.03269
0.03175
0.03137
0.03087
0.03029
0.03048
0.03117
0.03013
0.02974
0.03018
0.03055
0.03054
0.0307
0.0324
0.03145
0.03162
0.03174
0.03198
0.03266
0.03401
0.03129
0.03177
0.03239
0.03187
0.03131
0.03143
0.03161
0.03162
0.03231
0.03352
0.03339
0.03453
0.03265
0.03173
0.03295
0.03414
0.0324
0.03208
0.03255
0.03301
0.03189
0.02909
0.03088
0.03125
0.03143
0.0315
0.03139
0.03149
0.03363
0.03356
0.03394
0.03416
0.03271
0.03143
0.03234
0.03277
0.03279
0.03271
0.03356
0.03383
0.0333
0.03335
0.03437
0.03545
0.0335
0.03294
0.03326
0.03395
0.03358
0.03326
0.03217
0.03189
0.03319
0.03442
0.03256
0.03282
0.03274
0.03237
0.03345
0.03299
0.03415
0.03316
0.0322
0.03397
0.03561
0.03486
0.03383
0.03346
0.03619
0.03454
0.0344
0.03404
0.03283
0.03057
0.03482
0.03509
0.03615
0.03846
0.03591
0.03724
0.03754
0.03433
0.03485
0.03525
0.03464
0.0329
0.03212
0.03093
0.03295
0.03279
0.03123
0.03038
0.03223
0.03437
0.03472
0.03416
0.03311
0.03171
0.03039
0.03334
0.03139
0.03199
0.03297
0.03314
0.03227
0.03106
0.03311
0.03342
0.03381
0.03385
0.03175
0.03172
0.03199
0.03193
0.03198
0.03158
0.03025
0.02953
0.03342
0.03204
0.03141
0.03232
0.03256
0.0323
0.03351
0.03069
0.03147
0.03353
0.03283
0.03118
0.03053
0.02958
0.02967
0.03196
0.03205
0.0332
0.03344
0.03364
0.03487
0.03593
0.03528
0.03599
0.03741
0.03672
0.03672
0.0366
0.03649
0.03806
0.03622
0.03514
0.03482
0.03548
0.03663
0.0359
0.03469
0.03408
0.03556
0.03755
0.03813
0.03675
0.03741
0.03669
0.03636
0.0371
0.03576
0.03714
0.03898
0.04188
0.04037
0.04045
0.04239
0.04087
0.04073
0.04193
0.04121
0.04059
0.03951
0.04098
0.04066
0.03907
0.0423
0.04322
0.04395
0.04415
0.04419
0.04402
0.04384
0.04371
0.04562
0.04465
0.04225
0.04385
0.04407
0.04253
0.04247
0.04255
0.04417
0.04225
0.04039
0.04222
0.04074
0.0394
0.04111
0.04173
0.04208
0.04042
0.04131
0.04197
0.04239
0.04341
0.04431
0.03854
0.03881
0.03961
0.04331
0.04146
0.04046
0.04177
0.04109
0.04077
0.04123
0.0407
0.0396
0.03658
0.03897
0.04025
0.04139
0.03971
0.04027
0.0406
0.03864
0.03852
0.03904
0.04047
0.03608
0.03763
0.03913
0.03737
0.03719
0.038
0.03876
0.0356
0.0371
0.03644
0.03479
0.03375
0.03645
0.03544
0.0343
0.03351
0.03349
0.03336
0.03306
0.03215
0.03132
0.0314
0.03215
0.03197
0.03183
0.03256
0.03137
0.03044
0.03087
0.0314
0.03166
0.03202
0.03043
0.03028
0.02635
0.02756
0.02867
0.02772
0.02769
0.02661
0.0266
0.02619
0.02629
0.02607
0.02439
0.02451
0.0262
0.02663
0.02696
0.02557
0.0249
0.02492
0.02481
0.02469
0.02334
0.02228
0.02376
0.02264
0.02256
0.02203
0.02201
0.0209
0.02115
0.02318
0.02243
0.02046
0.02025
0.02208
0.02252
0.02213
0.02035
0.01985
0.01942
0.0211
0.01989
0.01968
0.01927
0.01858
0.01979
0.01851
0.01861
0.01856
0.01808
0.01813
0.01806
0.01739
0.0176
0.01727
0.01646
0.01626
0.01607
0.01532
0.01508
0.01511
0.015
0.01457
0.01628
0.01493
0.01558
0.01647
0.01564
0.01435
0.0148
0.01411
0.01377
0.01389
0.01509
0.01422
0.01447
0.01413
0.01404
0.01531
0.01543
0.01445
0.01457
0.01458
0.01503
0.01403
0.01447
0.01476
0.01435
0.0146
0.01411
0.01411
0.01463
0.01378
0.01407
0.01366
0.01298
0.0133
0.01347
0.01348
0.01371
0.01396
0.01394
0.01361
0.01329
0.01395
0.01346
0.01433
0.01334
0.01329
0.01405
0.01439
0.01338
0.01372
0.0134
0.01323
0.01319
0.01367
0.01366
0.01406
0.01362
0.01308
0.01465
0.01477
0.01405
0.01489
0.01414
0.01363
0.01317
0.01377
0.01378
0.01448
0.01437
0.01514
0.01435
0.01354
0.01354
0.01346
0.01458
0.01523
0.01408
0.01332
0.01406
0.01337
0.01359
0.01454
0.01508
0.01435
0.01422
0.01408
0.01469
0.01412
0.01434
0.01458
0.01366
0.01429
0.01455
0.01474
0.01346
0.01404
0.01359
0.01309
0.01361
0.01547
0.01455
0.01407
0.01426
0.01462
0.01488
0.01718
0.01466
0.01502
0.01492
0.01515
0.01438
0.01388
0.01365
0.01355
0.01392
0.01374
0.01456
0.01552
0.01548
0.01461
0.01545
0.01575
0.01485
0.01448
0.01418
0.01431
0.01503
0.01451
0.01431
0.01445
0.01413
0.0148
0.01491
0.01615
0.01503
0.01616
0.01598
0.01612
0.01621
0.01621
0.01596
0.01597
0.01542
0.01537
0.0156
0.01542
0.01545
0.0152
0.0151
0.0155
0.01568
0.01488
0.01582
0.01535
0.01515
0.01517
0.01504
0.01496
0.01483
0.01524
0.01551
0.01519
0.01558
0.01627
0.01548
0.0147
0.01678
0.01493
0.01486
0.01454
0.01401
0.01473
0.01486
0.01497
0.01472
0.01414
0.01335
0.01343
0.01456
0.01442
0.01412
0.01385
0.01306
0.01331
0.01367
0.01329
0.01344
0.014
0.01386
0.01317
0.01413
0.01412
0.01382
0.01335
0.01226
0.01212
0.01228
0.01355
0.01333
0.01273
0.0138
0.01374
0.01363
0.01365
0.01279
0.01322
0.01411
0.01402
0.01404
0.01391
0.01336
0.01592
0.01615
0.0155
0.01606
0.01465
0.01525
0.01607
0.01651
0.01631
0.01713
0.01694
0.01653
0.01825
0.01566
0.01655
0.01566
0.01557
0.01599
0.01549
0.01563
0.01583
0.01421
0.01496
0.01525
0.01559
0.01449
0.01459
0.01448
0.01399
0.01447
0.01371
0.01436
0.01425
0.0157
0.01622
0.01454
0.01683
0.016
0.01627
0.01645
0.01686
0.01638
0.01749
0.01621
0.01598
0.01615
0.01618
0.01629
0.01621
0.0155
0.0159
0.01467
0.01418
0.01539
0.01579
0.01412
0.01371
0.0134
0.0128
0.01322
0.01402
0.01384
0.01368
0.01391
0.01419
0.01323
0.01386
0.01391
0.0148
0.01437
0.01374
0.01407
0.0144
0.01444
0.01326
0.01475
0.01455
0.01504
0.01388
0.01415
0.01435
0.01547
0.01522
0.01527
0.01536
0.0166
0.01613
0.01478
0.01545
0.01595
0.0169
0.01665
0.01749
0.01767
0.01625
0.01648
0.01686
0.01646
0.01524
0.01585
0.01694
0.01679
0.01691
0.01641
0.01536
0.01523
0.01543
0.01657
0.01663
0.01477
0.01508
0.01466
0.01455
0.01504
0.01523
0.01517
0.01463
0.01472
0.01427
0.01419
0.01444
0.01437
0.01557
0.01644
0.01691
0.01746
0.01696
0.01776
0.01785
0.01681
0.01728
0.01624
0.01637
0.01556
0.01478
0.0154
0.01516
0.01426
0.01536
0.01468
0.01518
0.01429
0.01442
0.01383
0.01423
0.0146
0.0147
0.01456
0.01463
0.01478
0.01528
0.01484
0.01544
0.01494
0.01429
0.01531
0.01525
0.01476
0.0145
0.01356
0.01353
0.01315
0.01383
0.01395
0.01377
0.01356
0.01437
0.015
0.01468
0.01613
0.01661
0.01765
0.0172
0.01658
0.01725
0.01675
0.01527
0.01773
0.01829
0.01871
0.01756
0.01797
0.01727
0.01691
0.01684
0.01754
0.01639
0.0163
0.0161
0.01544
0.01475
0.01437
0.01446
0.01392
0.01366
0.01455
0.01574
0.01403
0.01416
0.01534
0.01444
0.01389
0.01379
0.01384
0.01438
0.01406
0.01418
0.01345
0.01367
0.01548
0.01447
0.01321
0.01383
0.01394
0.01344
0.01329
0.01464
0.01427
0.01361
0.01409
0.01387
0.01391
0.01357
0.01425
0.01359
0.01304
0.0135
0.01407
0.01386
0.014
0.01327
0.01346
0.0139
0.01304
0.01364
0.01403
0.01465
0.01503
0.01391
0.01394
0.01413
0.01402
0.01461
0.01467
0.01477
0.01502
0.01648
0.01556
0.01655
0.0159
0.01619
0.0164
0.01659
0.01795
0.01802
0.01778
0.01889
0.01914
0.02032
0.02122
0.02062
0.02058
0.01816
0.01791
0.01789
0.01795
0.0166
0.01711
0.01668
0.01641
0.01822
0.01723
0.01707
0.01628
0.01625
0.01679
0.01654
0.01615
0.01524
0.01674
0.01618
0.01563
0.01439
0.01437
0.01536
0.01429
0.01564
0.01543
0.01533
0.01595
0.01586
0.01657
0.01596
0.01776
0.01809
0.01948
0.01905
0.01939
0.01921
0.01644
0.01699
0.01622
0.01681
0.0171
0.01793
0.01605
0.01502
0.01602
0.0159
0.01611
0.01562
0.01642
0.01534
0.01677
0.0159
0.01659
0.01663
0.017
0.01726
0.01622
0.018
0.01861
0.0181
0.01839
0.01804
0.02093
0.01996
0.01836
0.01864
0.01887
0.0202
0.01893
0.0197
0.01925
0.021
0.01899
0.01922
0.01993
0.02037
0.02056
0.02092
0.02186
0.02143
0.02117
0.02145
0.02332
0.02289
0.02213
0.02248
0.02264
0.0231
0.02395
0.0231
0.02174
0.02296
0.02317
0.02491
0.02618
0.02413
0.02274
0.02342
0.024
0.02394
0.02371
0.02429
0.02366
0.02403
0.02388
0.02313
0.02342
0.02551
0.02516
0.02464
0.0241
0.02508
0.02344
0.02318
0.02333
0.0235
0.02396
0.02486
0.02424
0.02424
0.02398
0.02417
0.02564
0.02208
0.02326
0.0247
0.02508
0.02512
0.02351
0.02262
0.02243
0.02202
0.02235
0.0207
0.02091
0.02101
0.0217
0.0209
0.01982
0.02013
0.02074
0.01924
0.01864
0.01905
0.01956
0.01832
0.01982
0.01892
0.01882
0.01933
0.01968
0.01828
0.01888
0.01984
0.01962
0.01959
0.02146
0.02029
0.01933
0.02028
0.02131
0.02106
0.02137
0.02137
0.02154
0.02234
0.02087
0.02194
0.02204
0.0214
0.02116
0.02139
0.02167
0.02207
0.02293
0.02318
0.02214
0.02181
0.0225
0.02085
0.02209
0.02238
0.02229
0.02202
0.02163
0.02265
0.02234
0.02444
0.02368
0.02354
0.02272
0.02332
0.02347
0.02391
0.02309
0.02302
0.02303
0.02436
0.02503
0.02393
0.02378
0.02511
0.02509
0.02391
0.02478
0.02349
0.02422
0.02542
0.02388
0.02557
0.02442
0.02567
0.02522
0.02586
0.02689
0.02853
0.02611
0.02582
0.02629
0.02623
0.02558
0.02508
0.02377
0.02486
0.02659
0.0268
0.02523
0.02445
0.02645
0.02629
0.02463
0.02489
0.02611
0.02604
0.02412
0.02476
0.02527
0.02495
0.02575
0.02353
0.02424
0.02362
0.0237
0.02496
0.02535
0.02505
0.02487
0.02443
0.02517
0.02574
0.02447
0.02499
0.02517
0.02426
0.02343
0.02306
0.02505
0.02626
0.02575
0.02463
0.02424
0.02506
0.02413
0.02487
0.02529
0.0256
0.0255
0.02573
0.02759
0.02582
0.02751
0.02704
0.02742
0.02712
0.02616
0.02622
0.02656
0.02578
0.02541
0.02511
0.02494
0.02461
0.02435
0.02348
0.02285
0.02366
0.02356
0.02374
0.02328
0.022
0.02237
0.02123
0.02103
0.02114
0.02055
0.02127
0.02202
0.01978
0.01982
0.02006
0.02077
0.01861
0.01796
0.01933
0.01898
0.01846
0.01905
0.01908
0.01973
0.01982
0.01801
0.01891
0.01928
0.01917
0.01754
0.01768
0.01733
0.01813
0.01724
0.01711
0.0163
0.01683
0.01629
0.01646
0.01613
0.01551
0.01582
0.01405
0.01396
0.01557
0.0159
0.01474
0.0145
0.01427
0.01435
0.01416
0.01402
0.01437
0.01397
0.01446
0.01368
0.01404
0.01371
0.0143
0.01381
0.01451
0.0145
0.01478
0.01515
0.0148
0.0146
0.01644
0.01643
0.01699
0.01753
0.019
0.01951
0.0169
0.01786
0.01703
0.01728
0.01756
0.01645
0.01648
0.01533
0.01509
0.01469
0.01529
0.01453
0.01389
0.01398
0.01381
0.01401
0.01408
0.01483
0.01522
0.01727
0.01672
0.01861
0.01586
0.01621
0.01611
0.01454
0.01443
0.01458
0.01459
0.01475
0.01518
0.01555
0.01581
0.01603
0.01673
0.0165
0.01751
0.01658
0.01672
0.01661
0.01659
0.01701
0.01669
0.01718
0.01707
0.01853
0.01833
0.0184
0.01879
0.01862
0.01838
0.01847
0.01844
0.01895
0.0189
0.02099
0.0203
0.02105
0.02106
0.02094
0.02131
0.02012
0.02062
0.02137
0.02237
0.02316
0.02175
0.02254
0.02227
0.02362
0.02244
0.02298
0.02229
0.02187
0.02266
0.02309
0.02355
0.02226
0.02223
0.02286
0.02393
0.02393
0.02311
0.02223
0.02362
0.02338
0.02349
0.02517
0.02437
0.02502
0.02363
0.02289
0.02536
0.02345
0.02295
0.02373
0.02476
0.02699
0.02741
0.02627
0.02542
0.02641
0.02669
0.02713
0.02653
0.02625
0.02716
0.02843
0.02797
0.02796
0.02936
0.03016
0.03049
0.03075
0.0319
0.0304
0.03252
0.03178
0.03426
0.03742
0.03761
0.03666
0.03637
0.03801
0.03616
0.03673
0.03831
0.0375
0.03752
0.03643
0.03588
0.03601
0.03597
0.03399
0.03648
0.03574
0.0352
0.03357
0.03267
0.03225
0.03254
0.03329
0.03352
0.03377
0.0324
0.03107
0.03032
0.03001
0.02964
0.02726
0.02622
0.02471
0.02519
0.02565
0.02467
0.02441
0.02324
0.02351
0.02284
0.02234
0.02213
0.02052
0.02149
0.0207
0.01938
0.02028
0.01893
0.01816
0.01772
0.01698
0.01569
0.01608
0.01631
0.0163
0.01749
0.0176
0.01762
0.01713
0.01818
0.01822
0.01829
0.01725
0.01786
0.01764
0.01673
0.0172
0.01711
0.0162
0.01621
0.01547
0.01559
0.01479
0.01558
0.0153
0.01495
0.01534
0.01542
0.01576
0.01577
0.01499
0.01413
0.01392
0.01424
0.01445
0.01424
0.01512
0.01423
0.0147
0.01403
0.01416
0.01501
0.01525
0.01539
0.01576
0.01467
0.01437
0.01495
0.01532
0.01486
0.0148
0.01496
0.01422
0.01463
0.01502
0.01546
0.0159
0.01606
0.01515
0.01581
0.01608
0.01461
0.01559
0.01608
0.0159
0.01636
0.01676
0.01755
0.01662
0.01555
0.01579
0.01534
0.01423
0.01555
0.01571
0.01529
0.01468
0.01414
0.01472
0.01471
0.01647
0.01577
0.01608
0.01549
0.01478
0.01425
0.01487
0.01554
0.01536
0.01502
0.01608
0.01488
0.01618
0.01736
0.01754
0.01745
0.01647
0.0169
0.01651
0.01581
0.01628
0.01665
0.01567
0.01557
0.01551
0.01586
0.01554
0.01469
0.01453
0.01357
0.01378
0.0145
0.01518
0.01434
0.01389
0.01375
0.01358
0.01441
0.01414
0.01417
0.01407
0.01403
0.01364
0.01389
0.01351
0.0133
0.01402
0.01318
0.01403
0.01416
0.01348
0.01277
0.01321
0.01329
0.01296
0.01298
0.01309
0.01292
0.01327
0.01299
0.01298
0.01336
0.01314
0.01326
0.0132
0.01327
0.01382
0.01339
0.0138
0.01337
0.01328
0.01422
0.01468
0.01438
0.01376
0.0133
0.01396
0.0133
0.01281
0.01419
0.0148
0.01484
0.01412
0.01392
0.01287
0.01452
0.01433
0.01372
0.01426
0.01439
0.01533
0.01612
0.01664
0.01823
0.0164
0.01569
0.01657
0.01602
0.01472
0.01523
0.01641
0.0162
0.01621
0.01672
0.01652
0.01701
0.01686
0.01739
0.01737
0.0176
0.01782
0.01703
0.01741
0.01782
0.01789
0.01764
0.01774
0.01785
0.01656
0.0184
0.01793
0.0182
0.01779
0.01877
0.01872
0.01925
0.01902
0.01818
0.01934
0.01856
0.01847
0.01911
0.01928
0.01942
0.01998
0.02087
0.0204
0.01917
0.01906
0.02022
0.01884
0.02013
0.01956
0.01956
0.0202
0.02102
0.02199
0.02151
0.02141
0.02057
0.02013
0.02089
0.02053
0.02029
0.01876
0.01808
0.0179
0.01853
0.01808
0.01729
0.0165
0.01709
0.01681
0.01726
0.01611
0.0164
0.01492
0.01515
0.01579
0.01683
0.01524
0.01506
0.01491
0.01507
0.01603
0.01573
0.01644
0.01734
0.01921
0.01818
0.01758
0.01696
0.01635
0.0157
0.01543
0.01597
0.01707
0.01484
0.01507
0.01569
0.01616
0.01642
0.01663
0.01685
0.01651
0.01657
0.01749
0.01771
0.01823
0.0189
0.01764
0.01698
0.01654
0.01574
0.01629
0.01581
0.01576
0.01584
0.0175
0.01703
0.01681
0.01722
0.01793
0.01857
0.01783
0.01879
0.01845
0.01991
0.01849
0.01874
0.019
0.01869
0.01969
0.02101
0.02053
0.0198
0.01846
0.01855
0.01832
0.01887
0.01802
0.01634
0.01542
0.01661
0.01606
0.01636
0.01666
0.01719
0.01797
0.01705
0.01759
0.01807
0.01767
0.01738
0.01665
0.01795
0.0175
0.01801
0.01722
0.01832
0.01876
0.01861
0.01854
0.01787
0.01919
0.01855
0.01952
0.01903
0.01853
0.02017
0.0203
0.01966
0.0214
0.02072
0.02245
0.02079
0.02135
0.02178
0.021
0.02175
0.02263
0.0234
0.02096
0.02074
0.02347
0.02313
0.02429
0.02531
0.02621
0.02307
0.02216
0.02222
0.02186
0.02163
0.02097
0.02113
0.02073
0.02131
0.02071
0.01958
0.01908
0.01767
0.01879
0.01903
0.01907
0.01891
0.01896
0.01959
0.01991
0.01928
0.02064
0.02116
0.02147
0.02137
0.02311
0.02165
0.02258
0.02247
0.0229
0.02346
0.0236
0.02468
0.0244
0.02367
0.02498
0.02525
0.02571
0.02609
0.02476
0.02666
0.02606
0.02713
0.02823
0.02818
0.02739
0.02664
0.02749
0.02737
0.02777
0.02846
0.02828
0.02921
0.03019
0.03
0.03145
0.02972
0.02956
0.02914
0.02965
0.03055
0.0295
0.02942
0.03
0.02955
0.03022
0.0317
0.0324
0.03049
0.03107
0.03018
0.03034
0.03018
0.03203
0.03207
0.03142
0.03092
0.02952
0.0289
0.03035
0.02884
0.02969
0.03045
0.02984
0.03074
0.03088
0.03119
0.03119
0.02907
0.03037
0.02959
0.02956
0.02776
0.02838
0.02844
0.02924
0.02942
0.03228
0.03262
0.03124
0.0346
0.03396
0.0359
0.03652
0.03798
0.03927
0.03735
0.03743
0.03937
0.03981
0.04089
0.04179
0.0405
0.03884
0.03912
0.03857
0.03884
0.04196
0.04229
0.04013
0.03969
0.03809
0.03911
0.03927
0.03671
0.03443
0.03561
0.03467
0.03479
0.03233
0.03311
0.03043
0.02971
0.0293
0.02816
0.02782
0.02604
0.0254
0.02543
0.02474
0.02406
0.02355
0.02358
0.02328
0.02241
0.0215
0.02116
0.02029
0.01944
0.01837
0.01862
0.01793
0.01747
0.0167
0.0165
0.01585
0.01529
0.0144
0.01331
0.0129
0.01347
0.01312
0.0125
0.01383
0.01282
0.0142
0.01339
0.01384
0.01333
0.01357
0.01396
0.01379
0.01427
0.0141
0.01356
0.01461
0.01408
0.01406
0.01542
0.01453
0.01372
0.0139
0.01475
0.0169
0.01521
0.01583
0.01574
0.01559
0.01464
0.01524
0.01497
0.01488
0.01491
0.01511
0.01493
0.01502
0.01494
0.01518
0.01561
0.01546
0.01567
0.01438
0.01376
0.01351
0.01335
0.01352
0.01357
0.01401
0.01395
0.01367
0.01374
0.01345
0.01352
0.01317
0.01379
0.01374
0.01374
0.01446
0.01387
0.01451
0.01373
0.01503
0.014
0.01488
0.01542
0.01475
0.01439
0.01594
0.01583
0.01588
0.01529
0.01573
0.01535
0.01429
0.01437
0.01546
0.01561
0.0152
0.01522
0.01532
0.01488
0.01527
0.01564
0.01585
0.01563
0.01535
0.01418
0.01481
0.01536
0.01544
0.01631
0.01591
0.01589
0.01724
0.01677
0.01681
0.01691
0.01686
0.01738
0.01809
0.01929
0.01859
0.01772
0.0173
0.01678
0.01614
0.01464
0.01481
0.01497
0.01524
0.01552
0.01557
0.01588
0.01667
0.01641
0.01684
0.01666
0.01735
0.01613
0.01682
0.01751
0.0177
0.01781
0.01833
0.01924
0.01916
0.01862
0.01905
0.01928
0.02012
0.0199
0.01975
0.01991
0.01824
0.01862
0.01887
0.01744
0.01763
0.01721
0.01786
0.01829
0.01861
0.02005
0.01916
0.01904
0.0201
0.02056
0.02075
0.02203
0.02094
0.0198
0.01925
0.01813
0.01803
0.017
0.01714
0.01579
0.01608
0.01704
0.01676
0.01772
0.0188
0.01868
0.01823
0.01863
0.01868
0.01931
0.0197
0.0203
0.02095
0.02097
0.02194
0.0223
0.02274
0.02262
0.02342
0.02283
0.02326
0.02528
0.02562
0.02401
0.02482
0.02498
0.02562
0.02566
0.02689
0.02679
0.02721
0.0272
0.02849
0.02734
0.02716
0.02546
0.02622
0.0289
0.02862
0.02926
0.02749
0.0284
0.02843
0.02889
0.02944
0.03077
0.03187
0.03074
0.02976
0.03025
0.03235
0.03206
0.03204
0.03188
0.03199
0.03356
0.03173
0.03257
0.03358
0.03392
0.03504
0.03375
0.03405
0.03336
0.03387
0.03341
0.03238
0.0344
0.03364
0.03296
0.03273
0.03391
0.03324
0.03463
0.03497
0.03555
0.03563
0.03427
0.03298
0.03473
0.03402
0.03662
0.03629
0.03394
0.03688
0.03414
0.03511
0.03581
0.03437
0.03375
0.03321
0.03419
0.03555
0.03556
0.03397
0.03501
0.03469
0.03369
0.03278
0.03369
0.03293
0.03269
0.033
0.0321
0.0323
0.03242
0.03333
0.03217
0.02996
0.02974
0.03009
0.02999
0.02946
0.03173
0.03025
0.03001
0.03062
0.03025
0.02847
0.02939
0.02989
0.02922
0.02914
0.03048
0.02971
0.02973
0.02922
0.03066
0.02998
0.03092
0.03135
0.03026
0.03012
0.03089
0.02951
0.0293
0.02878
0.03138
0.02887
0.0286
0.02917
0.02798
0.02834
0.02883
0.02814
0.02777
0.02624
0.02655
0.02547
0.02518
0.0261
0.02648
0.02514
0.02462
0.02582
0.02529
0.02779
0.03057
0.0313
0.03024
0.02918
0.02745
0.02735
0.02522
0.02333
0.0249
0.02355
0.02228
0.02006
0.02012
0.01806
0.01964
0.01679
0.01647
0.0153
0.01458
0.01443
0.01398
0.01442
0.01418
0.01454
0.01576
0.01447
0.01406
0.01461
0.01379
0.01497
0.01452
0.01369
0.01332
0.01403
0.01422
0.01401
0.01411
0.01475
0.01443
0.01441
0.01504
0.01594
0.015
0.01542
0.01543
0.01516
0.01545
0.01739
0.0172
0.0168
0.01534
0.01572
0.01575
0.01521
0.01484
0.01659
0.01604
0.01493
0.01579
0.01592
0.01645
0.01617
0.01559
0.01445
0.0135
0.01375
0.01325
0.01359
0.014
0.01416
0.01429
0.01535
0.01578
0.0151
0.01539
0.01417
0.01391
0.01381
0.01421
0.01436
0.01357
0.01494
0.01648
0.0154
0.01675
0.01862
0.01929
0.02094
0.01962
0.01804
0.01693
0.01563
0.01616
0.01751
0.01862
0.01948
0.02026
0.02065
0.01941
0.0184
0.01709
0.01745
0.01836
0.01873
0.01903
0.01843
0.0194
0.01977
0.02044
0.02013
0.02087
0.02086
0.0216
0.02129
0.02147
0.02158
0.02153
0.02195
0.02287
0.02295
0.02338
0.02373
0.02347
0.02604
0.02365
0.02385
0.02418
0.02406
0.0238
0.02301
0.0227
0.02212
0.02209
0.02177
0.02176
0.02171
0.02212
0.02094
0.02168
0.02112
0.0211
0.02111
0.02152
0.02121
0.02114
0.0208
0.0214
0.02081
0.02108
0.02091
0.02122
0.02131
0.02026
0.02032
0.0202
0.02003
0.01995
0.01934
0.02048
0.02003
0.02
0.02015
0.02045
0.02003
0.02084
0.0201
0.01895
0.01846
0.01863
0.01915
0.01954
0.01968
0.01988
0.01982
0.01915
0.01732
0.01737
0.01769
0.0176
0.01794
0.01774
0.01757
0.01744
0.01738
0.01773
0.01788
0.01792
0.01771
0.01809
0.01912
0.019
0.01871
0.01874
0.01968
0.02038
0.02049
0.01966
0.01993
0.01999
0.0215
0.02057
0.02159
0.02139
0.02163
0.0217
0.02212
0.02168
0.02181
0.02206
0.02178
0.02247
0.02088
0.0219
0.02182
0.02199
0.02157
0.01931
0.01976
0.0197
0.02026
0.01992
0.02006
0.01914
0.02025
0.02021
0.01925
0.01938
0.01947
0.0202
0.01926
0.01998
0.02053
0.0209
0.02034
0.02027
0.01902
0.0186
0.01753
0.01645
0.01559
0.01587
0.01505
0.01535
0.01503
0.01569
0.01577
0.01661
0.0161
0.01643
0.01636
0.01645
0.01653
0.0153
0.01495
0.01524
0.01536
0.01539
0.0154
0.01561
0.01586
0.01565
0.01548
0.01504
0.01498
0.01464
0.01451
0.01485
0.01618
0.01628
0.01595
0.01598
0.01649
0.01761
0.01849
0.01785
0.01694
0.01697
0.01593
0.01703
0.01699
0.01845
0.01893
0.01984
0.01998
0.02137
0.02234
0.02329
0.0228
0.02219
0.02015
0.02072
0.02025
0.01907
0.01953
0.01867
0.01856
0.01766
0.01734
0.01608
0.01634
0.01708
0.01828
0.01817
0.01845
0.01865
0.01869
0.01927
0.0195
0.01923
0.02023
0.02035
0.02088
0.02096
0.02143
0.02155
0.02206
0.02176
0.02252
0.0224
0.02297
0.02279
0.02378
0.02494
0.02415
0.02406
0.02373
0.02359
0.02402
0.02499
0.02456
0.02451
0.02441
0.02459
0.02413
0.02498
0.02446
0.02546
0.02593
0.02485
0.02432
0.02539
0.02519
0.02556
0.02508
0.02524
0.02466
0.02529
0.0262
0.02536
0.02544
0.02495
0.02529
0.02525
0.02499
0.02528
0.02542
0.02526
0.02538
0.02555
0.02541
0.02486
0.02523
0.02461
0.02448
0.02542
0.02524
0.02569
0.0238
0.02504
0.02568
0.02582
0.02482
0.02584
0.02563
0.0261
0.02612
0.02579
0.02663
0.02626
0.02552
0.02496
0.02468
0.02486
0.02445
0.02459
0.02483
0.02475
0.02386
0.02555
0.02581
0.02533
0.02619
0.02734
0.02702
0.02703
0.02721
0.02703
0.02731
0.02642
0.02527
0.02289
0.02338
0.0221
0.02082
0.02057
0.01951
0.01803
0.01728
0.01632
0.01602
0.01757
0.01778
0.0172
0.01817
0.01618
0.0165
0.01712
0.01862
0.01963
0.0203
0.02182
0.02187
0.01917
0.01782
0.01816
0.01926
0.01929
0.02043
0.02014
0.02124
0.02043
0.01884
0.0175
0.01601
0.01713
0.01823
0.0184
0.01855
0.02048
0.01981
0.01935
0.01978
0.01971
0.02022
0.02097
0.02104
0.02132
0.02326
0.02382
0.02406
0.02469
0.02557
0.02626
0.02674
0.02551
0.02584
0.02584
0.02726
0.02664
0.02669
0.02614
0.02697
0.02629
0.02589
0.02483
0.0241
0.02528
0.02443
0.0257
0.02512
0.0252
0.02486
0.02403
0.02342
0.02393
0.02393
0.02505
0.02291
0.02054
0.01844
0.01589
0.01398
0.01365
0.01349
0.01436
0.01353
0.01349
0.01416
0.01377
0.01354
0.01352
0.01457
0.01581
0.0156
0.01543
0.01539
0.01596
0.01629
0.0154
0.01567
0.01507
0.015
0.01568
0.0166
0.01692
0.01648
0.0154
0.01475
0.01471
0.01387
0.01434
0.01551
0.01497
0.01416
0.01347
0.01333
0.0134
0.01346
0.01425
0.01535
0.01667
0.01605
0.01628
0.01513
0.01503
0.01476
0.0151
0.01534
0.01558
0.01655
0.01664
0.01817
0.01799
0.017
0.01576
0.01638
0.01761
0.01967
0.01866
0.01751
0.01673
0.01586
0.01539
0.01592
0.01655
0.01798
0.01858
0.0183
0.01808
0.01845
0.01911
0.01925
0.01975
0.01985
0.01978
0.02039
0.02057
0.02039
0.02123
0.0213
0.02132
0.02134
0.02092
0.02159
0.02198
0.02215
0.02186
0.02306
0.02348
0.02297
0.0228
0.02397
0.02343
0.02421
0.02573
0.02493
0.02403
0.02498
0.02444
0.02442
0.02489
0.02469
0.02478
0.02513
0.0254
0.02484
0.02465
0.02505
0.02487
0.02464
0.02475
0.02458
0.02384
0.02322
0.02333
0.0228
0.02346
0.02376
0.02412
0.025
0.02447
0.02364
0.02347
0.02379
0.02363
0.02295
0.02242
0.02212
0.02213
0.02163
0.0211
0.0212
0.02129
0.02152
0.02164
0.02062
0.02085
0.02052
0.02064
0.02056
0.02033
0.01957
0.02102
0.02083
0.02044
0.01874
0.01904
0.01862
0.01674
0.01863
0.01606
0.01569
0.01465
0.01808
0.01796
0.01617
0.0178
0.01895
0.01716
0.01737
0.01722
0.01757
0.01778
0.01852
0.01841
0.01695
0.01712
0.01919
0.02029
0.02028
0.02096
0.01962
0.02011
0.02059
0.01901
0.02136
0.01984
0.01883
0.01971
0.0186
0.01785
0.01592
0.01506
0.01434
0.01419
0.01408
0.0141
0.01389
0.01341
0.01355
0.01381
0.01419
0.01401
0.01393
0.01436
0.01403
0.01395
0.01409
0.01415
0.01433
0.01411
0.014
0.01397
0.01418
0.01421
0.01435
0.01454
0.01491
0.01526
0.01572
0.01717
0.01862
0.01956
0.01869
0.01803
0.01763
0.0172
0.01583
0.01553
0.0158
0.01652
0.01784
0.01877
0.01928
0.01965
0.01896
0.01826
0.01695
0.01652
0.01709
0.01809
0.01937
0.02058
0.0213
0.02031
0.01966
0.01918
0.01961
0.02044
0.02112
0.0222
0.02277
0.02274
0.02278
0.02352
0.02389
0.02398
0.02391
0.0235
0.02373
0.02476
0.02435
0.02503
0.02524
0.02664
0.02698
0.02713
0.02854
0.02747
0.02565
0.0243
0.0239
0.02289
0.02173
0.02064
0.01924
0.01834
0.01787
0.0169
0.01565
0.01442
0.01403
0.01358
0.01369
0.01363
0.01409
0.01367
0.01379
0.0133
0.0138
0.01503
0.01456
0.01484
0.01539
0.01556
0.01573
0.0159
0.01585
0.01539
0.01561
0.0158
0.01608
0.0162
0.01615
0.01595
0.01521
0.0159
0.01615
0.01593
0.016
0.01575
0.01544
0.01531
0.01472
0.01482
0.01492
0.01531
0.01532
0.01542
0.01599
0.01559
0.01671
0.01574
0.0159
0.01613
0.01593
0.01593
0.01632
0.01557
0.01546
0.01563
0.0158
0.01563
0.01518
0.01453
0.01459
0.01455
0.01446
0.01439
0.01419
0.01443
0.01455
0.01491
0.01529
0.01549
0.01578
0.01629
0.01506
0.01522
0.01508
0.0149
0.01565
0.01598
0.0162
0.01581
0.0158
0.01549
0.01539
0.01544
0.01537
0.01546
0.01537
0.01556
0.01575
0.01611
0.01673
0.01561
0.0152
0.01519
0.01626
0.0159
0.01605
0.01605
0.01547
0.01589
0.01571
0.01494
0.01469
0.01482
0.0149
0.01517
0.01489
0.01473
0.01435
0.01468
0.01484
0.01491
0.0143
0.01432
0.01365
0.01397
0.01399
0.01405
0.01354
0.01453
0.01348
0.01397
0.01382
0.01377
0.01376
0.01315
0.01335
0.01356
0.0135
0.01388
0.01403
0.0141
0.01358
0.01377
0.01396
0.01396
