#Sigma on accu for EDC from AICC2012.
0.15
0.15
0.15
0.15
0.15
0.15
0.15
0.15
0.15
0.15
0.15
0.15
0.15
0.15
0.15
0.15
0.15
0.15
0.15
0.15
0.15
0.15
0.15
0.15
0.15
0.15
0.15
0.15
0.15
0.15
0.15
0.15
0.15
0.15
0.15
0.15
0.15
0.15
0.15
0.15
0.15
0.15
0.15
0.15
0.15
0.15
0.15
0.15
0.15
0.15
0.15
0.15
0.15
0.15
0.15
0.15
0.15
0.15
0.15
0.15
0.15
0.15
0.15
0.15
0.15
0.15
0.15
0.15
0.15
0.15
0.15
0.15
0.15
0.15
0.15
0.15
0.15
0.15
0.15
0.15
0.15
0.15
0.15
0.15
0.15
0.15
0.15
0.15
0.15
0.15
0.15
0.15
0.15
0.15
0.15
0.15
0.15
0.15
0.15
0.15
0.15
0.15
0.15
0.15
0.15
0.15
0.15
0.15
0.15
0.15
0.15
0.15
0.15
0.15
0.15
0.15
0.15
0.15
0.15
0.15
0.15
0.15
0.15
0.15
0.15
0.15
0.15
0.15
0.15
0.15
0.15
0.15
0.15
0.15
0.15
0.15
0.15
0.15
0.15
0.15
0.15
0.15
0.15
0.15
0.15
0.15
0.15
0.15
0.15
0.15
0.15
0.15
0.15
0.15
0.15
0.15
0.15
0.15
0.15
0.15
0.15
0.15
0.15
0.15
0.15
0.15
0.15
0.15
0.15
0.15
0.15
0.15
0.15
0.15
0.15
0.15
0.15
0.15
0.15
0.15
0.15
0.15
0.15
0.15
0.15
0.15
0.15
0.15
0.15
0.15
0.15
0.15
0.15
0.15
0.15
0.15
0.15
0.15
0.15
0.15
0.15
0.15
0.15
0.15
0.15
0.15
0.15
0.15
0.15
0.15
0.15
0.15
0.15
0.15
0.15
0.15
0.15
0.15
0.15
0.15
0.15
0.15
0.15
0.15
0.15
0.15
0.15
0.15
0.15
0.15
0.15
0.15
0.15
0.15
0.15
0.15
0.15
0.15
0.15
0.15
0.15
0.15
0.15
0.15
0.15
0.15
0.15
0.15
0.15
0.15
0.15
0.15
0.15
0.15
0.15
0.15
0.15
0.15
0.15
0.15
0.15
0.15
0.15
0.15
0.15
0.15
0.15
0.15
0.15
0.15
0.15
0.15
0.15
0.15
0.15
0.15
0.15
0.15
0.15
0.15
0.15
0.15
0.15
0.15
0.15
0.15
0.15
0.15
0.15
0.15
0.15
0.15
0.15
0.15
0.15
0.15
0.15
0.15
0.15
0.15
0.15
0.15
0.15
0.15
0.15
0.15
0.15
0.15
0.15
0.15
0.15
0.15
0.15
0.15
0.15
0.15
0.15
0.15
0.15
0.15
0.15
0.15
0.15
0.15
0.15
0.15
0.15
0.15
0.15
0.15
0.15
0.15
0.15
0.15
0.15
0.15
0.15
0.15
0.15
0.15
0.15
0.15
0.15
0.15
0.15
0.15
0.15
0.15
0.15
0.15
0.15
0.15
0.15
0.15
0.15
0.15
0.15
0.15
0.15
0.15
0.15
0.15
0.15
0.15
0.15
0.15
0.15
0.15
0.15
0.15
0.15
0.15
0.15
0.15
0.15
0.15
0.15
0.15
0.15
0.15
0.15
0.15
0.15
0.15
0.15
0.15
0.15
0.15
0.15
0.15
0.15
0.15
0.15
0.15
0.15
0.15
0.15
0.15
0.15
0.15
0.15
0.15
0.15
0.15
0.15
0.15
0.15
0.15
0.15
0.15
0.15
0.15
0.15
0.15
0.15
0.15
0.15
0.15
0.15
0.15
0.15
0.15
0.15
0.15
0.15
0.15
0.15
0.15
0.15
0.15
0.15
0.15
0.15
0.15
0.15
0.15
0.15
0.15
0.15
0.15
0.15
0.15
0.15
0.15
0.15
0.15
0.15
0.15
0.15
0.15
0.15
0.15
0.15
0.15
0.15
0.15
0.15
0.15
0.15
0.15
0.15
0.15
0.15
0.15
0.15
0.15
0.15
0.15
0.15
0.15
0.15
0.15
0.15
0.15
0.15
0.15
0.15
0.15
0.15
0.15
0.15
0.15
0.15
0.15
0.15
0.15
0.15
0.15
0.15
0.15
0.15
0.15
0.15
0.15
0.15
0.15
0.15
0.15
0.15
0.15
0.15
0.15
0.15
0.15
0.15
0.15
0.15
0.15
0.15
0.15
0.15
0.15
0.15
0.15
0.15
0.15
0.15
0.15
0.15
0.15
0.15
0.15
0.15
0.15
0.15
0.15
0.15
0.15
0.15
0.15
0.15
0.15
0.15
0.15
0.15
0.15
0.15
0.15
0.15
0.15
0.15
0.15
0.15
0.15
0.15
0.15
0.15
0.15
0.15
0.15
0.15
0.15
0.15
0.15
0.15
0.15
0.15
0.15
0.15
0.15
0.15
0.15
0.15
0.15
0.15
0.15
0.15
0.15
0.15
0.15
0.15
0.15
0.15
0.15
0.15
0.15
0.15
0.15
0.15
0.15
0.15
0.15
0.15
0.15
0.15
0.15
0.15
0.15
0.15
0.15
0.15
0.15
0.15
0.15
0.15
0.15
0.15
0.15
0.15
0.15
0.15
0.15
0.15
0.15
0.15
0.15
0.15
0.15
0.15
0.15
0.15
0.15
0.15
0.15
0.15
0.15
0.15
0.15
0.15
0.15
0.15
0.15
0.15
0.15
0.15
0.15
0.15
0.15
0.15
0.15
0.15
0.15
0.15
0.15
0.15
0.15
0.15
0.15
0.15
0.15
0.15
0.15
0.15
0.15
0.15
0.15
0.15
0.15
0.15
0.15
0.15
0.15
0.15
0.15
0.15
0.15
0.15
0.15
0.15
0.15
0.15
0.15
0.15
0.15
0.15
0.15
0.15
0.15
0.15
0.15
0.15
0.15
0.15
0.15
0.150787835655
0.156709115587
0.166647811122
0.176747402479
0.187032985463
0.197389943576
0.208065476302
0.218692859104
0.228863400448
0.238663932724
0.24757681606
0.256330781693
0.265018242383
0.273630461919
0.282516492626
0.291032295843
0.299026019777
0.30654535556
0.313564706281
0.319939139902
0.325922584732
0.331710053256
0.337223798698
0.342500661523
0.347276244897
0.3514528647
0.355109014027
0.358137815549
0.36073150873
0.362859778661
0.364658963206
0.36615717068
0.367264067237
0.36796342957
0.368373655844
0.368484804766
0.368367261051
0.367972506404
0.36735689156
0.366551482608
0.365591355522
0.364444929265
0.363126586886
0.361591172457
0.359958619669
0.358240562496
0.356486607777
0.354608271177
0.35257941891
0.350491424721
0.348332769164
0.346021337307
0.343506930596
0.340722818293
0.337838442811
0.334894935361
0.331907244875
0.32886278396
0.325935054711
0.322864946374
0.319580195563
0.316061342509
0.312374908352
0.308575724883
0.304792941952
0.301068318262
0.297324288393
0.293599561422
0.290074473391
0.286616833709
0.283218784751
0.279777547872
0.27635174128
0.273260200059
0.270368749883
0.267838147108
0.265465885075
0.263149079448
0.260983286996
0.259000172875
0.257295279253
0.255937229128
0.25486599714
0.254051353377
0.253502350699
0.253246130451
0.253252169981
0.253477294166
0.253948536661
0.254697461506
0.255702573879
0.25697748027
0.258658683427
0.260714763319
0.262930978403
0.265416623189
0.268311564733
0.27149138956
0.274902658933
0.278579237902
0.282647358541
0.287077368783
0.291723885401
0.296372001037
0.301138753441
0.305997541992
0.310677372093
0.315373478847
0.320169216243
0.324983798256
0.329819244605
0.334877218877
0.339987843962
0.344560098143
0.34906156665
0.354067111548
0.358914861992
0.363463508598
0.367911400624
0.372249924334
0.376525644223
0.380786846013
0.385032070929
0.389301072024
0.393454285678
0.397466302122
0.401335851698
0.405074051784
0.408659952053
0.412014010754
0.415255198758
0.41855181402
0.421786964157
0.424980658748
0.428209671104
0.431329654258
0.434359312753
0.437433910739
0.440537221012
0.443697880301
0.446965116496
0.450345669359
0.453872906481
0.457445413641
0.461139763712
0.46500256447
0.468987570112
0.473204977921
0.477646054275
0.482227377273
0.486692741365
0.491248893537
0.495943519771
0.500934147674
0.506136659018
0.511403201572
0.516605550107
0.522002685565
0.527525957662
0.533114113419
0.538899554148
0.544934922274
0.550931943071
0.556782043223
0.562553491493
0.56836774437
0.574348709506
0.580317214857
0.58613774616
0.591905303239
0.597601643971
0.603286425692
0.60850011474
0.613478544796
0.618255072433
0.622796135655
0.627344683252
0.631558931238
0.635800065181
0.639805812532
0.643551621632
0.647087484293
0.650384289408
0.653520167044
0.656524439058
0.659271057998
0.661751620186
0.663980479193
0.665796568561
0.667478534127
0.66899776637
0.67028364377
0.671372214816
0.672307376973
0.673082499506
0.673674614082
0.67410794303
0.6744054682
0.674582311019
0.674661506659
0.674652185823
0.674562791932
0.674412084737
0.674209061273
0.673968854393
0.673691191303
0.673433389929
0.673175154314
0.672930328302
0.672698388866
0.672498961867
0.672342872914
0.672236730143
0.672184166717
0.672192467957
0.672262256008
0.672400597099
0.672601425772
0.672858805854
0.673202687852
0.673599723065
0.674020302988
0.674494275924
0.674996610111
0.67546859876
0.676008324031
0.676545632191
0.677094884764
0.677615576384
0.678113863944
0.678578803683
0.679000763676
0.679360537909
0.679669624594
0.679911935427
0.680089877686
0.680212440015
0.680292728281
0.680334384952
0.680334428219
0.680299267617
0.680236758039
0.680154225392
0.680055442842
0.679943302248
0.679817847394
0.679682550457
0.679536869079
0.679378481348
0.679205889426
0.679017052374
0.678822510034
0.678613827831
0.678373475497
0.678101531035
0.677794054077
0.677455194038
0.677099416068
0.676704446013
0.676278599198
0.675824679753
0.675347394361
0.674844706003
0.674356576466
0.673884007377
0.673443612535
0.673024408107
0.672629985982
0.672293848614
0.672045194164
0.671878405659
0.671783668821
0.67177142853
0.671855077715
0.672029388291
0.672303426007
0.672673364075
0.673111690072
0.673590881936
0.67409671413
0.674626538609
0.675194870423
0.67575121768
0.676293619986
0.676776581545
0.677191186569
0.677502106657
0.67768056542
0.677719930963
0.677607337565
0.677329424304
0.676933472668
0.676380327426
0.675666088494
0.674834100212
0.673859707329
0.672739973466
0.671549755316
0.670269891666
0.668970317231
0.66767978679
0.666426158286
0.665241041587
0.664175769085
0.663292106819
0.662583282362
0.662047840941
0.66169464791
0.661538059076
0.661593086968
0.661878732067
0.662433154808
0.663204153771
0.664157725665
0.66529906882
0.666560404595
0.667962194835
0.66948355595
0.671049418022
0.672695480934
0.67440639745
0.676168489146
0.677978201648
0.679706149573
0.681301952254
0.682807388619
0.684299568838
0.685601797314
0.686758453428
0.687798819467
0.688763297071
0.689697034296
0.690559594695
0.691406142308
0.692203809754
0.692868935947
0.693554194055
0.694265836136
0.694980940922
0.695668474812
0.696320369618
0.696931740091
0.697488448162
0.698001493442
0.698446234936
0.698834225527
0.699149250712
0.699377026974
0.699518827132
0.699581866996
0.699566039045
0.699471572163
0.699313106905
0.699113793898
0.698887975155
0.698653100665
0.698431021912
0.698240880033
0.698093808075
0.698004054006
0.697988737035
0.698050849042
0.698196006231
0.698400302662
0.698664836026
0.698974283088
0.699281360929
0.699580045208
0.699827750868
0.699970315203
0.699980431462
0.699801371731
0.699423301393
0.69877443208
0.697862211387
0.696646020251
0.695036465611
0.693059185219
0.69078632878
0.688334885809
0.685627798676
0.682606042062
0.679385074946
0.676104802971
0.672815922428
0.669561074484
0.666462710668
0.66365927271
0.661224052836
0.659092893287
0.657320681497
0.65588152636
0.654675418948
0.65381148818
0.653331004954
0.653216535926
0.653466717641
0.653949807238
0.654618901191
0.655506504251
0.656541860481
0.657657976991
0.658712615824
0.659714282918
0.660624849488
0.661300726841
0.66164651888
0.661638597472
0.661238074377
0.660442185021
0.659323808518
0.65785009328
0.656138720963
0.65417946312
0.651886210393
0.649352731835
0.646632954854
0.643720550538
0.640691280272
0.637699646804
0.634830338212
0.632178814253
0.629799513587
0.627745792719
0.626037363582
0.624700616613
0.623799521793
0.623321127524
0.62325737812
0.623587854884
0.624358587724
0.625494299115
0.627037898634
0.629053717827
0.631412906116
0.633964433347
0.636679461649
0.639519549946
0.642398328125
0.64523181624
0.648105908888
0.651011374123
0.653946026983
0.65658363466
0.658918935494
0.660937013369
0.662568154522
0.66394744768
0.665003029145
0.665741864127
0.666254027981
0.666584094074
0.666758582526
0.666822461693
0.666822478182
0.666790855968
0.666759645041
0.6667509313
0.666772721195
0.666827505114
0.666904036264
0.666982591583
0.667037983871
0.667048249583
0.666969898965
0.666771454648
0.66637376069
0.665727080161
0.664832419577
0.663638489584
0.662104551175
0.660323624319
0.658344860729
0.656157684141
0.653767697174
0.651188430391
0.64853807245
0.64585293351
0.643446525008
0.64134225501
0.639433543721
0.637710496996
0.636297049458
0.63524986997
0.634454439246
0.633943376441
0.633656228849
0.633635825019
0.63384529421
0.634240789685
0.634755791684
0.635325249705
0.635902447824
0.636432137958
0.636852378003
0.637119286112
0.637196133425
0.637014299034
0.636563401419
0.635847674048
0.634902328669
0.633823896311
0.632698518772
0.631556131773
0.63052301542
0.629665046768
0.629030075844
0.628660310621
0.628581252042
0.628826940849
0.629430809585
0.63038288185
0.631749134415
0.633464006074
0.63555767104
0.63787595852
0.640359385103
0.642990065775
0.645755558539
0.648403048931
0.650910060215
0.653195711159
0.655024586437
0.656235681285
0.65672074513
0.656434092218
0.655374053253
0.653638546317
0.651103358882
0.647858893359
0.643835801591
0.639428308067
0.634883073909
0.630165244379
0.625147307612
0.620439284034
0.615512314642
0.610842021281
0.606376470152
0.602179849499
0.59845954021
0.595158706618
0.592244803658
0.589880331991
0.588120570642
0.586935461023
0.58624551228
0.586101465766
0.586484912104
0.587313627339
0.588615617845
0.590375954281
0.592531241718
0.5949197324
0.597509990833
0.600395941386
0.603497260841
0.60652477259
0.609469670506
0.612421572261
0.615434678947
0.618201329297
0.620926056558
0.623154546735
0.625087858118
0.626731125047
0.628062273265
0.629077341508
0.629671663622
0.629846011662
0.629611151633
0.628988762732
0.627987351403
0.62656439469
0.624720912549
0.62249265005
0.619837849226
0.6167452712
0.613251177333
0.609334997895
0.604905184013
0.599968062727
0.594756714782
0.589518422262
0.584385806728
0.57924274042
0.573493196389
0.567565393854
0.561703877732
0.556034832119
0.550411558365
0.544786296497
0.539314534166
0.534024166415
0.528803799584
0.524190349265
0.5199151653
0.516173241901
0.512799644495
0.509804662001
0.507222250488
0.504856247927
0.502936467521
0.501345122639
0.499980229414
0.498844883704
0.49811770229
0.497811495337
0.497882532029
0.498277031899
0.499029710198
0.50017302527
0.501707790929
0.503409886153
0.505458620329
0.507804444238
0.510432642047
0.513399757957
0.516595802626
0.51998648792
0.523613021731
0.527517627871
0.53175216048
0.536378847379
0.541299902974
0.546026803496
0.55097975602
0.556044783858
0.561292019326
0.566737533891
0.572060209838
0.577044172296
0.582693268029
0.588181914372
0.593569684556
0.598647790425
0.603372011699
0.607725323013
0.611646647207
0.615183344992
0.618383005138
0.621104833953
0.623238545603
0.624791643837
0.625911244847
0.626562978154
0.626857758918
0.626843300822
0.62657379571
0.626089811219
0.625417193981
0.624589855875
0.623623049423
0.622512267726
0.621282951087
0.62001688928
0.618757914083
0.617476230134
0.616136928473
0.614667521057
0.613132874555
0.611604150945
0.610112859846
0.608696241184
0.607413934818
0.606268869709
0.605302749794
0.60459842815
0.604199075362
0.60408707977
0.604299427802
0.604859779407
0.605727413988
0.606864131136
0.608363481414
0.610197741874
0.612372711544
0.614924511692
0.617354534372
0.620248852991
0.623060942793
0.625939017137
0.628546774664
0.630934226982
0.633044607978
0.634584346954
0.635576773481
0.635890576099
0.635439284
0.634181087845
0.632117426416
0.629344783755
0.625902597656
0.621979473695
0.617514992514
0.612567559205
0.607454023321
0.602180611657
0.596660473654
0.590976692491
0.585692729267
0.580273985965
0.575439812881
0.570977254096
0.567188457183
0.564112782933
0.561559557273
0.559599323346
0.558295537278
0.557670897705
0.557692235571
0.558381405869
0.559726213458
0.561875989157
0.564647320511
0.567651067962
0.571192172807
0.575257409607
0.579811109013
0.584643690677
0.589495183863
0.594380805757
0.599220095477
0.603946342934
0.608637019136
0.613030629059
0.616828244313
0.62012991914
0.622966958025
0.625181296075
0.626690641372
0.627487081188
0.62754174124
0.62685281052
0.625530623404
0.623679736236
0.621234091434
0.618055965087
0.614341926487
0.61012400983
0.605590151191
0.600739418651
0.595499993424
0.589934376467
0.584139438733
0.578162050989
0.571983693246
0.565680833907
0.559411904015
0.553204543565
0.547020102048
0.540742129381
0.534419014615
0.528140138835
0.522034875654
0.515932502656
0.509906632409
0.503922706221
0.498226097497
0.492803580588
0.487409713207
0.48225457173
0.47727539508
0.472794476945
0.468596292259
0.464609387579
0.460947061825
0.457782523531
0.454762759635
0.451871810649
0.449274279939
0.447122758007
0.445414464375
0.444004742976
0.443012422103
0.44244393528
0.442301456629
0.442573548996
0.443230204017
0.444178756089
0.445406337569
0.446941108093
0.448895997664
0.451190227325
0.453788147364
0.456672608005
0.459881931801
0.463620055095
0.467685558162
0.472000420554
0.476403715
0.480979575679
0.485727520894
0.490588460072
0.495660654088
0.500845969409
0.505843888133
0.51070546896
0.515509117957
0.520394385698
0.525442177042
0.530513627715
0.535327588612
0.540083172159
0.544623375465
0.549027002053
0.553155378339
0.556914191329
0.560428096303
0.563815620753
0.566966665112
0.569749124768
0.572296739859
0.574703103758
0.576659417863
0.578257757756
0.579528647073
0.58047440447
0.581139103151
0.581601749247
0.581878839248
0.58203295748
0.582097216838
0.582092961528
0.582042814939
0.581958130139
0.581867229197
0.581780013669
0.581686144541
0.581593553177
0.5815007041
0.581390430839
0.581248076597
0.581043213629
0.580758591135
0.580364740438
0.579843518266
0.579187131553
0.578367228213
0.577363857137
0.576170650695
0.574847061102
0.573368963994
0.571821271448
0.570193373622
0.568443892333
0.566668991282
0.564900248892
0.563080546463
0.561289655056
0.559609057862
0.557997429694
0.556483372046
0.555142143427
0.554043641372
0.553183205076
0.552519249217
0.552054958913
0.551770047636
0.551680412866
0.551772273873
0.552016958421
0.552364986348
0.552772384277
0.553240362386
0.553735621859
0.554179344785
0.554502872181
0.554689974561
0.554695700733
0.554471561579
0.553985011655
0.553197260759
0.552135307612
0.550774231129
0.548954946986
0.546833120182
0.54440805586
0.541738761871
0.538891227477
0.535845591439
0.532685415062
0.529381284915
0.526138119156
0.522970979484
0.519812014358
0.516643999313
0.513553258764
0.510642585735
0.507998479272
0.505576289763
0.503430908383
0.501335859875
0.499457345525
0.497834445695
0.496350630678
0.494949084256
0.493621812664
0.492249172721
0.490799986255
0.489376015522
0.487877047133
0.48628877467
0.48459246905
0.482797434854
0.480856403372
0.478674720439
0.476397866318
0.473978251955
0.47155149812
0.468911901803
0.466313581944
0.463771008262
0.461196836463
0.458595663129
0.45602928181
0.453654485251
0.451689423033
0.45009153279
0.448777256216
0.447780225915
0.447190277921
0.446993200032
0.447196671838
0.447799380593
0.448799123605
0.450187074376
0.451984862395
0.454252489208
0.457024478905
0.460261624616
0.463937946454
0.468135345511
0.472608427469
0.477157806506
0.481484287823
0.485948813836
0.490411906967
0.494885982208
0.499336152933
0.503629233815
0.507707172358
0.511499766414
0.514693413581
0.517555917009
0.520031712837
0.522186555676
0.524040856244
0.525517318598
0.526570687827
0.527236267697
0.527513191829
0.527487472508
0.527205515352
0.526752284047
0.526237090011
0.525766451477
0.525425449178
0.52525849641
0.525330018354
0.525681882421
0.526352938465
0.52745470854
0.528962720501
0.530866661153
0.533251255659
0.536037825528
0.53913293527
0.54264805017
0.546558409034
0.55056047157
0.554560569071
0.558556083978
0.562537549331
0.566356255757
0.569941742663
0.573024793903
0.575318073885
0.576905757217
0.577728897913
0.57763249804
0.576672962359
0.574737130516
0.571987082926
0.568598001028
0.564651544713
0.559963678875
0.554595975137
0.548954814584
0.54305405743
0.536862947102
0.530587821163
0.524487291463
0.518543113458
0.51246649071
0.506986874005
0.501747681747
0.497216374482
0.493225310595
0.489729823915
0.486756994385
0.484223220687
0.482156742085
0.480624939501
0.479551769115
0.478857104338
0.478448408483
0.478298428285
0.47833506472
0.478515596522
0.478785999549
0.479039426861
0.479188336275
0.479178839117
0.478946631894
0.478427543201
0.477636487783
0.476510011937
0.474918781537
0.472857272749
0.470427191973
0.46772031685
0.464769508034
0.46160077021
0.458259885131
0.454923800324
0.451336467587
0.447877686973
0.444589325601
0.441421637966
0.438395129056
0.435643334641
0.433173825075
0.430896788477
0.428940973715
0.427419216653
0.426359473395
0.425717727853
0.425447093292
0.42558552365
0.42613336727
0.427080569071
0.428439417126
0.4302085011
0.432381084633
0.434839317494
0.437576734405
0.440542471891
0.443668199677
0.446901434531
0.450286888375
0.45412859458
0.457544459958
0.461191039041
0.46504938419
0.468945612703
0.472579407097
0.475993670914
0.479414562039
0.482878515685
0.486148906907
0.489245212329
0.492444739338
0.495387926885
0.497978320064
0.500409277994
0.502716207858
0.504942369719
0.507102105617
0.509094122782
0.510925396817
0.512616634776
0.514211302968
0.51566844693
0.516956555872
0.518119483765
0.519252717199
0.520276662508
0.52121710434
0.52220270664
0.523160434503
0.524100830519
0.52509952212
0.526230469455
0.527484657903
0.528888584389
0.530432463533
0.532065378187
0.533827892307
0.535823411291
0.538013278095
0.540310391688
0.542749477837
0.545361074502
0.54815380023
0.551129942735
0.55425109062
0.557527297943
0.561025812697
0.564586213744
0.568147164629
0.571855159559
0.575717509669
0.57962882582
0.583583602548
0.58768267735
0.591978179067
0.596518985817
0.601161615702
0.606142004493
0.610942460442
0.61571247039
0.620536663336
0.625450729092
0.630481781636
0.635512637023
0.640226146028
0.6443699649
0.648644704936
0.652521839209
0.655808977553
0.658376805731
0.660207775479
0.661310390266
0.661468725267
0.660677560343
0.658941609648
0.655956064942
0.652254891733
0.647816843524
0.642801514446
0.637521873979
0.632017913253
0.626688750416
0.62177231401
0.617532602027
0.614174676535
0.611401548946
0.609165635437
0.607738590418
0.607008759812
0.607136764997
0.608038399728
0.609557454791
0.611692591542
0.614610044216
0.618089356593
0.621824104213
0.625776264441
0.629891863474
0.633699798182
0.637204696506
0.640477140879
0.643421601444
0.645868414858
0.648001181431
0.649708887639
0.651134149859
0.652294386038
0.653254777017
0.65410311316
0.65488625337
0.655725209629
0.656725399064
0.657818103988
0.659087251475
0.660494341549
0.662068022293
0.663760086901
0.665441827547
0.667146532078
0.668685182063
0.670087409979
0.671309481803
0.672251053825
0.672851277146
0.673130725433
0.673076812699
0.672707902494
0.672073015196
0.671210049438
0.670253463838
0.669260863692
0.668300935732
0.667424079897
0.666726885358
0.666119269494
0.665727999793
0.665526779799
0.665492149645
0.665603443421
0.665803630351
0.666044634966
0.666263524791
0.666373742043
0.666315900289
0.66601807053
0.665427082727
0.664545519051
0.663335841704
0.661763997234
0.659966838191
0.658003318914
0.655707957417
0.653185782738
0.650593034604
0.648315023996
0.645905876698
0.643658624508
0.641687003715
0.639960677292
0.63862340736
0.637859865818
0.637716043253
0.63811499027
0.639002554914
0.640338795236
0.642072767364
0.644178159344
0.646548280657
0.64921320158
0.651888724355
0.654634885389
0.657052189825
0.658981359162
0.660310524252
0.660754671076
0.660225096313
0.658706647085
0.656091235156
0.652379777807
0.647721939645
0.642634185927
0.636311710638
0.628951226068
0.621094549662
0.613417561266
0.605014063489
0.596260821999
0.586762197564
0.576909337142
0.567200342228
0.557594597159
0.54818517198
0.538927123002
0.530521094315
0.52262402054
0.514858265778
0.508125200992
0.501992028103
0.496534348323
0.492000899465
0.488332641187
0.485262560602
0.482934263452
0.481269750794
0.480290563899
0.479896737277
0.480084611786
0.480858306994
0.482243431976
0.484352792339
0.48702475967
0.489877232058
0.493286558335
0.49699925066
0.500908939301
0.50500038436
0.50933330661
0.514205191267
0.519340924311
0.524492675205
0.529735434591
0.534773457253
0.540181679155
0.545730581655
0.551299123613
0.556971009946
0.562569941749
0.56804742432
0.573499539579
0.57878746567
0.58380793505
0.588614793742
0.592714912772
0.596345753512
0.599307642342
0.601646934738
0.603118399045
0.603587085114
0.603117103244
0.601698306832
0.599406327899
0.596387444559
0.5926999587
0.588385117925
0.583599923087
0.578382022831
0.572734023524
0.566947395686
0.560948710897
0.554758452145
0.54824229117
0.541262238874
0.534357151969
0.526969344286
0.519565585276
0.511584104827
0.504157843904
0.496093063968
0.48806965923
0.480025266802
0.471907772245
0.463636572019
0.455629120399
0.448167335882
0.44136667614
0.434590736166
0.4280116662
0.421859813419
0.416538788689
0.411621892956
0.40754313362
0.40409364837
0.401383313789
0.399558132955
0.398648639059
0.398631200499
0.399423649102
0.400937446862
0.403295951044
0.406360917675
0.410339685337
0.415329568433
0.421129108447
0.427669692369
0.434897133873
0.442732180172
0.451064227272
0.459767873765
0.469062597763
0.478438173251
0.487526802552
0.496392008881
0.505051114963
0.513384520437
0.521327011807
0.528873567534
0.535771962634
0.541841050947
0.54721137621
0.551683786968
0.555419735744
0.558078905446
0.559882092185
0.560695145445
0.560556961563
0.559645415229
0.5580641489
0.555994729121
0.553440821025
0.550268479727
0.546842714826
0.543300893713
0.539736906595
0.536004402985
0.532104629046
0.528551277614
0.525121023763
0.522085472225
0.51928175393
0.516657397491
0.514502098642
0.512816739392
0.511597209103
0.51085426224
0.510550869148
0.510631923798
0.511097226585
0.511901864168
0.512929084811
0.514201578572
0.51559357861
0.517051653473
0.518570352915
0.520088123211
0.521346834024
0.522343321903
0.523004161248
0.523218864226
0.522937641415
0.522146946875
0.520841294059
0.519040409479
0.516741114684
0.514130141914
0.511097528638
0.507660141416
0.504146531766
0.50039946523
0.496161727018
0.492071620881
0.488247938376
0.48451063558
0.480776925193
0.477198481643
0.47390195418
0.470803108098
0.46794530336
0.465312803033
0.462792379656
0.460344521927
0.458064502735
0.455918022926
0.453787575431
0.451664690918
0.449706476641
0.447767933978
0.445847992339
0.44388298078
0.442015005476
0.440140444606
0.438185612785
0.436155334722
0.43404533811
0.431884654642
0.429756697371
0.427662643112
0.425707895326
0.423808454854
0.421892914464
0.420018123508
0.418238188571
0.416582909922
0.415115892882
0.413881610042
0.412836882138
0.411995244946
0.411353316497
0.410851814204
0.410566598834
0.410456960076
0.410503332086
0.410688974684
0.410986570448
0.41135448719
0.41175375334
0.412136062825
0.412455008832
0.412685081438
0.412776014201
0.412677808299
0.412356044936
0.411744022925
0.41081681275
0.409529507124
0.407877500258
0.405868763813
0.403416064646
0.400555561021
0.397422907017
0.394116718252
0.39065220253
0.386859526664
0.382629143659
0.37817998467
0.373775082167
0.369318129812
0.364755598885
0.36015873701
0.355862638584
0.351529621613
0.34707578988
0.342556692647
0.33799886679
0.333430280893
0.328556851571
0.323949537749
0.319333859483
0.314871962306
0.310363964887
0.305990420027
0.30182197216
0.297821028038
0.293910574093
0.289955187785
0.286144037011
0.282318239137
0.278568367813
0.274908793641
0.27128176788
0.267928211519
0.265014554757
0.262098508102
0.259350416231
0.25685969406
0.254582939841
0.252512060788
0.250750757332
0.249333778302
0.248245551446
0.247482158732
0.247044014808
0.246919269324
0.247089517585
0.247554866949
0.248305656464
0.249319498787
0.250588589569
0.252242325293
0.254189168815
0.256407858395
0.258841841599
0.261414500382
0.264290769179
0.267234643309
0.270251898429
0.273279677445
0.276261726461
0.279273040699
0.282670851825
0.285874932746
0.28907055623
0.292084257076
0.295018823407
0.297949010749
0.300858826637
0.303759681064
0.306495326591
0.309354315323
0.312030325076
0.314653436206
0.317192928934
0.31960750884
0.321967898085
0.324369710885
0.326742220728
0.329122920599
0.331421568753
0.33372344957
0.336137007608
0.338695045202
0.341355125759
0.34396010243
0.346580254179
0.349420777456
0.35228848532
0.35513056045
0.35804464518
0.361021829527
0.363847758739
0.366453999161
0.369328217942
0.372257033893
0.375144465251
0.378043990708
0.380906083596
0.383690232305
0.386474700828
0.389275870029
0.392017382352
0.394710992826
0.397455141035
0.400310328092
0.403247306185
0.40625568668
0.409319621605
0.412445722745
0.415725365502
0.4191947508
0.422906055858
0.4270259533
0.431413993083
0.436027005664
0.440884958271
0.445999052671
0.451517608484
0.457354124873
0.463473609681
0.469866305204
0.476255675178
0.482094932819
0.488290694339
0.49425649338
0.500022697416
0.505337312035
0.510478018074
0.515089739272
0.519292747264
0.523000873215
0.526024124564
0.528168143186
0.529363169652
0.529846632807
0.529720651537
0.528967184087
0.527699547578
0.525989429896
0.5239639531
0.521563128052
0.519043293414
0.516259606926
0.513491050025
0.510796350791
0.508156275658
0.505517800201
0.502811372006
0.500129206997
0.497553298551
0.494875559758
0.492331655763
0.489684807553
0.486954613584
0.48426871531
0.481501149972
0.478592321437
0.475701093824
0.472789640869
0.469713203281
0.466586348364
0.46331214513
0.45989488999
0.456179234867
0.452380228915
0.448641731896
0.44488409926
0.441216750576
0.438007809227
0.434953434455
0.432058194822
0.429460960997
0.427133637964
0.425118685774
0.423419978826
0.422303743916
0.421756996678
0.421724337982
0.422231859368
0.423261659682
0.424732149703
0.426579790657
0.428945564234
0.431796054202
0.435045639237
0.438571550466
0.442204553755
0.445866886297
0.44986208475
0.453835104431
0.457480002479
0.460829227161
0.464337749477
0.467416680143
0.469968800743
0.471986679357
0.473477217509
0.474458550883
0.474983929464
0.475145297554
0.474915373498
0.474326736386
0.473416756408
0.472146248496
0.470604363691
0.468815388451
0.46686556662
0.464771822892
0.462492960201
0.460388014512
0.458204994764
0.455859995851
0.453389065198
0.450899320728
0.448497248427
0.446094101251
0.443717508265
0.441472817747
0.439208873284
0.436968143716
0.434762909785
0.432550552603
0.430395660392
0.428350355161
0.42647281267
0.42473253269
0.423017963436
0.421329929224
0.419760736908
0.418286451412
0.416899257526
0.415472862102
0.414168557643
0.412897316799
0.41165394414
0.410428885109
0.409153374137
0.407838702289
0.406609664816
0.405360816046
0.404091396316
0.40283086692
0.401622962358
0.400445649663
0.39925783789
0.398049664138
0.396790897634
0.395463866993
0.394151983477
0.392873334969
0.391601891783
0.390201503965
0.388750384127
0.387258311761
0.385656972182
0.383937213297
0.382136364744
0.380273702484
0.378317801155
0.376295902243
0.374168090915
0.371784784976
0.369593016237
0.367338490154
0.365032755641
0.363014169059
0.361087558004
0.359403934096
0.358021730955
0.357019564881
0.356533504162
0.356501932547
0.356837467336
0.357530670746
0.358699789838
0.360186766216
0.362045105638
0.364347381404
0.366899736792
0.369688721996
0.372744291893
0.376013096803
0.379133739564
0.382128360865
0.384923147158
0.387338539441
0.389376197235
0.390995059948
0.392136954068
0.392851290362
0.39312349824
0.392995652282
0.392513332145
0.391718162244
0.390743595543
0.389512039765
0.388068672838
0.386633924124
0.385164233587
0.383746575694
0.382424490023
0.381112277752
0.379838242566
0.378725242147
0.377806411808
0.376893182743
0.376149353241
0.375555653252
0.375076945703
0.37465349075
0.374311735789
0.374018303627
0.373758052481
0.373508677401
0.373251838044
0.372978264449
0.372688889212
0.372362986516
0.37199553574
0.371586186808
0.371125837798
0.370613748969
0.370041705448
0.369403490128
0.368729637661
0.368043766725
0.367303087098
0.366582156433
0.365901612789
0.365330927019
0.364815640827
0.364389832015
0.364113914578
0.364038062139
0.364193434306
0.364569773917
0.365213367565
0.366140925731
0.367423990559
0.368957209717
0.370855188426
0.373029392815
0.375377744313
0.377875599932
0.380529609847
0.383288008808
0.386225463402
0.389249992212
0.392146672592
0.394775665795
0.397174195899
0.399178303935
0.400878552562
0.401963932895
0.402606527773
0.402734317022
0.402281569978
0.401242962934
0.399713515403
0.397766886508
0.395377743163
0.392689604893
0.389852596045
0.386964800531
0.383832492396
0.380893908434
0.378057748729
0.37527749805
0.372644071724
0.370160853631
0.368044040986
0.366231048989
0.364754671227
0.363548244579
0.362574983697
0.361829340483
0.361260329467
0.360803612933
0.360415291781
0.360047568287
0.359654846138
0.359168618285
0.358554728623
0.357741541763
0.356738723685
0.35554339036
0.354166470157
0.352613373628
0.350940658145
0.348987053961
0.346970750793
0.344957216005
0.343071488046
0.341421484101
0.340022917942
0.338937614834
0.338174181128
0.337770106073
0.337721316698
0.33806628842
0.338843532094
0.340092510785
0.341810291559
0.343983597881
0.346528066168
0.349369692354
0.352543192075
0.355935108532
0.359502507685
0.363249679841
0.367294435378
0.371347816382
0.375407349111
0.379549420776
0.384045064081
0.388970431624
0.393805789176
0.398776349103
0.404059171865
0.409586853518
0.415403200038
0.421834704653
0.428386528498
0.435643942044
0.443450788902
0.451551700709
0.459697176907
0.467681729525
0.476399430701
0.484924497936
0.493108031396
0.500444896399
0.507752805064
0.513814491536
0.51840749466
0.521673904276
0.523129860344
0.522794178818
0.520687781253
0.517127975485
0.511991266483
0.506002744325
0.498908601727
0.491164827334
0.482861325553
0.473584749422
0.464689971629
0.456531367491
0.448382573623
0.440397831574
0.433290573974
0.426957568192
0.421455661536
0.416755435009
0.413118630542
0.410508160136
0.408644964045
0.407522997924
0.407060116718
0.407158020096
0.407694097223
0.40846607563
0.409421414587
0.410405417441
0.411182505448
0.411568817237
0.411454146481
0.410702842357
0.409248584969
0.407061457286
0.404047896315
0.400172547315
0.395422149378
0.389879670302
0.383758256393
0.377324658481
0.371064134879
0.364610084067
0.358110185372
0.352007832392
0.346317470869
0.341224288963
0.337128221309
0.333899956777
0.33159389813
0.330374117621
0.330197997221
0.331038681832
0.332901758524
0.335668340052
0.339558366532
0.344644115718
0.351014055529
0.358297806937
0.366165294455
0.374255721414
0.383263542616
0.392478745021
0.402279222518
0.412453770814
0.422574670394
0.432575824167
0.442970499589
0.452946267318
0.462735672935
0.471987353439
0.481430657673
0.490587927617
0.499434834058
0.508270521194
0.516701721083
0.52464539983
0.532000917683
0.538608722768
0.544466793739
0.549527721229
0.553597002201
0.556624739843
0.558334672258
0.558916806992
0.558361042317
0.556669657891
0.553985914493
0.550215760072
0.545750873054
0.540607175742
0.534400187575
0.52836324362
0.522416938898
0.516322818927
0.510389005438
0.504741810253
0.498950150409
0.49397856793
0.489474463865
0.485393626865
0.481729559905
0.478500462422
0.475636330358
0.472791680399
0.470384630323
0.468346005583
0.466294742962
0.464213105029
0.462277039373
0.460473937919
0.458814858057
0.457201099405
0.455655617569
0.454241286975
0.453000783916
0.452014491583
0.451328439979
0.450942752455
0.4508841344
0.451156051264
0.451770977443
0.452685963335
0.453830372657
0.455139615456
0.456661942658
0.458243794311
0.459670072068
0.460937368514
0.46189383127
0.462459852723
0.462589080469
0.462161351601
0.461148472694
0.459554252299
0.457413604329
0.454632874376
0.451298924288
0.447835440556
0.444034597707
0.439877256364
0.435445764309
0.431250102321
0.427193306508
0.423072564473
0.419312545112
0.415680994968
0.412029161298
0.408331011431
0.404684402385
0.40106925261
0.397467103537
0.393691971702
0.38958728715
0.385524671395
0.381238851703
0.376544546465
0.371581875005
0.366061353703
0.360103767393
0.354247425015
0.348278383389
0.341864705013
0.335757682462
0.329896374164
0.324200780601
0.318444168233
0.312873364479
0.307512551542
0.302396996436
0.297523740778
0.292612814999
0.28779190263
0.283088024626
0.278618302941
0.274404649137
0.27005509997
0.265696143597
0.261481118848
0.257538634051
0.253804179755
0.250503304649
0.247329081653
0.244207618045
0.241283268129
0.238696407873
0.236470203041
0.234551199436
0.232847018051
0.231399078083
0.230202369324
0.229231141923
0.228365657083
0.227618910285
0.226914671983
0.226204090069
0.225427962293
0.224517679263
0.223343394682
0.221876939281
0.220141832709
0.218052216021
0.215474998227
0.21251984445
0.209147526584
0.205148772772
0.200971029599
0.196296704838
0.190779642859
0.185387961818
0.1800063562
0.174372420814
0.16853944608
0.16249868624
0.156317741273
0.150559835199
0.15
0.15
0.15
0.15
0.15
0.15
0.15
0.15
0.15
0.15
0.15
0.15
0.15
0.15
0.15
0.15
0.15
0.15
0.15
0.15
0.15
0.15
0.15
0.15
0.15
0.15
0.15
0.15
0.15
0.15
0.15
0.15
0.15
0.15
0.15
0.15
0.15
0.15
0.15
0.15
0.15
0.15
0.15
0.15
0.15
0.15
0.15
0.15
0.15
0.15
0.15
0.15
0.15
0.15
0.15
0.15
0.15
0.15
0.15
0.15
0.15
0.15
0.15
0.15
0.15
0.15
0.15
0.15
0.15
0.15
0.15
0.15
0.15
0.15
0.15
0.15
0.15
0.15
0.15
0.15
0.15
0.15
0.15
0.15
0.15
0.15
0.15
0.15
0.15
0.15
0.15
0.15
0.150073330648
0.153450836486
0.157058620252
0.160511151998
0.163763725532
0.16675319353
0.16946282955
0.172086973724
0.174423867777
0.176446127013
0.17820018612
0.179677796625
0.180851848871
0.181731753655
0.182341390065
0.182697471433
0.182845792459
0.182830533681
0.182690720509
0.182449978074
0.182143371065
0.181834430492
0.181563303786
0.181348170656
0.181245426948
0.181292250829
0.181514128162
0.181957621753
0.182698874176
0.183679431076
0.184905992594
0.186377510055
0.18808323761
0.190016067401
0.192116670833
0.194244572331
0.196462821659
0.198725612153
0.201009717315
0.203383516982
0.205794481271
0.208070960552
0.210207329486
0.212205012399
0.214045316792
0.21568727429
0.217153439728
0.218471724905
0.219631194248
0.220627128993
0.221494723505
0.222312208961
0.223085702667
0.223831250011
0.224582093298
0.225395555107
0.22631754287
0.227411203598
0.228697231619
0.230150880477
0.231791991343
0.233743781542
0.235962973879
0.238454321219
0.241219450965
0.244155556779
0.247307631451
0.250550493023
0.253990248367
0.257583440602
0.261025425583
0.264283600876
0.267494158572
0.270623822161
0.273527671393
0.276010304257
0.278225575685
0.280072872657
0.281495446788
0.282451235282
0.282846745361
0.282642871397
0.281916508466
0.280715734293
0.279121319534
0.276983743037
0.274468595
0.271549002495
0.268037092585
0.264170613334
0.260029936009
0.255558141371
0.250676298432
0.245501902073
0.240102632179
0.234959184961
0.2298701885
0.224664007491
0.219538433341
0.214898029388
0.21073334681
0.206853313339
0.203157102015
0.199598764305
0.196156866178
0.19287339432
0.190033966947
0.187264732917
0.184715198817
0.182365717049
0.18012397328
0.177900773007
0.17567601975
0.173585945832
0.171551543384
0.169556999691
0.16757578323
0.165529121988
0.163529600217
0.161640931142
0.159884742886
0.158308645896
0.156947779893
0.155851749747
0.155138225903
0.154913509084
0.155148515257
0.15592583827
0.157259983664
0.159185411744
0.161749151731
0.164886369248
0.168966885515
0.173674861936
0.178774199745
0.184572318185
0.191247553375
0.198673848647
0.206868330642
0.215468581074
0.22390754974
0.232457536035
0.240907250229
0.249335324521
0.257696015118
0.265723585693
0.273447542767
0.281116067197
0.288494505177
0.295505986461
0.30241967691
0.309197766656
0.315850668082
0.322391906773
0.328653396303
0.335124209122
0.341794913169
0.348585655911
0.35538268876
0.362196012722
0.369340485861
0.377025021842
0.385197515104
0.393467662767
0.401725886518
0.410280115284
0.419505989391
0.429091003951
0.439238338495
0.4498860506
0.460778436651
0.472365564201
0.483836065463
0.494917116454
0.505586738999
0.516528884836
0.527449153566
0.538004562899
0.548683200044
0.559215667033
0.569317310865
0.579225722475
0.588927899212
0.598334460692
0.607044261353
0.615215396816
0.622932786232
0.62961821552
0.635474496684
0.640599525689
0.645106081069
0.648914217458
0.65213486546
0.654670753512
0.656578079098
0.657808956445
0.658461192843
0.658532882322
0.657982534678
0.656930726822
0.655270295847
0.653119919342
0.650526397795
0.64757982141
0.644194044083
0.64030583651
0.6362354908
0.631831088198
0.627077870708
0.622345069941
0.617576480218
0.612773772377
0.607779266942
0.602857623529
0.598027384412
0.593302235396
0.588707753493
0.584179748654
0.57921862762
0.574281102751
0.569486441609
0.565109510302
0.560606692121
0.555997497598
0.551489598999
0.54688012935
0.542170614723
0.537394359378
0.532424041955
0.527151280911
0.521289367794
0.515487204802
0.509619764347
0.503591535838
0.497101704694
0.490337968636
0.483246262927
0.475546508142
0.467402228035
0.458990240291
0.450328911982
0.440601642779
0.430686025652
0.420756850048
0.410085687624
0.399043827286
0.38793483459
0.376635963354
0.364459791496
0.352315579507
0.33985825949
0.326719912244
0.313184445768
0.300408908711
0.287378949465
0.273956699364
0.260311803887
0.246745339595
0.233259443868
0.219785477529
0.206151101981
0.192384871725
0.17883549098
0.165772425033
0.153032641423
0.15
0.15
0.15
0.15
0.15
0.15
0.15
0.15
0.15
0.15
0.15
0.15
0.15
0.15
0.15
0.15
0.15
0.15
0.15
0.15
0.15
0.15
0.15
0.15
0.15
0.158347620576
0.169035905457
0.179587847828
0.190026932645
0.200379734109
0.21104057041
0.221835591005
0.231791416081
0.241752407941
0.251359948826
0.260722133688
0.269644207502
0.278458210729
0.286711854933
0.293883561951
0.300976058263
0.30837056595
0.315603977042
0.322158498755
0.328534417453
0.335038781206
0.342157303411
0.349628394279
0.357446192686
0.364995593346
0.37323120449
0.381900825692
0.391167312751
0.401136024585
0.411032284751
0.421960918742
0.433298864213
0.445073185404
0.457448389142
0.470021443059
0.482711902661
0.495663596775
0.508119412571
0.520130182902
0.531706577335
0.542147941467
0.551221459003
0.559042274469
0.565296758605
0.570092742823
0.573824945133
0.576989576595
0.579679170352
0.582773444644
0.586186386139
0.589910784576
0.594279087435
0.599301326792
0.604156079642
0.608731743355
0.612462776683
0.614858148805
0.615788629085
0.615443333223
0.61395000204
0.611550867763
0.608668076846
0.605953296551
0.603540140967
0.60157279855
0.600455298766
0.600325012944
0.601215095447
0.603260569749
0.606292752276
0.610169308792
0.614919579503
0.620197968768
0.626021856632
0.631962741917
0.637517632405
0.642888665853
0.647362558666
0.65087994968
0.653217766045
0.654138781055
0.653808882917
0.652491409591
0.65052142855
0.648259262148
0.645988636605
0.643961188539
0.642462480534
0.641740574671
0.641826772406
0.642678818621
0.64430724222
0.646494296652
0.648804881411
0.650979173545
0.652860452466
0.653927624111
0.653956891727
0.652764182084
0.650366481455
0.647112092094
0.643275445104
0.639360713209
0.635565686802
0.632261560587
0.630048488015
0.628640503227
0.62792580976
0.627797189987
0.62799030104
0.62827452615
0.628431249866
0.628351185168
0.628075216629
0.627744855815
0.627501554854
0.627485440899
0.62779432029
0.628514742966
0.629579993583
0.630824052356
0.631917609201
0.632694573674
0.632992010113
0.632485107272
0.631096543267
0.628734649449
0.62567889212
0.622439032022
0.619294739039
0.616355675133
0.614128937276
0.61296764237
0.613095084248
0.614613356754
0.617440797194
0.621303333866
0.626142924093
0.630950616157
0.63521058829
0.638354989669
0.639890868879
0.639021102549
0.635485174451
0.629113355439
0.620961782094
0.612710668242
0.60392438827
0.595750197263
0.589601890912
0.586178169921
0.585700352539
0.587638949405
0.592373759079
0.598898831125
0.606391116792
0.613652898308
0.61997743257
0.624095794077
0.625053488495
0.622616250651
0.617436826446
0.610376916523
0.603168193991
0.59695524924
0.592141502117
0.589256494548
0.588869286142
0.590638626675
0.594359327877
0.5993627773
0.604647476343
0.608941381769
0.611265046366
0.611159020547
0.608114335764
0.602243176938
0.593779202006
0.58408035959
0.573869781786
0.564608424152
0.555886727905
0.54931028615
0.544684990068
0.542246542406
0.54191732049
0.543432196001
0.546473452915
0.550564488171
0.555362920845
0.560255017089
0.564760142126
0.568719145413
0.571953597537
0.574495524115
0.576384961483
0.577710606813
0.578633132964
0.579261030475
0.579556485078
0.579519896413
0.579063008206
0.578119899713
0.576657767383
0.574745815193
0.572556166201
0.570437101028
0.568690218403
0.567589095188
0.567464434284
0.568410695321
0.570593660809
0.574143647635
0.578215074618
0.583523957245
0.589373738619
0.595534543991
0.601823617272
0.60757533002
0.612938262369
0.617943587081
0.622745450157
0.62749318309
0.632257766185
0.636716618718
0.640491931086
0.643792290569
0.646439092676
0.648203114239
0.64894132411
0.648643011256
0.647697553393
0.646597308965
0.646030061423
0.646560756376
0.648581962529
0.652427970219
0.657446328193
0.663296499937
0.669380839637
0.674886442315
0.678984853379
0.680509682249
0.679373248255
0.676457853384
0.672327263157
0.667526766452
0.663191071544
0.659255907444
0.655686800141
0.65222631815
0.648153713331
0.643231322936
0.637300993708
0.6297950622
0.62068261241
0.60997096992
0.597544811458
0.586393791978
0.575131150187
0.563457985917
0.552528484408
0.541506279483
0.532119730736
0.524759009663
0.519327498669
0.51581147973
0.514433674491
0.515006503967
0.517511175299
0.521332688464
0.527139674939
0.533735790377
0.541323754537
0.549241654919
0.556942840297
0.564659781181
0.572051516255
0.579142354377
0.586765949102
0.593892213251
0.600623657737
0.606797532328
0.612499012012
0.616702157751
0.618813300477
0.618157376268
0.614378367437
0.606993020782
0.596946625288
0.584628507537
0.572195227816
0.559811723901
0.546785445722
0.536569957091
0.527644247805
0.520974597357
0.516638894498
0.514591174744
0.514638459767
0.516482459648
0.520148425913
0.525384624549
0.531811554501
0.539252853943
0.547523026233
0.556623057884
0.566828424973
0.577434790686
0.589454361676
0.60206520258
0.613620280161
0.624287661104
0.634905809683
0.643850067646
0.650358429561
0.654020770167
0.654623266284
0.652903753663
0.649491186197
0.645003841794
0.640223620739
0.635712368859
0.631526422802
0.62839257335
0.626215003067
0.624962645216
0.624323066825
0.624089908494
0.62397882628
0.623676169259
0.622908395943
0.621296219533
0.618948197891
0.615620400521
0.611407844749
0.605817629144
0.599302072117
0.592035333471
0.584613822087
0.57660647298
0.568262150701
0.559777399078
0.551816783131
0.543773237025
0.535476742099
0.528220090269
0.522206616706
0.517706593756
0.51451471423
0.512826325868
0.512455354475
0.513361550554
0.515372160336
0.518129220677
0.521480643001
0.525376613298
0.529217767656
0.532791868469
0.536321974923
0.53978630398
0.543365269125
0.547276591183
0.551480358161
0.556020283401
0.560734942661
0.566010026051
0.572595868304
0.579794773594
0.587739680751
0.595920899177
0.603454133317
0.609725083605
0.613941204735
0.615087376819
0.612073991634
0.604032147836
0.590921510459
0.573892183644
0.55419164363
0.535491415953
0.518971612819
0.505566341381
0.496170545771
0.490966983934
0.49053804709
0.494414799134
0.502619469679
0.513897203108
0.528110249544
0.543302065668
0.558979332692
0.573975653147
0.586208457853
0.59607600255
0.603807683314
0.608843083622
0.612298050936
0.614310990262
0.615288431836
0.615217220534
0.614030844104
0.611713858956
0.608332037475
0.60397857752
0.59885950157
0.593502703514
0.588559196875
0.584764107037
0.582582983166
0.582678544729
0.585479905288
0.591457583028
0.599677614001
0.609918436095
0.621623752298
0.63348260691
0.644371100175
0.651811351906
0.654360897782
0.651150326343
0.642439340592
0.628532377414
0.610379716765
0.590882572111
0.571494443826
0.552406536064
0.536337853258
0.522576586661
0.51130388813
0.501490605596
0.492938061928
0.485999890418
0.479994352344
0.474769434519
0.471440527184
0.469589916177
0.469386345198
0.471290639304
0.47556251208
0.482745324984
0.492954127173
0.505872627185
0.520378144389
0.537340805125
0.55491038491
0.572092958076
0.588091050831
0.601648271825
0.611448752766
0.616959447952
0.618763628718
0.617758398117
0.615595624969
0.613669709824
0.61259415136
0.613171781084
0.615181893698
0.618431244714
0.622327970475
0.625989422347
0.628780753438
0.630439425729
0.631197401221
0.631390135678
0.631508452521
0.631984046969
0.632880375204
0.634249082122
0.635916342478
0.637266952317
0.638030985095
0.638085148749
0.637527873005
0.636793064509
0.636193602622
0.636081652674
0.636680451504
0.638021709486
0.639951210316
0.642277244087
0.644553935943
0.64674139562
0.648623483252
0.649956075994
0.650706025315
0.650836358904
0.650211218257
0.648608769179
0.646052907122
0.64278377213
0.638798830499
0.634873174872
0.631251553837
0.628022278634
0.624940995671
0.621315450286
0.616930965201
0.611512912451
0.604868632138
0.59750162708
0.589477985893
0.581005477287
0.572142776854
0.563218816019
0.552367346813
0.540112467944
0.524711138989
0.506578100533
0.486005359619
0.463866067573
0.4430267705
0.423355836294
0.406182795803
0.393904025101
0.386584515939
0.384596494972
0.387227671888
0.394313214022
0.405267671696
0.420850370881
0.438678173275
0.456716748261
0.473329562455
0.488224250019
0.499090842002
0.506362168594
0.510306418691
0.511752729406
0.512102268786
0.512304227049
0.513370368838
0.516103505664
0.520775644201
0.527672357642
0.536774830363
0.548081402396
0.559273164513
0.57077814949
0.581655073343
0.590971564565
0.596545423238
0.597420797141
0.593025194042
0.583828519887
0.569644794904
0.551005560856
0.529968671765
0.507376035221
0.486007809173
0.466417134284
0.452358312774
0.443263466854
0.43943299313
0.440304099642
0.445542192185
0.454550011352
0.468405940592
0.483727070175
0.49999969409
0.514566276639
0.526818360998
0.53619028921
0.54364806518
0.548367488757
0.55017922072
0.549988876428
0.54833069246
0.545506806303
0.541935650227
0.537187712558
0.531734704677
0.524610891595
0.516111701772
0.505834983713
0.494043792565
0.480957367762
0.466039637558
0.452287591836
0.439343635906
0.427136070038
0.416690434428
0.408142672065
0.402430877093
0.398195845657
0.395292460745
0.393674041728
0.392704283926
0.391796328266
0.390257351368
0.387691803448
0.383575696274
0.378152055908
0.370341692182
0.360712232302
0.349845534391
0.338051794825
0.325625974016
0.31311155776
0.301149364202
0.289364370811
0.278066673042
0.267742146049
0.258927474991
0.250728493434
0.243017685236
0.236070062009
0.229734382487
0.223998180314
0.218841235245
0.2138918561
0.209110369673
0.205020902429
0.20142996756
0.198523126325
0.196122411297
0.193895528763
0.191900585898
0.190220500252
0.188744895631
0.187361205262
0.186020730512
0.184756913846
0.183549506721
0.182507985633
0.181698205754
0.181201687573
0.181117557974
0.181410465043
0.182032557217
0.182913828372
0.183923522836
0.184829235983
0.185518622643
0.185746168389
0.185377197422
0.184399463
0.182922971586
0.181176948807
0.179327210513
0.177737880895
0.176775190719
0.176841769816
0.178187518982
0.181592513183
0.186938557352
0.193961630774
0.202693440356
0.213094893092
0.225750888623
0.240150705237
0.255506037225
0.271449002318
0.287046274671
0.30308773649
0.318046162559
0.331752047255
0.343906385674
0.355302199325
0.366047892673
0.375462876559
0.383588237907
0.391132610604
0.397678015308
0.402830197198
0.406633314326
0.409294940872
0.410486590083
0.410344885009
0.408751147939
0.405758753692
0.401414411814
0.39528679392
0.387986836093
0.379961595316
0.37104643148
0.361592803405
0.352692776613
0.343351216897
0.333912367251
0.325492822392
0.318151378263
0.311568736752
0.305915209089
0.301074880368
0.296976406726
0.293529784476
0.290289683591
0.287441316781
0.284768781311
0.28216532845
0.279725146603
0.27759828412
0.275894217059
0.274681159241
0.273947070876
0.273567111063
0.273360979288
0.273082410978
0.272436003042
0.271006544239
0.268679479178
0.265318830138
0.260866134406
0.255367235548
0.248991046711
0.242402423884
0.235575038317
0.229416755815
0.223363110142
0.217674409497
0.212314390262
0.207578818792
0.203355218988
0.199612322304
0.196132579832
0.192982750572
0.190134550829
0.187632087144
0.185306402647
0.18286955028
0.180218430862
0.177306906964
0.173799082967
0.169300364771
0.163947557942
0.157232520059
0.150265383128
0.15
0.15
0.15
0.15
0.15
0.15
0.15
0.15
0.15
0.15
0.15
0.15
0.15
0.15
0.15
0.15
0.15
0.15
0.15
0.15
0.15
0.15
0.15
0.15
0.15
0.15
0.15
0.15
0.15
0.153400319773
0.157464297238
0.160524326558
0.162589059557
0.163271868254
0.162640328219
0.160912352699
0.158553136991
0.155914783285
0.153305792812
0.151090723991
0.15
0.15
0.15
0.150602009503
0.152614811504
0.155094774182
0.1578306603
0.160413038103
0.162318493899
0.163021145714
0.162456885084
0.160389158658
0.156402557307
0.150563999138
0.15
0.15
0.15
0.15
0.15
0.15
0.15
0.15
0.15
0.15
0.15
0.15
0.15
0.15
0.15
0.15
0.15
0.15
0.15
0.158496222191
0.17359410369
0.188097596519
0.202143060911
0.215518764949
0.227546854484
0.238835609643
0.249455171958
0.259837892409
0.270431716851
0.280725894924
0.291487934669
0.302484151073
0.313710390051
0.325653789808
0.337664422506
0.349622898224
0.362919524248
0.37582361095
0.387507589033
0.397208905012
0.40540197862
0.410596812711
0.412432119652
0.411807423441
0.409491843734
0.406814708374
0.404938470453
0.40485180361
0.407113224858
0.4125587123
0.42050267718
0.430332310418
0.441498331981
0.454123767909
0.466273106428
0.477635724873
0.487470565432
0.496902667495
0.506084720419
0.5160160321
0.526525450209
0.5383634791
0.550712387265
0.563065927533
0.57443005408
0.583218276567
0.589837298539
0.593783690523
0.596305696878
0.599003747809
0.602935804618
0.608093414061
0.613931314355
0.619538704464
0.624388240085
0.62818836994
0.630874752401
0.632638276347
0.633307774892
0.632709740107
0.630747948734
0.627550608209
0.623800157298
0.619595211544
0.615038614985
0.608895957513
0.599614208544
0.585722379191
0.565640078546
0.539881837296
0.514327897003
0.489442216272
0.468998524464
0.45506400118
0.448580217641
0.448596968129
0.45558400664
0.467804664966
0.484351995009
0.502510635994
0.520555285031
0.538686692125
0.555181817544
0.571120045156
0.586241881737
0.601472837263
0.616076762731
0.630154162329
0.640633473998
0.642853290219
0.633417974487
0.611809938166
0.581130631917
0.549242267984
0.522601684634
0.507578871767
0.503446893418
0.510059482915
0.528105826592
0.552346651832
0.577750672928
0.600557109821
0.613257734313
0.61374179895
0.603359575012
0.585553515297
0.564839981592
0.544859429981
0.528168522086
0.51632632558
0.509913517691
0.507972541876
0.509181301904
0.511747196109
0.513430129853
0.512247952536
0.506952383075
0.49768605336
0.485086064293
0.471519887397
0.458600208985
0.448667479924
0.441197512768
0.435963816107
0.431882906784
0.427308414481
0.420726357605
0.411279439601
0.398865199812
0.384669950852
0.369727027157
0.356630465348
0.344474717757
0.334278989521
0.325439044018
0.317351758105
0.3094745384
0.300670277553
0.291288500498
0.28167163689
0.272411916101
0.263976576106
0.25623568319
0.250379014749
0.246375479377
0.244315670602
0.243696563646
0.244138827479
0.245071888877
0.245865475321
0.245918396862
0.244888356564
0.242617657609
0.238778615159
0.233575792098
0.227483650813
0.221053601619
0.21446896215
0.207971585712
0.202060498402
0.197639494883
0.1945109946
0.192672399497
0.191775479944
0.191143523649
0.190096928555
0.187691260476
0.182993608488
0.17622893104
0.166242192906
0.15338122727
0.15
0.15
0.15
0.15
0.15
0.15
0.15
0.15
0.15
0.15
0.15
0.15
0.15
0.15
0.15
0.15
0.15
0.15
0.151118776721
0.185115831311
0.221158969835
0.254775474658
0.287294426254
0.315235562266
0.338368142474
0.358186488976
0.374900492987
0.387753122964
0.396230295087
0.40102444055
0.4017993094
0.399205468231
0.393472612961
0.385177199245
0.374386107452
0.361771581038
0.348037867528
0.333575485366
0.318167909623
0.303643440146
0.289077778857
0.27442300401
0.259152653895
0.243215681546
0.22640332114
0.208594574621
0.1896635675
0.169050543012
0.150220704112
0.15
0.15
0.15
0.15
0.15
0.15
0.15
0.15
0.15
0.170264469627
0.193479019014
0.213366833402
0.231129487448
0.246720059361
0.261743065618
0.277141466562
0.293695863728
0.313369983913
0.334602007164
0.359258146725
0.388014718474
0.417331561461
0.448758442199
0.479313065174
0.505501986613
0.524448192705
0.533338143964
0.530577860473
0.519034198854
0.502452087788
0.485960372222
0.47154579781
0.460957395807
0.454907919669
0.453599968566
0.455911140879
0.460954000665
0.468336595878
0.476920148962
0.486832252118
0.498650335782
0.511642159174
0.525988108597
0.541734984846
0.556655217958
0.569459654883
0.577587099503
0.580295485722
0.577877701904
0.572467914694
0.567109432719
0.565373497676
0.569280650064
0.5787260664
0.591787293666
0.605759209632
0.61665299408
0.621229493604
0.620185825716
0.616702817776
0.613626220424
0.612228530201
0.611369361139
0.609115739689
0.60375154479
0.595877345013
0.588184485779
0.582664290047
0.580456123003
0.581323328649
0.584484014934
0.588829785082
0.593424616092
0.597954722034
0.601904913013
0.603624759579
0.601339616601
0.59369215641
0.582153634919
0.569982417883
0.560746926448
0.556569624943
0.557512255666
0.562068259897
0.566380920629
0.566976406454
0.560858944514
0.548918276775
0.534505443116
0.521563847033
0.514617598046
0.515521188545
0.523375858416
0.536812773405
0.553056277309
0.567315609413
0.578137947693
0.585818143605
0.590886586788
0.594882359739
0.597101881339
0.59529312582
0.587602463795
0.57616672636
0.565129585447
0.559575320103
0.560410506277
0.567310503433
0.57779268708
0.588004543805
0.59387114219
0.593382822917
0.587363824326
0.57626058667
0.560422972502
0.542594048492
0.522699265346
0.507071552295
0.497707185683
0.494937421252
0.498587023645
0.507646096009
0.518719882192
0.529342110764
0.537556857005
0.542402270725
0.545339704167
0.548833160851
0.555344386753
0.566519013208
0.581623724947
0.598678544793
0.614155789016
0.623145010738
0.624364392324
0.620695820546
0.618052621502
0.619484449689
0.62495248018
0.631347035473
0.6345777072
0.633139329432
0.629324307468
0.626388530719
0.627099427909
0.63212546419
0.639911169944
0.647715648604
0.652283951039
0.652295377624
0.64843093248
0.64404067672
0.6423863515
0.645765293605
0.653328330396
0.662898514959
0.671152873961
0.675483938361
0.676593000118
0.67591157079
0.674768824885
0.673875540957
0.673328370585
0.672930919996
0.672304760818
0.671037767831
0.668796156162
0.665341058827
0.661254958925
0.657790987659
0.656187898533
0.656062102319
0.655001203504
0.65014180308
0.640303440982
0.628813052312
0.622242478877
0.623839905137
0.633679243245
0.648054302336
0.659281473792
0.660258671835
0.649760913027
0.632333152807
0.619271382522
0.614800873606
0.61874633242
0.627950468607
0.637062031467
0.642495704805
0.642282204562
0.636151962714
0.621104056202
0.596702524651
0.565221106508
0.535280076432
0.513711007583
0.504556033334
0.507560433157
0.521149265611
0.540598447675
0.557015514094
0.566265951945
0.56501778794
0.554690579762
0.541181627101
0.527551720215
0.516136972714
0.507478105738
0.500441151463
0.494440537712
0.48885486935
0.483921091183
0.479621765166
0.476030258651
0.473032898796
0.470508863188
0.468918011388
0.468594496881
0.469570400866
0.471318661302
0.472574896365
0.471811968652
0.467391009635
0.45980949799
0.449231004489
0.437618066958
0.42679375287
0.419457447566
0.416164268656
0.416712780415
0.419547156236
0.422272657955
0.421966759792
0.416730782048
0.406202066698
0.392658767579
0.379043611145
0.368673358168
0.363974025916
0.365174211929
0.371167911378
0.380082130714
0.387978059727
0.391251191076
0.387951766907
0.377969154119
0.362131804381
0.343466873543
0.326198720466
0.313397030015
0.30664893561
0.306181934838
0.312143315753
0.324247051649
0.341349029843
0.360830496463
0.382070726156
0.403493666765
0.424881501645
0.443958771942
0.459446449761
0.471059107149
0.480191954707
0.487959551579
0.495987311461
0.505604685139
0.518247772175
0.53245969576
0.546552876315
0.555708123958
0.558717919866
0.557563990086
0.558189636586
0.563752830221
0.57437144712
0.583627983331
0.582814087125
0.566322084784
0.53722281551
0.501152120673
0.470767108626
0.454724042252
0.454678504484
0.468573313465
0.49251401742
0.519033149209
0.540655841008
0.55349104561
0.558683163198
0.560339621089
0.560719907406
0.558702190476
0.552369791121
0.54285000999
0.533083090624
0.525004738757
0.517964234017
0.509136778279
0.495480254737
0.477588655606
0.460903339022
0.450783124521
0.451725909134
0.464007476845
0.486624267821
0.513871275384
0.537763021026
0.551907129127
0.55314594763
0.544059956786
0.529307793602
0.513860373906
0.501259608745
0.489368363058
0.476750497333
0.462862835888
0.448710766251
0.436082480265
0.426155895896
0.420675163021
0.418220705402
0.416421321611
0.411913833597
0.402899339831
0.390321267538
0.377441332456
0.369534785985
0.36882426904
0.37559912536
0.389294374087
0.409048851973
0.431848121191
0.457046113357
0.482651241971
0.50817890533
0.530156824056
0.541427869849
0.539270813506
0.526615183664
0.508698558965
0.490981220319
0.477454426939
0.469697225165
0.467340997508
0.469785627365
0.474805022737
0.480055024396
0.482878788239
0.48133389536
0.475628954284
0.466567484309
0.45621324983
0.445787695102
0.437872486559
0.432559944171
0.429115097615
0.426385676509
0.423142503496
0.419087984299
0.413336640637
0.405633292952
0.394574989232
0.379530034424
0.363005774602
0.345634404084
0.328746288108
0.31554932692
0.305128756366
0.298225715279
0.293301701044
0.290548311707
0.289579213428
0.289803167438
0.289547525662
0.28603984742
0.276574330989
0.256821374491
0.228691704959
0.20204997954
0.180853014114
0.171979188596
0.176798068927
0.193250244922
0.22167638351
0.254532813259
0.282983162042
0.302537290385
0.312484653472
0.316673638948
0.321340279591
0.332449372703
0.3515117386
0.3769634423
0.403696423413
0.423250231239
0.430719212907
0.426603177456
0.417279683296
0.407620161225
0.399369222025
0.391171007754
0.380360952399
0.364893579862
0.344054738294
0.322307282221
0.302093271967
0.285361512942
0.272453208165
0.262968644779
0.253432332863
0.242850446925
0.229825812892
0.215024638076
0.199858169548
0.185434076139
0.173038535751
0.161874636531
0.15103489841
0.15
0.15
0.15
0.15
0.15
0.15
0.15
0.15
0.15
0.15
0.15
0.15
0.15
0.15
0.15
0.15
0.15
0.15
0.15
0.15
0.15
0.15
0.15
0.15
0.15
0.15
0.15
0.15
0.15
0.15
0.15
0.15
0.15
0.15
0.15
0.15
0.15
0.15
0.15
0.15
0.15
0.15
0.15
0.15
0.15
0.15
0.15
0.15
0.15
0.15
0.15
0.15
0.15
0.15
0.15
0.15
0.15
0.15
0.15
0.15
0.15
0.15
0.160836656222
0.206492262361
0.255052682374
0.298310348647
0.340045841606
0.376368157209
0.408424086951
0.435451330865
0.458003755745
0.477799246625
0.493941569321
0.506360199328
0.516163004035
0.523766613072
0.529676204201
0.534392130605
0.537846343019
0.539603015072
0.539205667138
0.535963083439
0.529793574759
0.520162658542
0.505870983172
0.48693161573
0.462737467397
0.435132917111
0.404373863893
0.369033952482
0.329586604034
0.290375644132
0.249988257295
0.209905093114
0.167537487778
0.15
0.15
0.15
0.15
0.15
0.15
0.15
0.15
0.158864381726
0.177515832397
0.194367612566
0.211874661365
0.232032857056
0.256548262624
0.286346827008
0.320281387031
0.354985343804
0.388165130643
0.417354411865
0.441959113992
0.461815491255
0.480352652494
0.499552681378
0.522024032895
0.549326863194
0.583002112093
0.619591349804
0.651270808504
0.669527179993
0.674440093343
0.675123464825
0.674286834526
0.667878701834
0.65732986472
0.647454807277
0.645452429691
0.649816184563
0.653671356725
0.650711016245
0.641290256288
0.632065753891
0.628601742495
0.631178742632
0.633958841132
0.62962127983
0.617643822759
0.604653467466
0.603579994756
0.61604348763
0.629339651816
0.621843340925
0.590246032489
0.55837885428
0.544257447555
0.54671199962
0.559540924521
0.573750409146
0.583943130317
0.58894627244
0.589922210179
0.589148853384
0.587985641664
0.58791815205
0.589534694777
0.59052862518
0.586437543374
0.575662338526
0.564258032847
0.562555633143
0.57715226002
0.604679546916
0.636444892597
0.657362486693
0.661765705119
0.654840087453
0.644829159896
0.637807217572
0.636811819609
0.641039637677
0.647933283421
0.654612235591
0.6587270063
0.657901732169
0.65172066301
0.64288049095
0.633751592516
0.627074251181
0.624602141704
0.624413802419
0.622483429952
0.615365948963
0.605213244194
0.595740539332
0.592673493649
0.592348889063
0.585894543771
0.570007941221
0.555243016573
0.548685822319
0.553546416171
0.569086359457
0.588913213937
0.603218531751
0.60076367749
0.583500035393
0.5691509745
0.566919955891
0.575301461637
0.584706517826
0.585458809056
0.574149936584
0.558654204749
0.552310659694
0.562519450275
0.584291132685
0.601503950139
0.599003939824
0.579543954156
0.559600194783
0.54701840889
0.538374868461
0.526430887945
0.512702295284
0.505405587148
0.505877738873
0.507089430484
0.497618742696
0.473319028912
0.444637517241
0.427216763694
0.428672790162
0.447843692887
0.479779321925
0.516894060944
0.5535573102
0.582811474994
0.59640311659
0.591357579651
0.578657108692
0.567129310172
0.556575709433
0.54334794769
0.528113630072
0.515234901146
0.507391637472
0.506198034449
0.509456381063
0.51117339347
0.504955229962
0.490078930688
0.470550029746
0.449223902378
0.429736794431
0.417278646543
0.412944730362
0.411237090102
0.404230231922
0.389702383393
0.374260626975
0.367663227186
0.373919666167
0.390389901313
0.409449579096
0.427529140825
0.443571848371
0.460501665425
0.476481727187
0.480278782745
0.465234544401
0.437645395262
0.411688494466
0.39780146729
0.394122982416
0.388173183001
0.368950353462
0.340003660041
0.314772493072
0.307748647019
0.323654785732
0.358608925576
0.401450036511
0.438154667491
0.46555561863
0.487848579563
0.511656265681
0.530956469965
0.535524134189
0.51951886437
0.491062613858
0.458696860615
0.436233064479
0.428530277505
0.429951479691
0.429656316996
0.419513937574
0.399811357314
0.37639370818
0.35275127144
0.329357865954
0.30560922797
0.282367297101
0.263947116967
0.251484339104
0.242503345004
0.231097970099
0.213334293806
0.189256006156
0.166594122014
0.152943218863
0.15
0.15
0.15
0.15
0.15
0.15
0.15
0.15
0.15
0.15
0.15
0.15
0.15
0.15
0.15
0.15
0.15
0.15
0.15
0.15
0.15
0.15
0.15
0.15
0.15
0.15
0.15
0.15
0.154712322771
0.164280112619
0.173101406961
0.181803477685
0.191736403547
0.203644664081
0.218878690135
0.23492186414
0.248979322558
0.258744400274
0.262752171153
0.261059972163
0.254741600485
0.245585272757
0.236004376731
0.227559216398
0.221745215181
0.220238987059
0.223775291409
0.233207662643
0.247733391304
0.264003188726
0.279013347383
0.28861010582
0.291918673276
0.29010073246
0.2863418716
0.284499863261
0.288163656944
0.297401172292
0.310060710463
0.321040970934
0.327647469953
0.327164224616
0.319472923672
0.305465859708
0.289783004055
0.276639364688
0.269004367113
0.26929763934
0.276607857704
0.286604266831
0.294248724872
0.296165318278
0.290022746345
0.276502629095
0.25796350331
0.237668210884
0.219765736941
0.207946612518
0.202393663351
0.201892763753
0.20292199309
0.200847168693
0.191445499247
0.172993427443
0.150017511241
0.15
0.15
0.15
0.15
0.15
0.15
0.15
0.15
0.15
0.15
0.15
0.15
0.15
0.15
0.15
0.15
0.15
0.15
0.15
0.15
0.15
0.15
0.15
0.15
0.15
0.15
0.15
0.15
0.15
0.15
0.15
0.15
0.15
0.15
0.15
0.15
0.15
0.15
0.15
0.15
0.15
0.15
0.15
0.15
0.15
0.15
0.15
0.15
0.15
0.15
0.15
0.15
0.15
0.15
0.15
0.15
0.163932697461
0.191981428134
0.222443848206
0.268955078684
0.32671612356
0.380371543942
0.41291563779
0.439549037473
0.474241736465
0.526828442217
0.574059825719
0.603859559981
0.61703946431
0.622753536427
0.625443463794
0.618158525561
0.5954205909
0.582420223185
0.596804953717
0.620079911178
0.627112267472
0.617223093239
0.60313524438
0.612305598731
0.642396406808
0.654927311347
0.636383311476
0.625639080299
0.628490194092
0.621215171726
0.609633601598
0.611005783375
0.606941717543
0.583349512548
0.566668976831
0.567739998851
0.572153721317
0.577446452209
0.578262807918
0.54836184441
0.500840338675
0.488777153859
0.517446083851
0.551616482957
0.561123608936
0.564583980014
0.577306314314
0.569770495423
0.543560399538
0.545607052616
0.567149758429
0.566609517953
0.542622710997
0.52602987785
0.534059223969
0.567040834516
0.6116861865
0.643800714766
0.654302037458
0.657815602588
0.64995771701
0.635170152734
0.627073053831
0.60968212366
0.578326930538
0.562075694357
0.567585888211
0.586928950863
0.615034121183
0.638987963003
0.635995474013
0.622187351863
0.63019072146
0.632353513674
0.587323903799
0.550337554488
0.542477634066
0.510694125833
0.439610380334
0.375005366411
0.351860413936
0.378467618297
0.441420888291
0.511220856476
0.548188573252
0.531326582895
0.480590601586
0.428076611809
0.382638635535
0.352095702034
0.35119556349
0.385167360679
0.441205576249
0.482257621644
0.47705425824
0.442414072653
0.4200254214
0.418224567961
0.417082470441
0.399125442717
0.373547409521
0.355268016336
0.34523128
0.333933166134
0.318728914531
0.305175845423
0.299596116827
0.30025650992
0.299556099052
0.289977973069
0.270805870766
0.249415314517
0.23182459019
0.215106010173
0.195477541819
0.176214449052
0.166546060549
0.1696916915
0.178871718762
0.185377559649
0.190474803227
0.201587965529
0.221615560714
0.245897139777
0.266012841922
0.278144728634
0.283010578305
0.283851813205
0.284749336092
0.289384597498
0.297455832055
0.306257719356
0.31217977706
0.313332396665
0.309679322275
0.306599588013
0.308981414103
0.314454270204
0.317627294543
0.318630845432
0.320271530518
0.320320468484
0.316018776188
0.313347089589
0.321370984613
0.337722498162
0.351587973672
0.358232337051
0.364887817152
0.372690617484
0.372870675767
0.364132159593
0.358431486251
0.359423222831
0.360167754722
0.354102755567
0.343848598541
0.343173973032
0.365313652895
0.403419983862
0.429999511745
0.425455053793
0.404784031373
0.387853964775
0.37558415346
0.367743081108
0.378254022302
0.416386857833
0.463267893707
0.484587643603
0.475091478672
0.463813379572
0.461219503562
0.464940663689
0.472745554414
0.479964137455
0.478408745694
0.466975406564
0.458808310198
0.462265846832
0.462927767679
0.441987950658
0.414732107611
0.40993500506
0.420564112706
0.414142744943
0.380347786892
0.351593114542
0.351606185501
0.368288238044
0.372013371384
0.351555165265
0.326118555492
0.313017033366
0.307063157862
0.300757738163
0.291720117139
0.28382026191
0.281635261337
0.283569374647
0.28231234723
0.276125406149
0.274341747711
0.284257621024
0.295699118038
0.291844607938
0.277499498077
0.28050382638
0.316109314454
0.364023782746
0.387463964982
0.374124431658
0.357994851316
0.362315195706
0.377280138715
0.378875784606
0.365954371639
0.366670598024
0.384756714119
0.393560566333
0.382705025706
0.375861806431
0.378374679739
0.368344473334
0.344379441584
0.330747791116
0.339872375285
0.366124364271
0.397726165882
0.432710041155
0.47535955036
0.522649494716
0.551768465734
0.561488237855
0.573008258464
0.5807277916
0.57766450135
0.56417744719
0.543954371363
0.528816263774
0.528298462924
0.529972809278
0.52571864282
0.519295409695
0.530915445533
0.566186504122
0.588148271196
0.578959831625
0.570672236998
0.571097017025
0.568959041499
0.559670293859
0.552528178772
0.55667761918
0.569309566465
0.582555888728
0.591093071314
0.60168559335
0.609889762169
0.586894290567
0.543228888181
0.530994942071
0.542552296201
0.544428017195
0.517833386805
0.469267746419
0.443244373732
0.459912020816
0.491659307305
0.515034479594
0.525673409055
0.512700186346
0.484439988952
0.443368251895
0.405811869915
0.380592131048
0.355097796261
0.309541390675
0.256164762304
0.225678831638
0.238193002902
0.284325933628
0.328369350845
0.347908272952
0.362163218667
0.385329895517
0.402316949088
0.415284859276
0.435987944994
0.461188403435
0.493668968161
0.528133935487
0.529705055982
0.489061598481
0.451865327429
0.439992766354
0.435438468465
0.428439875824
0.416422144744
0.400598430259
0.393079413055
0.386005924484
0.365176369283
0.343417181124
0.3295942867
0.318363956673
0.304195161404
0.291006797601
0.282560888978
0.274201572749
0.261150385647
0.250672685747
0.243999360802
0.227029664853
0.192884290901
0.165897500002
0.16589666035
0.185563890452
0.202520001713
0.199660460594
0.178055348635
0.158246324481
0.155082876971
0.16199341351
0.166767159759
0.167660106497
0.167505017513
0.161774002238
0.15
0.15
0.15
0.15
0.153453177563
0.15
0.15
0.15
0.15
0.15
0.15
0.15
0.15
0.15
0.15
0.15
0.15
0.15
0.15
0.15
0.15
0.15
0.15
0.15
0.15
0.15
0.15
0.157208017664
0.15206022477
0.15
0.15
0.15
0.158683967969
0.15
0.15
0.15
0.15
0.15
0.15
0.15
0.15
0.15
0.15
0.15
0.15
0.15
0.153892744414
0.157904592855
0.158414383954
0.155518983376
0.156816736071
0.164903639092
0.160621211575
0.15
0.15
0.15
0.15
0.15
0.15
0.15
0.15
0.15
0.15
0.15
0.15
0.202469939641
0.237841208385
0.271281632974
0.314097456231
0.348717817416
0.389664847859
0.444545752183
0.489408881498
0.527782292444
0.530756222672
0.481226367571
0.469929213241
0.472557934565
0.473269228259
0.512558266653
0.527671566949
0.485182505795
0.428451408756
0.387557891935
0.340382593936
0.289090324183
0.302712430823
0.385715405292
0.457664392341
0.443421172997
0.405508762138
0.383708979465
0.363015628685
0.340470647633
0.325198805307
0.347930422813
0.409636121847
0.483182924902
0.527720413874
0.494024306258
0.447076438111
0.439961727206
0.412490848601
0.365207035303
0.367010621524
0.38654601732
0.383204613977
0.372431376776
0.351190971616
0.328410661837
0.319349562438
0.290557143207
0.232776903598
0.194437380898
0.179342414539
0.156634594313
0.15
0.15
0.15
0.15
0.15
0.15
0.15
0.15
0.15
0.15
0.15
0.15
0.15
0.15
0.164718747152
0.155169463701
0.15
0.15
0.15
0.15
0.152927121459
0.182873661628
0.205871739837
0.198808368544
0.170148811604
0.168748981139
0.229418986521
0.334351960164
0.440080461786
0.542915014968
0.625795804207
0.648789710654
0.649132736642
0.625117810883
0.648404607387
0.652268956576
0.630085919116
0.641077262988
0.652507771952
0.649404946134
0.604988016504
0.558675625426
0.559200524576
0.568887411446
0.567803795733
0.544455600046
0.53790643335
0.561666545473
0.564182162473
0.580642065552
0.585608959455
0.55579112011
0.518952889018
0.50461046898
0.524444182022
0.567884511254
0.595688128102
0.605107184169
0.632062160146
0.61376266693
0.572800510619
0.58880627944
0.625068248707
0.653401123358
0.66144011973
0.659363729069
0.653091309493
0.620734440051
0.568452087665
0.524897704221
0.532426321864
0.540660165267
0.574027768351
0.589191580969
0.594904869987
0.583844141447
0.57342047351
0.556787917623
0.525550129524
0.504526698517
0.456717189257
0.454215616598
0.50213398093
0.54345528883
0.527400019213
0.462174346056
0.397637454327
0.42018350473
0.47535726835
0.510871545059
0.547832599921
0.56576452189
0.547466407289
0.513954626609
0.458646866603
0.431250871503
0.440108431159
0.448445167815
0.431589786589
0.408435795132
0.394714575034
0.378272977708
0.373219141476
0.369739819529
0.350008625655
0.342743900817
0.338986352487
0.317233889166
0.304992767063
0.304547503973
0.310403982185
0.315771528374
0.297342164066
0.274792780225
0.275540021046
0.27040154871
0.233164016472
0.215760908258
0.230635233791
0.226822281466
0.207323709517
0.200224780698
0.167344327126
0.15
0.15
0.166614529592
0.161999050744
0.159698565505
0.16195374098
0.154987659981
0.152736668322
0.15
0.15
0.15
0.15
0.152573549354
0.15
0.15
0.154399794896
0.154700118727
0.164663718558
0.192053714507
0.21519931166
0.225562996087
0.228068950024
0.216138003835
0.198019076426
0.173279595647
0.152635219664
0.165658904933
0.198197952965
0.208402906581
0.198591644487
0.204734887483
0.231665832044
0.257313795589
0.267283241622
0.273186401431
0.29236975426
0.311433994376
0.313398125519
0.306045045006
0.295046850323
0.301641158498
0.325601626153
0.334117980598
0.336994534918
0.338541833933
0.337927757378
0.357303779681
0.36795063431
0.33346978567
0.320473999098
0.357508784834
0.40821293713
0.409544156961
0.439432944806
0.483959385082
0.456894563026
0.518970729271
0.567171403176
0.58162958674
0.464273483161
0.462399550608
0.520753806909
0.462236843587
0.428470063715
0.477159280669
0.487647824878
0.483994209799
0.475566905953
0.460432826423
0.43388976016
0.442310213168
0.492850759997
0.485958717138
0.403277609983
0.359453889438
0.34290493015
0.337779791044
0.369652605116
0.357449121698
0.356864656464
0.379991239173
0.331033777557
0.363257352967
0.408309646573
0.39044238453
0.419869127876
0.469424340299
0.539126668136
0.585550823683
0.614528425252
0.623718899845
0.628204751587
0.628736335234
0.638216095525
0.656231456461
0.651728383007
0.640338311703
0.626040844858
0.631345316335
0.633355266161
0.619323146641
0.629862617969
0.633608194715
0.628624774888
0.625069104536
0.61917136903
0.626924403662
0.631925530568
0.632707141425
0.624971056898
0.622488161484
0.616484382866
0.607478195832
0.591740121557
0.576018859282
0.551027493759
0.491366681446
0.426096933582
0.393932263972
0.419769748334
0.452980168827
0.469139942534
0.494834918353
0.544973674567
0.562423990285
0.550301557177
0.517262583184
0.462270462994
0.42165815606
0.395848767701
0.386531998422
0.408769359566
0.446509941934
0.495909826042
0.516455079537
0.492891644313
0.448291035668
0.393686331658
0.338378878319
0.316798121426
0.346121854009
0.381376443023
0.396780167857
0.380528834293
0.346627123078
0.311933723822
0.26915176544
0.243396952434
0.242986071454
0.236364896037
0.210919742661
0.191997536904
0.186469452084
0.193866656435
0.205992898004
0.191761331472
0.164910599692
0.158728582928
0.150307467369
0.15
0.15
0.15
0.15
0.15
0.15
0.15
0.168627612499
0.195919310158
0.234677785457
0.28678226433
0.33842665537
0.395566719933
0.437010091992
0.461983488517
0.5035642299
0.558484119643
0.609969456623
0.631080496382
0.649160659799
0.646358925487
0.647209213517
0.631296400685
0.645199826573
0.643842478759
0.659623835431
0.638312523253
0.593125894562
0.604054122912
0.593589972682
0.571976363435
0.562584346026
0.555116370202
0.548321304383
0.551682697748
0.567302133485
0.560796766255
0.551585786219
0.540153095105
0.53489720029
0.53669100217
0.54809061205
0.572073484303
0.5494185518
0.538425265901
0.544713159024
0.544587898286
0.554396198687
0.56721333785
0.575932136277
0.597282006599
0.595771335701
0.59007497518
0.575463502035
0.573063276127
0.566729150866
0.548423528476
0.553911406923
0.521542823371
0.548488486602
0.547723091911
0.539076708344
0.545448136751
0.544200620639
0.534168199183
0.559016934599
0.56626334687
0.55957772353
0.553353086423
0.560634974638
0.580479977914
0.605719745139
0.60639676189
0.60798256168
0.6116884765
0.615383437196
0.622144500246
0.613533975117
0.606878173317
0.591498803547
0.575564882244
0.565496037773
0.551369066451
0.538343861019
0.578209294434
0.579384629914
0.5844277974
0.588295904577
0.560473305377
0.544109839236
0.536955366726
0.549605812156
0.553503110721
0.564867170279
0.569713556871
0.568637624757
0.570463698977
0.568024128935
0.56998825383
0.562798993854
0.553715601897
0.536375944142
0.518647906278
0.556490253021
0.577550736145
0.574670369233
0.537774794945
0.544814336132
0.541496151072
0.543620978146
0.562209405499
0.550545688108
0.558472725857
0.587996181855
0.600120620966
0.59593868929
0.591367214449
0.582296928303
0.592082825637
0.600565290939
0.613989203058
0.602421739435
0.595316269419
0.594271515231
0.61650241722
0.620486207961
0.644396315249
0.634198848387
0.633214840348
0.631552776263
0.647943617132
0.615933738157
0.649916352251
0.635347853532
0.640230639519
0.642326671954
0.645201043679
0.667208655001
0.661073132427
0.652922032884
0.653040096335
0.638222660129
0.631466784018
0.629960324327
0.64836450769
0.642340460567
0.634958648441
0.633692984973
