#Sigma on LID for EDC from AICC2012.
0.22074541530571
0.22074541530571
0.22074541530571
0.22074541530571
0.22074541530571
0.22074541530571
0.22074541530571
0.22074541530571
0.22074541530571
0.22074541530571
0.22074541530571
0.22074541530571
0.22074541530571
0.22074541530571
0.22074541530571
0.22074541530571
0.22074541530571
0.22074541530571
0.22074541530571
0.22074541530571
0.22074541530571
0.22074541530571
0.22074541530571
0.22074541530571
0.22074541530571
0.22074541530571
0.22074541530571
0.22074541530571
0.22074541530571
0.22074541530571
0.22074541530571
0.22074541530571
0.22074541530571
0.22074541530571
0.22074541530571
0.22074541530571
0.22074541530571
0.22074541530571
0.22074541530571
0.22074541530571
0.22074541530571
0.22074541530571
0.22074541530571
0.22074541530571
0.22074541530571
0.22074541530571
0.22074541530571
0.22074541530571
0.22074541530571
0.22074541530571
0.22074541530571
0.22074541530571
0.22074541530571
0.22074541530571
0.22074541530571
0.22074541530571
0.22074541530571
0.22074541530571
0.22074541530571
0.22074541530571
0.22074541530571
0.22074541530571
0.22074541530571
0.22074541530571
0.22074541530571
0.22074541530571
0.22074541530571
0.22074541530571
0.22074541530571
0.22074541530571
0.22074541530571
0.22074541530571
0.22074541530571
0.22074541530571
0.22074541530571
0.22074541530571
0.22074541530571
0.22074541530571
0.22074541530571
0.22074541530571
0.22074541530571
0.22074541530571
0.22074541530571
0.22074541530571
0.22074541530571
0.22074541530571
0.22074541530571
0.22074541530571
0.22074541530571
0.22074541530571
0.22074541530571
0.22074541530571
0.22074541530571
0.22074541530571
0.22074541530571
0.22074541530571
0.22074541530571
0.22074541530571
0.22074541530571
0.22074541530571
0.22074541530571
0.22074541530571
0.22074541530571
0.22077390512429
0.22080296929
0.22083221071571
0.22086170770571
0.22089151977429
0.22092136196286
0.22095144301143
0.22098071237286
0.22100957817857
0.22103876105571
0.22106809060714
0.22109766488714
0.22112753272571
0.22115805159
0.22118881046857
0.22121999916714
0.22125148416429
0.22128202891857
0.22131186161429
0.22134134548
0.22137321670286
0.22140545879429
0.22143752113714
0.22146920451
0.22150072748143
0.22153288527429
0.22156481284286
0.22159577848286
0.22162573158857
0.22165568491143
0.22168543387429
0.22171464275429
0.22174452608571
0.22177438796857
0.22180408323286
0.22183350989714
0.22186241486143
0.22189154093714
0.22192140902857
0.22195091001857
0.22198134992429
0.22201238390571
0.22204267453571
0.22207273368
0.22210271543143
0.22213243836714
0.22216241071571
0.22219203342429
0.22222178014286
0.22225173430857
0.22228228491429
0.22231305348286
0.22234380015
0.22237452890714
0.22240473989571
0.22243372845857
0.22246219373286
0.22249141070857
0.22252123687571
0.22255100744571
0.22258047645
0.22260982607571
0.22264021669143
0.22267136007143
0.22270182712143
0.22273038444286
0.22275871234143
0.22278759921571
0.22281688800143
0.22284624309143
0.22287523359714
0.22290463518143
0.22293395003857
0.22296315639143
0.22299188042429
0.22302117555429
0.22305052852429
0.22307928902714
0.22310713323857
0.22313534994143
0.22316358274429
0.22319137418857
0.22322068832
0.22325097299
0.22328091034571
0.22331147151
0.22334208866714
0.22337132528429
0.22340030201857
0.22342926668286
0.22345800519143
0.22348725088
0.22351614809429
0.22354422462143
0.22357287466857
0.22360251222
0.22363268400429
0.22366267498
0.22369350341
0.22372375521
0.22375185195
0.22378001127714
0.22380835304714
0.22383782232714
0.22386697348143
0.22389688917
0.22392648927857
0.22395624114143
0.22398551205286
0.22401424471857
0.22404033507571
0.22406616786857
0.22409244032429
0.22411997775571
0.22414683041857
0.22417284400143
0.22419835479714
0.22422663137286
0.22425707045429
0.22428724927143
0.22431613063857
0.22434480610143
0.22437321909429
0.22440173890714
0.22443022097286
0.22445873059857
0.22448765308714
0.22451747451857
0.22454822445429
0.22457864302143
0.22460876182
0.22463841681143
0.22466839735286
0.22469915730143
0.22472927833
0.22475720724429
0.22478457131143
0.22481180649714
0.22483844549143
0.22486564886571
0.22489469481143
0.22492418921429
0.22495267699714
0.22498100980286
0.22500914497571
0.22503748954286
0.22506574861
0.22509413809286
0.22512309922857
0.22515184168286
0.22518007602429
0.22520842986857
0.22523624227286
0.22526354174143
0.22529117470571
0.22531899980429
0.22534706254429
0.22537470808571
0.22540117644143
0.22542770792286
0.22545475833429
0.22548132701571
0.22550957326857
0.22553950442
0.22556868209571
0.22559448178286
0.22562056572286
0.22564802492143
0.22567633066714
0.22570430290143
0.22573061584571
0.22575620315571
0.22578233166571
0.22580907740286
0.22583576794571
0.22586366154571
0.22589203788857
0.22591970501714
0.22594709194857
0.22597483797429
0.2260007127
0.22602658227143
0.22605415430714
0.22608216539714
0.22611070031714
0.22614037729857
0.22617085201571
0.22619891691429
0.22622587660143
0.22625325445429
0.22628089435857
0.22630845610143
0.22633554554714
0.22636201897571
0.22638830804
0.22641480476286
0.22644140650714
0.22646826255143
0.22649452624714
0.22652019982714
0.22654452181714
0.22656847793429
0.22659307025857
0.22661861611143
0.22664424728286
0.2266703008
0.22669590681857
0.22672363454571
0.22675301730857
0.22678130029571
0.22680689982571
0.22683212545857
0.22685742172429
0.22688257029857
0.22690776653857
0.22693378989
0.22696006052571
0.22698715984286
0.22701406830857
0.22704134411429
0.22706981914714
0.22709893166857
0.22712757745571
0.22715610455714
0.22718393162714
0.22721054425286
0.22723658569857
0.22726379619714
0.22729198976714
0.22732015123286
0.22734784377286
0.22737509383429
0.22740240766857
0.22742995735571
0.22745731614714
0.22748318918714
0.22750895591286
0.22753601818571
0.22756380455
0.22759148062857
0.22761875946714
0.22764597830429
0.22767214242143
0.22769787589143
0.22772332272857
0.22774845916429
0.22777336444286
0.2277978548
0.22782192287429
0.22784678790429
0.22787274645
0.22789887365143
0.22792374780143
0.22794738470857
0.22797110937429
0.22799557564286
0.22802006158286
0.22804542071857
0.22807127580429
0.22809704036714
0.22812264801
0.22814817076286
0.22817345975714
0.22819855725429
0.22822337545429
0.22824783294857
0.22827237568714
0.22829754079143
0.22832351767
0.22834957916429
0.22837613632143
0.22840268748143
0.22842878592143
0.22845472512857
0.22848104917857
0.22850787538143
0.22853492763143
0.22856204608
0.22858923358429
0.22861620640429
0.22864270222143
0.22866905550143
0.22869496496571
0.22872054256286
0.22874651893857
0.22877315118286
0.22879984805143
0.22882530239143
0.22885000802
0.22887540112429
0.22890267672429
0.22893009139714
0.22895716903429
0.22898398401857
0.22901100062429
0.22903862783857
0.22906628937
0.22909344714286
0.22912043300143
0.22914745624143
0.22917455068429
0.229201668
0.22922878940857
0.22925592035429
0.22928235285
0.22930750701286
0.22933246468143
0.22935848489429
0.22938501853286
0.22941242758286
0.22944127586429
0.22947042778857
0.22949780231571
0.22952459928
0.22955174892857
0.22957939437857
0.22960723131857
0.22963512260286
0.22966306148143
0.22969133141429
0.22972008979571
0.22974910317286
0.22977864590429
0.22980864036
0.22983723199571
0.22986405956714
0.22989053514286
0.22991767722857
0.22994552384714
0.22997366319857
0.23000285683143
0.23003188403143
0.23006021845
0.23008801573714
0.23011622544714
0.23014621390857
0.23017616703429
0.23020597245857
0.23023567202
0.23026575186429
0.23029677746
0.23032731735714
0.23035560953143
0.23038209748571
0.23040887586
0.23043644380143
0.23046421197143
0.23049274811
0.23052188886286
0.23055073856
0.23057834112143
0.23060597645714
0.23063412566429
0.23066257322714
0.23069127601714
0.23072094876286
0.23075056092571
0.23077938428286
0.23080781042429
0.23083671922857
0.2308674964
0.23089811412857
0.23092777889857
0.23095678718143
0.23098579203
0.23101474340143
0.23104356532143
0.23107178570571
0.23109957421
0.23112763357286
0.23115686198
0.23118597370714
0.23121419874
0.23124186929429
0.23126947467143
0.23129677291
0.23132406533143
0.23135123207571
0.23137836106
0.23140691262571
0.23143774987286
0.23146917637714
0.23150091363571
0.23153275992286
0.23156376908714
0.23159147714571
0.23161916581857
0.23164671269286
0.23167416987143
0.23170191528286
0.23173044704571
0.23175901811857
0.23178765415857
0.23181630762
0.23184437767
0.23187127581143
0.23189800701286
0.23192552434143
0.23195337052143
0.23198167529429
0.23201055594857
0.23203948439714
0.23206710241571
0.23209395537286
0.23212146761857
0.23214995291857
0.23217836597286
0.23220568233
0.23223199822714
0.23225889835857
0.23228813578429
0.23231723848
0.23234575226429
0.23237378993286
0.23240165621286
0.23242876832857
0.23245586864429
0.23248204972286
0.23250793765429
0.23253523982571
0.23256464609
0.23259465095714
0.23262327859
0.23265144831571
0.23267929607
0.23270676449857
0.23273433126857
0.23276374155571
0.23279425217857
0.23282358406571
0.23285136679571
0.23287865593714
0.23290555296143
0.23293221029
0.23295995252286
0.23298942899571
0.23301933469286
0.23304958196
0.23308008896571
0.23310910845714
0.23313644470429
0.23316322865571
0.23318993498143
0.23321657247714
0.23324359322
0.23327182435286
0.23330008939714
0.23332851034714
0.23335701386714
0.23338528448571
0.23341264088
0.23344000145
0.23346782792857
0.23349581838143
0.23352258686
0.23354729171
0.23357171103286
0.23359623644143
0.23362085859429
0.23364547997
0.23367007174714
0.23369465809857
0.23371804504286
0.23374108518714
0.23376460958
0.23378945934143
0.23381438084286
0.23383803992
0.23386143693571
0.23388447541286
0.23390718451571
0.23392978358857
0.23395103027429
0.23397206920857
0.23399314920286
0.23401478824857
0.23403666774429
0.23405935954143
0.23408270117714
0.23410591655857
0.23412842953857
0.23415055093857
0.23417176325143
0.23419199861
0.23421231144
0.23423267266429
0.23425309970143
0.23427368187429
0.23429432673429
0.23431525221857
0.23433662945
0.23435800185429
0.23437866172857
0.23439880357429
0.23441845309286
0.23443712717143
0.23445550150571
0.23447390367429
0.23449233859286
0.23451080915
0.23452959146714
0.23454861414143
0.23456787342857
0.23458761602
0.23460740577571
0.23462722292857
0.23464688564857
0.23466553848286
0.23468353773286
0.23470215100857
0.23472102725857
0.23474023091286
0.23476011414429
0.23478004895429
0.23479997413571
0.23481943867286
0.23483867967286
0.23485772373857
0.23487634594286
0.23489549932143
0.23491523626857
0.23493517704714
0.23495510989143
0.23497497121
0.23499429572286
0.23501314935714
0.23503174050571
0.23505100826429
0.23507047367
0.23509019979143
0.23511113014429
0.23513181156857
0.23515218663143
0.23517207424286
0.23519252908714
0.23521330381143
0.23523431091143
0.23525448798571
0.23527445556286
0.23529403056714
0.23531221551857
0.23533063153857
0.23534922854857
0.23536826522714
0.23538749992571
0.23540694038
0.23542671916
0.23544735280571
0.23546862435143
0.23548950909286
0.23550964810286
0.23552932194571
0.23554847814714
0.23556721346143
0.23558580548429
0.23560424204429
0.23562294360429
0.23564186514286
0.23566131432
0.23568067836571
0.23570000209
0.23571931457286
0.23573948362714
0.23576003123286
0.23578060082143
0.23580123362143
0.23582152806714
0.23584142880429
0.23586064940571
0.23588049539286
0.23590094688571
0.23592170929429
0.23594402450286
0.23596692771
0.23598949259286
0.23601077326714
0.23603182152857
0.23605239571571
0.23607245089
0.23609313386857
0.23611426478286
0.23613585051571
0.23615791423857
0.23618035992714
0.23620223618286
0.24106491892143
0.24846043823857
0.25542425594714
0.26197373920286
0.26810077791429
0.27371527356429
0.27900887506
0.28414158279571
0.28904843815286
0.29378361102143
0.29809489460714
0.30189409296286
0.3052537439
0.30808129911
0.31054372216857
0.31257309034857
0.31431999345857
0.31584422762143
0.31705483260429
0.31793293783143
0.31853363381143
0.31887755223
0.31904275196857
0.31897862981286
0.31873028766286
0.31832093424571
0.31778395493286
0.3171093492
0.31625754198
0.31517484447
0.31401401925857
0.31278304482286
0.31152407911286
0.31014565908
0.30863340897286
0.30708623425
0.30548105571429
0.30374995422429
0.30186179838143
0.29977151030714
0.29754217756143
0.29520508085571
0.29283569750714
0.29041902700286
0.28810020236286
0.28565491066857
0.28301641724429
0.28018880996286
0.27722378021714
0.27417087558
0.27111492773857
0.26808894880857
0.26505245845429
0.26202139899143
0.25913458799286
0.25630156690714
0.25351936269714
0.25069124634
0.24786783128
0.24533956364857
0.24298363628143
0.24092130543714
0.23899521425714
0.23748446551571
0.23750262649286
0.23752103950429
0.23753960016571
0.23755769925
0.23757542330571
0.23759314727
0.23761085919286
0.23762854120571
0.23764584537
0.23766294659429
0.23768068209571
0.23769861500857
0.23771689349286
0.23773491471857
0.23775284499429
0.23850550292714
0.24075706298
0.24326543689286
0.24618710225429
0.24937586231286
0.25274003630714
0.25636701133
0.26038646594143
0.26473130470429
0.26928896223857
0.27389071888714
0.27860515605
0.28340373820857
0.28801633115
0.29264020739
0.29735497851429
0.30211953030429
0.30695872958286
0.31201937453
0.31712668513571
0.32170061747286
0.32622445839429
0.33133225288429
0.33626719997
0.34086865206857
0.34537331351857
0.34980904117571
0.35425924600143
0.35873121864
0.36321008419857
0.36765123778571
0.37198113104714
0.37618491984429
0.38028512683
0.38425982162143
0.38812747806571
0.39175481207571
0.39527201323143
0.39888730598714
0.40239856922429
0.40582645347714
0.40931442892286
0.41269812707714
0.41598560643857
0.41929402073
0.42266018023571
0.42611052372714
0.42964907467571
0.43328690780143
0.43704803401
0.44079728364714
0.44466163816857
0.44871791461857
0.45295174800714
0.45743094904571
0.46212189263
0.46690781926286
0.47156445483
0.47630856045143
0.48119595780857
0.48640882715143
0.49180929155286
0.49722737892429
0.50254107247429
0.50806073226286
0.51372097833429
0.51947827965714
0.52547837461429
0.53175987092857
0.53796086735857
0.54401338122714
0.55001108929571
0.55607161140571
0.56230001232286
0.56851668652429
0.57462206597
0.58073986896143
0.58679576354857
0.59278386776286
0.59831664672143
0.60369500499714
0.60889869075286
0.61386522198
0.61891097119571
0.62358913276857
0.62822567282286
0.63262587485857
0.63679831242571
0.64083747489571
0.64471051963
0.64838642771286
0.65188562688571
0.65508476902857
0.65802480890143
0.66075469118429
0.66315435492714
0.66546398352
0.66755568406
0.66947701402857
0.67136981439286
0.67310977680857
0.67454902223429
0.67577884312429
0.67692253852857
0.67796761643
0.67895398953714
0.68005774118571
0.68098558943571
0.68175858155857
0.68234061940571
0.68295392883571
0.68336577278429
0.68382107570429
0.68418452947429
0.68440038800571
0.68464744878571
0.68499373382429
0.68544671282571
0.68595737988714
0.68653505867143
0.68708786736714
0.68779194906
0.68854290361429
0.68929160900429
0.69014617350429
0.69104555456571
0.69203050261857
0.69295083441571
0.69378394765143
0.69465289808429
0.69553920184286
0.69638962914286
0.69743137390714
0.69843380819
0.69948269019286
0.70050593830571
0.70153461249
0.70251246141857
0.70343308273143
0.70421683282571
0.70493020812714
0.70556494323286
0.70609148709
0.70656564497571
0.70698337691714
0.70739416881857
0.70787869949286
0.70832443086571
0.70864915973286
0.70893341199714
0.70925485515
0.70951570701857
0.70970493188571
0.70983505294714
0.70990036971
0.70997991769286
0.71007887535714
0.71020459877
0.71024285362286
0.71009575396857
0.7099530928
0.70984287033571
0.70970903041571
0.70954604988429
0.70939367026
0.70920106367714
0.70896973764286
0.70865527878857
0.70832578085429
0.70790790029286
0.70753101704143
0.70716570936571
0.70680821467857
0.70643055569857
0.70604992026286
0.70577220057
0.70560126236571
0.70549501816143
0.70552138322714
0.70561248940714
0.70575950736714
0.70601112892714
0.70635590638286
0.70676026986
0.70723621457571
0.70778567351714
0.70838110151857
0.7090140244
0.70970363667286
0.71031888967857
0.71091533248286
0.7114734025
0.71191948388143
0.71227239673857
0.71247349605429
0.71249824801286
0.71250913022429
0.71233221727857
0.71194062156857
0.71136858972429
0.71064174367571
0.70978186763571
0.70880720486857
0.70771526218429
0.70654848605143
0.70524004813571
0.70387610909429
0.70255809291429
0.70125834987714
0.70003022173
0.69897672100571
0.69810262120429
0.69741397984
0.69698678471429
0.69667581532143
0.69649761275143
0.69647769349286
0.69666732657714
0.69708066048571
0.69775590377571
0.69866994532286
0.69979315133429
0.70110556482857
0.70256019110857
0.70408378721143
0.70562408631571
0.70728839573429
0.70905018173571
0.71083278405714
0.71261622005
0.71435408847571
0.71606688607286
0.71774298772714
0.71936210194857
0.72074265329571
0.72200198408714
0.72311170374857
0.72406087925286
0.72493603772571
0.72569165511143
0.72645587335571
0.72723376606286
0.72786750734857
0.72850486097286
0.72917968052714
0.72990451145571
0.73063280885429
0.73128841202
0.73187549021571
0.73237560324857
0.73278637336
0.73313215510571
0.73343333614429
0.73366143821857
0.73377878925714
0.73370376128429
0.73357742482429
0.73339714156571
0.73327964399857
0.73312773238571
0.73282938785857
0.73247425332571
0.73210895857571
0.73170744048714
0.73132178731143
0.73107006666429
0.73101494190857
0.73112487001
0.73124094270714
0.73143178533143
0.73163646482571
0.73188163106429
0.73218224311571
0.73244632790429
0.73270503131571
0.73295283616429
0.73303196400429
0.73299816624
0.73286311688429
0.73247911558286
0.73182197383857
0.73086959809714
0.72954230340714
0.72779484402286
0.72564760646143
0.72317425395714
0.72045796178429
0.71750775714
0.71425092156429
0.71080578470429
0.70743810398286
0.70412653917857
0.70083414271429
0.69770197316429
0.69486153671143
0.69235945286571
0.6900968486
0.68818772880429
0.68667265591571
0.68544101181143
0.68459259126
0.68418440002286
0.68413883232
0.68439927870714
0.68484978018286
0.68548617160714
0.68633709989429
0.68725007616429
0.68816469354857
0.68902931371143
0.68987072530286
0.69067360425714
0.69119511477857
0.69144389544571
0.69134242909571
0.69083208146571
0.68989461531571
0.68861245206714
0.68694117126143
0.68501265086714
0.68291684209857
0.68063562768571
0.67804731959286
0.67518956793143
0.67210549645857
0.66888523948429
0.66567718217
0.66259664467
0.65975847484
0.65716505198714
0.65488932538571
0.65294502969571
0.65135657816286
0.65022796670286
0.64955987944857
0.64932806347714
0.64953125543
0.65016501501429
0.65116770820429
0.65260125676
0.65452007868857
0.65681031804429
0.65933868166714
0.66206159361714
0.66492593474429
0.66787607117286
0.67081265652429
0.67377704556571
0.67676596335286
0.67979065660714
0.68249381767857
0.68489064631429
0.68690913865571
0.68852975425143
0.68992795119714
0.69101038883
0.69170865658857
0.6921372992
0.69228907811286
0.69229357040571
0.69217561768143
0.69202232333857
0.69180007081286
0.69159720244143
0.69138743779143
0.69115865225143
0.69098628880429
0.69089124631571
0.69080895394571
0.69065267019143
0.69043168976286
0.69017383129286
0.68976930917429
0.68909377114714
0.68818156100143
0.68708208613286
0.68570707113571
0.68399069346429
0.68209671705714
0.68009112676571
0.67782505660429
0.67523690671143
0.67246528372286
0.66961850485857
0.66673878735
0.66430237058286
0.66216073081143
0.66016521255857
0.65831541533857
0.65678789186714
0.65571579621286
0.65489472957857
0.65430420367857
0.65386992152714
0.65367949928
0.65375861021
0.65402347887571
0.65440113357
0.654862895
0.65538294971429
0.65587528450286
0.65630026074
0.65658698124429
0.65667667496857
0.65650709487286
0.65602870706143
0.65518292799571
0.65398325005143
0.65265133869143
0.65138099601429
0.65009607455
0.64890212282286
0.64788462097429
0.64711796953714
0.64663886115857
0.64647715528429
0.64668217486286
0.64723814557571
0.64812880674143
0.64935885394429
0.65091480221714
0.65275178893143
0.65478745946571
0.65699149659571
0.65932674317
0.66189906911714
0.66450132822143
0.66698744836
0.66913093218714
0.67067178659571
0.67159191896286
0.67183966893143
0.67121765143571
0.6698083478
0.66775887826571
0.66485277623143
0.66124594154
0.65683556340143
0.65204845566714
0.64713337090286
0.64211684902429
0.63683228623429
0.63181319592714
0.62653330503143
0.62153878309857
0.61678680298
0.61235066632
0.60838517201143
0.60481138821
0.60176330828286
0.59932260719
0.59753056931429
0.5962851446
0.59553223108857
0.59532512790429
0.59559445578143
0.59631463188714
0.59757443309286
0.59932725662429
0.60146629906143
0.60382517593286
0.60640161784571
0.60930818913714
0.61238020546
0.61536731126429
0.61822952876571
0.62107736733429
0.62394631952857
0.62662308015857
0.62932870596429
0.6315679514
0.63351614526143
0.63519971405
0.63659395521571
0.63762122963857
0.63823202087286
0.63836120073714
0.63811950635571
0.63751905081143
0.63653182138143
0.63513520055286
0.63331939433714
0.63108872365714
0.62841667583857
0.62532701005
0.62179791255
0.61774160909857
0.61310018198571
0.60794036332714
0.60251938826143
0.59704733597571
0.59166422411857
0.58630481715571
0.58036053353571
0.57426678345429
0.56831121854429
0.56255016660143
0.55682141412714
0.55118228294857
0.54567992058429
0.54038244919714
0.53513963744
0.53051547388429
0.52623155393143
0.52248239971143
0.51908514439
0.51609173381286
0.51352318246571
0.51117746880143
0.50927372422571
0.50768756782714
0.50633248655286
0.50519195457571
0.50442124806
0.50404337725714
0.50402451712857
0.50433509372143
0.50500804866
0.50605865068857
0.50748968940286
0.50912119528143
0.51114321518286
0.51345606817857
0.51601665055429
0.51893885447143
0.52207642938286
0.52542531892857
0.52904203671571
0.53292753321429
0.53709865851571
0.54169152706714
0.54660423139714
0.55129744696286
0.55622208116571
0.56126036257571
0.56649472209
0.57195015971143
0.57732754106714
0.58235135176857
0.58797511348286
0.59343166502143
0.59886685454286
0.60399498167286
0.60873980080714
0.61314121413857
0.61712455594714
0.62068706394143
0.62388014909857
0.62665063611143
0.62888223298286
0.6304579722
0.63155506496
0.63225243257286
0.63263341606
0.63267317352857
0.63241599801
0.63196220561143
0.63125813884714
0.63043316794143
0.62943653217857
0.62827223502571
0.62701373784571
0.625696297
0.62438934624714
0.62306255791
0.62167168343286
0.62016806097857
0.61861663995571
0.61705485894429
0.61551456665
0.61405205982857
0.61271787020857
0.61149246495857
0.61041179011857
0.60955574393571
0.60898732808
0.60871608680571
0.60879172185571
0.60925509242571
0.61010452978571
0.61120428358286
0.61260705137429
0.61431880036429
0.61639281324714
0.61887705365286
0.62123934844571
0.62399587538
0.62663444612714
0.62931621088714
0.63172717848857
0.63391797187
0.63600737444286
0.63759179741286
0.63860785808
0.63896614210143
0.63863857564143
0.63736637268143
0.63512745009714
0.63214755219286
0.62847790062857
0.62431281514
0.61961758889714
0.61442971409286
0.60914447684571
0.60373647612429
0.59815231856286
0.59244743605857
0.58712693929
0.58167049993857
0.57682085568714
0.57234095816
0.56852442493143
0.56540969636
0.56278838065429
0.56078902385143
0.55941771722429
0.55874030133857
0.55873331456714
0.55940809768571
0.56075974703571
0.56292427047286
0.56560710316429
0.56853455358
0.57197962598857
0.57591576638286
0.58032975428286
0.58506507235857
0.58984069193571
0.59460741952429
0.59932916281571
0.60399275601571
0.60861729630571
0.61297012702714
0.61672079196286
0.62000160999571
0.62278423261
0.62495452765286
0.62638768703286
0.6270872073
0.62704591564143
0.62628502300714
0.62492833807429
0.62304134191286
0.62050285339429
0.61730624161429
0.61367638462571
0.60947341684143
0.60483406823143
0.59981691214429
0.59443371345714
0.58877073057857
0.58289661782
0.57686785917286
0.57063810109571
0.56427325091429
0.55795362599857
0.55173570878429
0.54556759847714
0.53929754677714
0.53297201277429
0.52665769262
0.52053826495857
0.51447930204286
0.50846459717571
0.50245474939571
0.49673063916571
0.49125989576429
0.48585241300429
0.48068677241286
0.47566397005
0.47117105701429
0.46694316687714
0.46291851440286
0.45919399187857
0.45594477189143
0.45281932223286
0.44982686901429
0.44714125654714
0.44492227588571
0.44314860580286
0.44164859414
0.44053678048571
0.43982405508857
0.43954436726143
0.43972923135571
0.44032999836857
0.44123831464
0.44240705487286
0.44386771033857
0.44574478638
0.44798082316714
0.4505259651
0.45335992433429
0.45650428863714
0.46015230438714
0.46413207690571
0.46834332513143
0.47269781732429
0.47721151147429
0.48190646823714
0.48674009549143
0.49178297810857
0.49692500350429
0.50187503162429
0.50670197209857
0.51146951452286
0.51627943182143
0.52122266116286
0.52618994011714
0.53088295852714
0.53554872930714
0.54005066999143
0.54436798887857
0.54834472961571
0.55191478877
0.55527857386286
0.55848871888429
0.56141065270429
0.56396627208
0.56627128998714
0.56844322585429
0.57023543768571
0.57167057780714
0.57277939167
0.57352726433857
0.57396875709571
0.57419431277143
0.57426599353571
0.57419962285143
0.57404536767
0.57380868427857
0.57359849573429
0.57331114110143
0.57296304694714
0.57265196298
0.57236985530857
0.57213525752857
0.57187207889143
0.57152618111714
0.57115394999571
0.57073331139143
0.57020050895857
0.56954925354143
0.56875419028143
0.56783925273286
0.56678638241286
0.56562126377714
0.56433252189286
0.56295159999
0.56145611588286
0.55995851276571
0.55837090490571
0.55661432671714
0.55478041219429
0.55300277514
0.55119297345429
0.54942662931
0.54778058007714
0.54625942112714
0.54487069202143
0.54357881292
0.54255787179143
0.54179034841571
0.54116364735286
0.54074109895714
0.54054669025714
0.54059840435429
0.54078963850571
0.54112839521286
0.54157202507857
0.54210963008
0.54274815120714
0.54349226395571
0.54419931066143
0.54467289841286
0.54496394638
0.54508756956
0.54494391257143
0.54448976612714
0.54372805134429
0.54268568217286
0.54136175819143
0.53961581127429
0.53755904653429
0.53519583652429
0.5326008951
0.52984753700714
0.52691550382429
0.52388406830429
0.52071554254857
0.51758251275
0.51451660278286
0.51149685995857
0.50847025374857
0.50548883224
0.50266905217143
0.50013620713857
0.49785461965857
0.49583489254143
0.49383308384286
0.49202868777857
0.49046484584
0.48900374760857
0.48755897714571
0.48614725420143
0.48472177229857
0.48322932296429
0.48173412256286
0.48017354893857
0.4785553317
0.47683998847571
0.47502373509714
0.47308323630714
0.4709558987
0.46870743275429
0.4663053449
0.46387456180571
0.46113885801714
0.45847199875286
0.4558901453
0.45324666287286
0.45055341636429
0.44791895838286
0.44550230651286
0.44347425776714
0.44180261234429
0.44039412660429
0.43925662418286
0.43853652576714
0.43824381852571
0.43838137125
0.43891342948571
0.43979791345571
0.44103515411714
0.44267379077286
0.44478987546286
0.44740125894857
0.45042776778714
0.45391863954
0.45798847637286
0.46233331104857
0.46673585159
0.47091317183857
0.47519938802714
0.47945885915143
0.48371877609714
0.48793176393
0.49200509708
0.49580521991857
0.49929676195571
0.50225185209571
0.50490695268714
0.50717215646571
0.50914997099
0.5108487325
0.51213571222571
0.51295559250286
0.51336015631
0.51345850550571
0.51331843976429
0.51288590918857
0.51224878311143
0.51158590312143
0.51102312999143
0.51058289145
0.51029875878571
0.51023995030143
0.51043249033714
0.51092440391
0.51189858214571
0.51327326069
0.51492184423286
0.51711153774429
0.51973607746714
0.52264569566143
0.52592016978143
0.52958396659571
0.53339250066429
0.53718832632571
0.54097596278714
0.54485124328143
0.54854982940143
0.55190438194857
0.55474523345857
0.55686581867857
0.55838470714429
0.55922593306714
0.55916362810571
0.55826506226429
0.55653148163857
0.55402963577286
0.55086961810714
0.54711960897857
0.54260963400571
0.53741696519429
0.53192926813429
0.52623851313429
0.52024403083286
0.51414731945
0.50823385452857
0.50249452239857
0.49667161273571
0.4914500414
0.48646506271143
0.48212765945714
0.47834001303714
0.47505244563571
0.47224719466286
0.46982020388429
0.46781992846857
0.46638702218286
0.46545716469286
0.46490295726857
0.46461314440143
0.46459176817571
0.46476977978286
0.46512788001143
0.46559831554857
0.46603905913
0.46636061511286
0.46650939451857
0.46641495739857
0.46600731861571
0.46530754630857
0.46425545924571
0.46275840604429
0.46084387851857
0.45864358010143
0.45617817892857
0.45348310559571
0.45053746609714
0.44738582017286
0.44422078642714
0.44081165492
0.43753046122714
0.43445812700143
0.43152826875286
0.42874588671286
0.42621179451571
0.42388688536571
0.4217275966
0.41991820872
0.41852767199571
0.41757250864429
0.41701759771429
0.41682460721571
0.41701533432429
0.41760723580286
0.41861223807143
0.42004206296429
0.42188792100857
0.42415555005286
0.42671701065714
0.42958955310571
0.43270869800571
0.43597942908429
0.43932155712429
0.44280630809714
0.44676537424429
0.45027331859857
0.45401541869857
0.45798459824
0.46198692928429
0.46568484808571
0.46912959386571
0.47256071472714
0.47600116537857
0.47924450657286
0.48232481423
0.48546778970286
0.48838200206143
0.49094103206857
0.49334460401429
0.49562668123857
0.49778609203857
0.49987547506714
0.50186239075714
0.50374132323429
0.50547038058429
0.50711864301429
0.50868718933714
0.51013434241571
0.51142034557286
0.51263699846143
0.51376435117143
0.51483312005571
0.51595736384857
0.51702998116
0.51811461679857
0.51927865198143
0.52052768064429
0.52194704927286
0.52351202894429
0.52525492799429
0.52709277380143
0.52904510159857
0.53120857935857
0.53356016756143
0.53606583798143
0.53874341528571
0.54163872797714
0.54472741926714
0.54802233731571
0.55146550100857
0.55499464604429
0.55869307212286
0.56249749132286
0.56636585272143
0.57032887972857
0.57443728835857
0.57868838291
0.58298608404571
0.58734346155286
0.59187144822143
0.59671699053857
0.60173600430857
0.60713942257429
0.61237943321714
0.61758385400143
0.62287073482429
0.62829048485714
0.63383451874
0.63940854977143
0.64463464716143
0.64912282032714
0.65388996915714
0.65837644036286
0.66223212223857
0.66533000194429
0.66770517062571
0.66931496614571
0.66992405493429
0.66959912841714
0.66833549541143
0.66585983974
0.66267546372286
0.65862917322571
0.65409530079
0.64914319410571
0.64389025046286
0.63888825658429
0.63428441067429
0.63024135802714
0.62712622397857
0.62464024383714
0.62263076578
0.62140055885714
0.62097635106571
0.62147232715429
0.62270083438714
0.62449277112857
0.62696972333143
0.63032410375429
0.63422760517714
0.63834404341714
0.64261283702143
0.64700301350143
0.65103441507571
0.65482802104143
0.65835197430571
0.66160635648
0.66446395870857
0.66694773968857
0.66899199243571
0.67074093225571
0.67223847602857
0.67361161079571
0.67481368809286
0.67591619913714
0.67711386547714
0.67846778078
0.67990310504143
0.68149055861714
0.68315753685571
0.68487084382571
0.68676361076429
0.68870812469286
0.69059489628857
0.69217097483857
0.69365036798857
0.69497303931857
0.69601114253143
0.69660445828857
0.69681148354714
0.69661309382286
0.69614934154429
0.69533099252429
0.69427986703714
0.69305678099429
0.69173577705143
0.69048439352571
0.68931669169143
0.68818634411429
0.68708388761286
0.68620403123143
0.68552579718286
0.68502718533286
0.68464995331429
0.68452343997714
0.68454700091857
0.68429316447857
0.68398793696571
0.68352139564143
0.68275750509571
0.68173476322143
0.68053502856429
0.67902638735
0.67714111308
0.67502996772
0.67292269187
0.67053370637429
0.66786551307286
0.66510950381714
0.66262728983286
0.66006428721714
0.65775474281143
0.65572229183429
0.65387161795
0.65232509598571
0.65140937301571
0.65113408631286
0.65149605763143
0.65240248382
0.65374042843
0.65546164014
0.65756281618714
0.65993710240286
0.66253256243429
0.66513988468714
0.66776427122286
0.67003026045571
0.67181565726
0.67300237252714
0.67328303494571
0.67243907686857
0.67063445242286
0.66770900852143
0.66365618099714
0.65861167566429
0.65318241924143
0.64639498432714
0.63859119755714
0.6302978014
0.62221598836571
0.61338200659714
0.60417666717571
0.59415811919571
0.58369539213429
0.57342149151286
0.56328908884714
0.55334359378714
0.54356547285286
0.53464167921714
0.52627851934714
0.51809300844143
0.51096803854
0.50444020604286
0.49856547013286
0.49361858214143
0.4895696638
0.48607514891571
0.48339894110714
0.48145898506143
0.48021877580429
0.47954579891143
0.47946248593857
0.47998751161
0.48111614607143
0.48293295190143
0.48533208274714
0.48795688993286
0.49108480383286
0.49450161685
0.49812131629429
0.50193487550571
0.50601515403571
0.51063776067429
0.51550757414857
0.52040570234
0.52545477509286
0.53032248063857
0.53554569995
0.54087073473571
0.54624507769714
0.55183509888286
0.55735091856143
0.56265637060857
0.56790668335571
0.57296510092571
0.57766919915286
0.58214745226714
0.58598043138
0.58931201798286
0.59203067912429
0.59418358317286
0.59555146796143
0.59589847679286
0.59530005991857
0.59370309129429
0.59123818951429
0.58811949599429
0.58426617734
0.57977430140429
0.57481013716
0.56936427089286
0.56347325202714
0.55748287266857
0.55130071521143
0.54493872751
0.53824745140571
0.53109919558429
0.52404218099143
0.51659302099571
0.50925250143143
0.50127941135857
0.49384387056143
0.48582640917429
0.47793883049286
0.47003453877
0.46203604782714
0.45386270240714
0.4459279703
0.43853331641143
0.43180674571429
0.42508100715857
0.41856080376429
0.41247456702286
0.40720276654857
0.40234125799286
0.39833171496857
0.39494911756571
0.39229514655857
0.39047105422714
0.38952867111857
0.38948589512857
0.39027225148143
0.39177223434571
0.39407273608857
0.39706861955429
0.40095618256286
0.40584055122143
0.41150913216714
0.41791581449286
0.42498570625429
0.43260745294714
0.44066349983
0.44911974598429
0.45820694178571
0.46730054590429
0.47611145709571
0.48472481693571
0.49312392953857
0.50112893632143
0.50869370177571
0.51587009096714
0.52245763298571
0.52826787656
0.53343190882571
0.53764527629714
0.54104717328286
0.54340790718
0.54497267089
0.54560694916429
0.54532733636571
0.54425419453857
0.54247968037857
0.54018768823429
0.53740019764429
0.53406205312429
0.53048130235857
0.52676422549714
0.52294166897857
0.51898586752571
0.51490255118286
0.51116005966571
0.50751198379857
0.50424439652429
0.50123245863714
0.49840984306857
0.49604294158429
0.49417363357429
0.49278671125286
0.49187647939143
0.49141208789286
0.49133312551286
0.49165520142143
0.49231606876286
0.49314523644857
0.49414686945
0.49525433251714
0.49644876074857
0.49775117829714
0.49900430971
0.50003177763286
0.50076194251857
0.50116735184571
0.50105513614143
0.50049001564143
0.49948631756857
0.49805409485571
0.49627327597143
0.49400519971
0.49139639507
0.48837926811
0.48499848015286
0.48152975262571
0.47778608385571
0.47348895461429
0.46938987885714
0.46557040073571
0.46189104389571
0.45828210814143
0.45483550156714
0.45160018812
0.44845030049286
0.4455514721
0.44285216644286
0.44026214329
0.43775657915857
0.43539434562714
0.43313550337
0.43084674980143
0.42851499261143
0.42633738095429
0.42419968690857
0.42208190599
0.41989815519714
0.41786281106429
0.41586281564286
0.41378225720429
0.41162576474429
0.40937473392429
0.40709771985
0.40483101682
0.40255714531857
0.40041206235714
0.39829748773
0.39623342047429
0.39416950434
0.3922094247
0.39035501375
0.38869985836286
0.38732110148714
0.38615761718429
0.38514109904286
0.38434819948429
0.38367322119714
0.38323014017286
0.38295140445143
0.38279093577857
0.38272695988143
0.38279263899
0.38293812964
0.38309854653714
0.38324737551
0.38334787679571
0.38337053321143
0.38328462556857
0.38301154371571
0.38252167436
0.38181844772286
0.38084040230143
0.37952355834
0.37788224248429
0.37590612495
0.37345938340143
0.37063621572286
0.36762848144143
0.36448117827571
0.36119900565286
0.35759949569571
0.35355404610143
0.34930622284714
0.34513295974143
0.34091443465
0.33657727615571
0.33220516111571
0.32813790371286
0.32406262583
0.31988805660571
0.31565214627143
0.31137828236714
0.30708409926
0.30250682343571
0.29819439072286
0.29386680341286
0.28968829439
0.28550723834714
0.28145091911571
0.27755841675714
0.27381090332
0.27016405019857
0.26650299794
0.26299322238429
0.25947066156429
0.25601726791
0.25479098370571
0.25480273376429
0.25481448560857
0.25482601669714
0.25483727541857
0.25484853414143
0.25485967637286
0.25487080239286
0.25488195849571
0.25489319298143
0.25490442746714
0.25491547391429
0.25492644052286
0.25493740077571
0.25494826755286
0.25495913433
0.25497011246
0.25498125682857
0.25499240119571
0.25500391655
0.25501552180571
0.25502733843143
0.25503962151571
0.2550519046
0.2550638007
0.25507567912
0.25508726403429
0.25509857860714
0.25510989318
0.25512123502
0.25771060211857
0.26090458664
0.26390548506143
0.26688230913286
0.26968339512857
0.27241616071429
0.27515962569857
0.27790294494143
0.28066239864
0.28327499503143
0.28595974608857
0.28850001271857
0.29098813483857
0.29340525277
0.29571497628571
0.29796499392286
0.30024609244429
0.30249314611571
0.30475366639714
0.30695338758714
0.30915241748286
0.31142908857429
0.31382619514857
0.3163295695
0.31876193121429
0.32120152404571
0.32384665245429
0.32653930736429
0.32922654265571
0.33198203123286
0.33477675124571
0.33742771981429
0.33988487581857
0.34257945674143
0.34532403696286
0.34804197231857
0.35073770127571
0.35337643411429
0.35598133873143
0.35863509346286
0.36134758210857
0.36399247487714
0.36661284851143
0.36927762773857
0.37203617470714
0.37486083702571
0.37772112861857
0.38056157446714
0.38347541272857
0.38657920505143
0.38989579895857
0.39343805585571
0.39737107963
0.40157478982
0.40604419397714
0.41078554902714
0.41576360566571
0.42107133119857
0.42669491258714
0.43266528551857
0.43891769149571
0.44526264140286
0.45098880023143
0.45706394082571
0.46288240345143
0.46843506265857
0.47359113964143
0.47866689090286
0.48327130485429
0.48756017677
0.49148077458429
0.49478213289143
0.49728533917429
0.49874611126286
0.49948940293
0.49962499595714
0.49910507858714
0.49809789860571
0.49676702612286
0.49518266616286
0.49327586123429
0.49109083333143
0.48869314269857
0.48627690826857
0.48396686085286
0.48168216273
0.47936485154286
0.47703267289286
0.47465103034714
0.47236097848714
0.46992501935143
0.46762425371857
0.46527311306143
0.46282521969
0.46038853212429
0.45789079392429
0.45530910527429
0.45264529682857
0.4499128149
0.44705490862857
0.44415317921286
0.44109559202143
0.43794567160714
0.43447665376143
0.43090388910429
0.42745356068429
0.42404496704143
0.42056765930571
0.41749256620714
0.41456643015429
0.41180119764143
0.40936429818143
0.40720660005143
0.40530768266143
0.40366690079857
0.40257872369143
0.40205892329857
0.40198707588857
0.40241326058857
0.40335908679714
0.40474516551714
0.40649041927571
0.40871068197429
0.41137917267571
0.41439527037714
0.4177059018
0.42111900658
0.42452745671714
0.42830637370429
0.43201832172143
0.4353913989
0.43849334905143
0.44173148781571
0.44460324986143
0.44698525854714
0.44869078440714
0.44980829815857
0.45049889295714
0.45079582132286
0.45070694402429
0.45029327073571
0.44950558030714
0.44838346155286
0.44693734241429
0.44526255883857
0.44338849753143
0.44144276797429
0.43935357673714
0.43703371170143
0.43490483963714
0.43270517635286
0.43035181230286
0.42788215029429
0.42535931464
0.42294423916286
0.42050363067429
0.41806460277571
0.41582740828571
0.41363308696
0.41140402354857
0.40917446373571
0.40689634995286
0.40467522902143
0.40259615467571
0.40073371712714
0.39895030597714
0.39717236036857
0.39551574276
0.39395128472571
0.39243551073714
0.39100636867429
0.38959879472857
0.38831051350714
0.38704191772
0.38581170336
0.38460822364857
0.38335924046429
0.38201158542429
0.38072821948
0.37943955188
0.37811429586429
0.37679863480429
0.37560517319286
0.37446125766857
0.37331738122714
0.37217031600571
0.37094879731
0.36965875902429
0.36834629687
0.36706535051
0.36578444522857
0.36437983398857
0.36296828491571
0.36155117513571
0.36006448068857
0.35848059649143
0.35677011864714
0.35495393188714
0.35305031983714
0.35110507011286
0.34907740833714
0.34681864746286
0.34473769065143
0.34254709611571
0.34029402305571
0.33833595203714
0.33643780247571
0.33471189204
0.33330808092143
0.33228369416857
0.33174583776429
0.33164712775
0.33191123928571
0.33252598486
0.33362951885714
0.33497047245429
0.33662610260571
0.33870625775857
0.34104882444286
0.34361273684571
0.34640590632571
0.34936778422857
0.35218789013429
0.35490707519
0.35741713399286
0.35958015707714
0.36143302038857
0.36290526252714
0.36384966372857
0.36437581676143
0.36452533065286
0.36434382911286
0.36385436328429
0.36306125275857
0.36212365657143
0.36091506734
0.35949415613571
0.35809182565429
0.35662755512286
0.35520108894714
0.35389186286857
0.35262103351143
0.35141138965286
0.35032305600857
0.34940416655
0.34848561116429
0.34777411679429
0.34721141182571
0.34671069955
0.34625631373429
0.34588809721714
0.34555936745714
0.34531649456571
0.34506751566286
0.34478247413714
0.34449084407714
0.34417732296857
0.34380013109571
0.34336123275286
0.34288932406429
0.34238928998143
0.34183303054
0.34122548658429
0.34057621833143
0.33988111025286
0.33918380398429
0.33846523642286
0.33779825837429
0.33715174002857
0.33658874264429
0.33608752219857
0.33567010918429
0.33538095055429
0.33530958233857
0.33545805711
0.33580553781429
0.33640329341286
0.33729210043429
0.33850354445429
0.33996282673429
0.34174735247571
0.34373692948714
0.34592174494857
0.34823208712857
0.35067079203429
0.35321281072143
0.35586888720143
0.35865538157286
0.36142050033714
0.36401862710143
0.36641351949857
0.36835568435286
0.37009401796143
0.37124296807286
0.37196489964143
0.37221353687286
0.37189866845714
0.37106072573714
0.36977008597
0.36807642696286
0.36599250609857
0.36365081897857
0.36115248138571
0.35858535987143
0.35582635573429
0.35321535618714
0.35068506118857
0.34822806355
0.34586606516286
0.34365608234571
0.34181480335143
0.34021074078429
0.33890198662714
0.33790212861857
0.33709130422429
0.33647160491
0.33603829295
0.33569262763143
0.33538041232286
0.33509740422429
0.33481801230714
0.33436814915429
0.33382949695143
0.33312595578429
0.33223097189
0.33111500208571
0.32984970616714
0.32842486718571
0.32689559394
0.32510420503286
0.32321665931714
0.32130635040143
0.31958563071143
0.31811438408143
0.31688158013
0.31592911247286
0.31526391439714
0.31493443946857
0.31492788203429
0.31526018233857
0.31599429327286
0.31718341719143
0.31878754678286
0.32083527228857
0.32325698778286
0.32601036651143
0.32903680883286
0.33219945565
0.33547214254857
0.33893615725571
0.34271497349143
0.34652458304
0.35032976827
0.35419508023429
0.35834077609286
0.36289134608
0.36733931164571
0.37191754449
0.37680341349
0.38190216109714
0.38725316166714
0.39314452186714
0.39916667393143
0.40590685405714
0.41319333388429
0.42072951014571
0.42825720535
0.43565373982429
0.44379928928286
0.45176613022714
0.45937676955286
0.46617889671286
0.47298729819143
0.47871495179
0.48304282582143
0.48616558674429
0.48764631240143
0.48745205764571
0.48569593606429
0.48258033929143
0.47799270966143
0.47256223054429
0.46614555369143
0.45913771531429
0.45162344782286
0.44320617297714
0.43516000795286
0.42778955690714
0.42042320104714
0.41319735273571
0.40678286057143
0.40109177620714
0.39616027063857
0.39194776639714
0.38873716713714
0.38649844907286
0.38498888243143
0.38416777585429
0.38391021859
0.38419003075429
0.38489687196857
0.38578561357
0.38685664365857
0.38799388455429
0.38897352121286
0.38958369127429
0.38974863704143
0.38935337032571
0.38818722036286
0.38627174178286
0.38354193733571
0.37998757318429
0.37560927991
0.37046530024857
0.36476519827857
0.35883249704286
0.35302354928
0.34693575880857
0.34080468278714
0.33512176213143
0.32985470131857
0.32508961864571
0.32121344078857
0.31816163917857
0.31599222820714
0.31486487837714
0.31474732888857
0.31561017302571
0.31743947287
0.32013555104714
0.32390206571286
0.32876178061714
0.33483980171429
0.34178881559143
0.34931845443857
0.35707356237714
0.36565667272286
0.37441828873286
0.38371832732571
0.39336876769571
0.40294300682857
0.41242516657571
0.42224997721571
0.43162607396857
0.44082422796571
0.44950973958714
0.45836284791714
0.46700206611286
0.47535924639286
0.48371618524
0.49169378888714
0.49922304448429
0.50624553076286
0.51242690784286
0.51790066803
0.52275397250571
0.52666427370714
0.52950507111143
0.53106940188
0.53158045709429
0.53091935889571
0.52926788203143
0.52677137489143
0.52325569935286
0.51904369057857
0.51413450935
0.50832183185
0.50257235014286
0.49675741787
0.49085020429286
0.48514234914143
0.47974275067143
0.47426294333857
0.46951110362286
0.46517983080571
0.46125538857286
0.45762936267286
0.45437232151571
0.45150630956857
0.44873554279857
0.44633149919571
0.44426074500429
0.44216478222571
0.44008081975143
0.43820861927143
0.43643405836857
0.4347782425
0.43324247327286
0.43183729112429
0.43055122575857
0.42936105995143
0.42822508140429
0.42730055404143
0.42674284456429
0.4265520474
0.42662229826143
0.42694149213714
0.42754363053143
0.42834119060286
0.42926882735143
0.43040534626714
0.43157237102857
0.43263546991429
0.43352444845286
0.43408803656857
0.43429113109
0.43408438816714
0.43325477959571
0.4318711966
0.42994341749429
0.42749480391143
0.42446133308286
0.42085010704286
0.41724685160857
0.41323663302429
0.40877397521143
0.40403889153857
0.39961834795286
0.39535156315429
0.39105843457714
0.38711024736857
0.38326527611857
0.37941762614571
0.37549953596857
0.37160829457
0.36775274907429
0.36393341789571
0.35997880038143
0.35571947979857
0.35155830492714
0.34719950356
0.34243056663714
0.33748038957286
0.33199457288
0.32613412187
0.32041152570286
0.31459764404857
0.30839909828286
0.30250890499857
0.29688091520286
0.29141783853571
0.28588407136714
0.28049545678
0.27531551625
0.27036149847143
0.26568436014286
0.26207569136857
0.26208698078143
0.26209788711
0.26210879343857
0.26211975488143
0.26213074046857
0.26214175176286
0.26215315436286
0.26216455696429
0.26217575349143
0.26218676299857
0.26219777250571
0.26220903483571
0.26222032644
0.2622318195
0.26224371449286
0.26225560948714
0.26226781858571
0.26228006200429
0.26229213864429
0.26230407225857
0.2623159552
0.26232744368143
0.26233893216286
0.26235068634429
0.26236262108571
0.26237458209714
0.26238667036857
0.26239875863857
0.26241069937571
0.26242259792429
0.26243450300714
0.26244642043714
0.26245833786714
0.26247063067714
0.26248295693429
0.26249536216
0.26250782673857
0.26252006687857
0.26253163259143
0.26254319830429
0.26255537047429
0.26256774689
0.2625799017
0.26259173801714
0.26260357433429
0.26261628695857
0.26262903054571
0.26264189218286
0.26265480551143
0.26266772048714
0.26268063743714
0.26269360808571
0.26270677483
0.26271993591571
0.26273278001714
0.26274562411857
0.2627583113
0.26277095025
0.26278373699571
0.26279668663857
0.26280975230571
0.26282318253286
0.26283666897429
0.26285074460857
0.26286479754714
0.26287815387
0.26289151019143
0.26290547664571
0.26291953807571
0.26293341570857
0.26294724958
0.26296040984
0.2629733032
0.26298578009143
0.26299779145286
0.26300981578714
0.26302203187857
0.26303424796857
0.26304703093
0.26306006274
0.26307323391286
0.26308655927429
0.26309969422857
0.26311239214143
0.26312508441143
0.26313755556857
0.26315002672571
0.26316317718
0.26317661202571
0.26319003645714
0.26320345241286
0.26321647761857
0.26322890355286
0.26324129628571
0.26325322102429
0.26326514576143
0.26327726875714
0.26328950330429
0.26330185729
0.26331452605571
0.26332719482143
0.26334013930429
0.26335308621857
0.26336612719143
0.26337919843857
0.26339229574
0.26340541497
0.26341878649714
0.26343265301143
0.26344625604857
0.26345907317286
0.26347189029714
0.26348541054286
0.26349893524857
0.26351286321
0.26352685988143
0.26354085325
0.26355484572571
0.26356873037714
0.26358257299571
0.26359660872429
0.26361075817143
0.26362498868857
0.26363927682571
0.26365317327143
0.26366676143286
0.26368018547571
0.26369339222571
0.26370664988571
0.26372006919571
0.26373354493429
0.26374764059429
0.26376176123571
0.26377666771857
0.26379150208286
0.26380560576857
0.26381969829714
0.26383351126143
0.26384732422714
0.26386125181143
0.26387518622857
0.26388909302
0.26390299558714
0.26391662778
0.26393018646286
0.26394359319429
0.26395691893857
0.26397011205714
0.26398316213
0.26399628325143
0.26400960242429
0.26402291868429
0.26403620610571
0.26404949352571
0.26406283796286
0.26407618774571
0.26408967850143
0.26410321701714
0.26411688790429
0.26413064347429
0.26414439031714
0.26415812865429
0.26417116306714
0.26418314363286
0.26419512419857
0.26420969260571
0.26422429258429
0.26423747470429
0.26425065682571
0.26426326938
0.26427574812857
0.26428809171
0.26430029527
0.26431259398429
0.26432558852857
0.26433858307286
0.26435214067286
0.26436576521429
0.26437899009714
0.26439209569714
0.26440487315143
0.26441739533286
0.26442998692714
0.26444278465714
0.26445558238714
0.26446870481429
0.26448183015429
0.26449396399571
0.26450582906857
0.26451782588286
0.26453006927143
0.26454231266
0.26455571035571
0.26456912554857
0.26458249482
0.26459585457286
0.26460913403571
0.26462237262143
0.26463543078
0.26464829121143
0.26466100081429
0.26467319781714
0.26468539482
0.26469767018143
0.26470995880857
0.26472222000571
0.26473445385
0.26474667625
0.26475882578286
0.26477097531571
0.26478275224429
0.26479440781714
0.26480603652857
0.26481759334429
0.26482915016
0.26484099183
0.26485291934286
0.26486493591286
0.26487712330286
0.26488931069429
0.26490072951429
0.26491212347286
0.26492372323429
0.26493559655286
0.26494746987143
0.26496010921571
0.26497275433857
0.26498469631429
0.26499634325714
0.26500811184286
0.26502031107571
0.26503251030857
0.26504531401286
0.26505822561714
0.26507106839714
0.26508386674429
0.26509639767571
0.26510842534143
0.26512045300857
0.26513223686857
0.26514400556286
0.26515568088143
0.26516725623714
0.26517883159286
0.26519036780571
0.26520190336
0.26521366950429
0.26522569025571
0.26523772171857
0.26524989925143
0.26526207678429
0.26527390852286
0.26528558663
0.26529722637
0.26530872588857
0.26532022540714
0.26533198210429
0.26534384964571
0.26535573708
0.26536768089429
0.26537962470857
0.26539146779429
0.26540329146
0.26541506808571
0.26542677154143
0.26543847499571
0.26544998789857
0.26546148403857
0.26547297865857
0.26548447102429
0.26549596339
0.26550736258143
0.26551874964
0.26553000290714
0.26554100093429
0.26555199896143
0.26556311332571
0.26557427448286
0.26558548000143
0.26559700822143
0.26560853644143
0.26561994654571
0.26563128148
0.26564260134
0.26565367874
0.26566475613857
0.26567589003143
0.26568709392
0.26569829780857
0.26570961783429
0.26572095610857
0.26573222964571
0.2657433607
0.26575449175571
0.26576543427
0.26577630092714
0.26578714466571
0.26981296117
0.27570664549
0.28171961814571
0.28775089243857
0.29399444131
0.30070356188429
0.30766010294571
0.31504751540429
0.32283538265286
0.33082908659857
0.33932479215429
0.34772431468286
0.35586531625286
0.36373463971286
0.37179235902429
0.37983736042714
0.38762898794286
0.39552447312571
0.40328876262286
0.41074302617143
0.41810348410571
0.42532924851714
0.43236836048571
0.43894083
0.44512041513714
0.45100545539286
0.45616434796429
0.46070208093286
0.46466595114
0.46819020517143
0.47121992329429
0.47382190683571
0.47590599765
0.47752094996143
0.47863917582286
0.47933778426429
0.47964522994429
0.47950546353429
0.47898143917
0.47800343088286
0.47665730417143
0.47498825206857
0.47309364875143
0.47093012905429
0.46844052467429
0.46580231713
0.46291482915571
0.45976787613429
0.45659263416286
0.45335608471429
0.45009535842286
0.44669822458286
0.44331104234857
0.43999958229857
0.43679879491571
0.43371808478571
0.43068991269714
0.42735426296714
0.42399798425714
0.42073349636429
0.41776453089286
0.41470920376286
0.41158599173429
0.40853166700857
0.40539060681143
0.40217490046143
0.39891377016286
0.39551751401143
0.39190438908286
0.38787245956714
0.38383995395
0.37971056580857
0.37543836276
0.37082876415286
0.36606708229857
0.36106535133429
0.35559552212143
0.34978612312
0.34378329820429
0.33759078578429
0.33060322782429
0.32345385055
0.31626247241143
0.30849546688571
0.30046007516714
0.29238010543
0.28413278967
0.27519901266
0.26667557958
0.26668682516857
0.26669759991
0.26670837465143
0.26671949232286
0.26673082086714
0.2667420642
0.26675208633714
0.26676210847571
0.26677223569429
0.26678284714857
0.26679345860429
0.26680412933
0.26681487199714
0.26682561466286
0.26683677776571
0.26684807478286
0.26685929747857
0.26687021780714
0.26688113813714
0.26689157125857
0.26690160225143
0.26691163324429
0.26692145277429
0.26693116504143
0.26694087730714
0.26695073307571
0.26696065500714
0.26697057693714
0.26698038682714
0.26699016294
0.26699993905286
0.26700936534714
0.26701870894
0.26702805253286
0.26703773937143
0.26704756490143
0.26705739043143
0.26706737655143
0.26707741130857
0.26708744606571
0.26709723123571
0.26710698373571
0.26711673623429
0.26712627682571
0.26713579836714
0.26714531990714
0.26715524437714
0.26716522440857
0.26717520444143
0.26718466547857
0.26719411577143
0.26720356606429
0.26721333880857
0.26722314031429
0.26723294182
0.26724238854
0.26725182285
0.27326978569
0.27997971950286
0.28653543519286
0.29325561095143
0.30063357041571
0.30830951636
0.31645625281429
0.32436522702571
0.33298843552857
0.34200971762571
0.35170503339571
0.36204713467571
0.37236690348
0.38380475922857
0.39562795284714
0.40788045353
0.42073512614714
0.43393552313286
0.44721520097714
0.46087910828714
0.47411910925857
0.48700019749857
0.49967689043286
0.51140141429
0.52180936410714
0.53121611235429
0.53925217275571
0.54568125834429
0.55090882313286
0.55579210821714
0.55996613929143
0.56454961716286
0.56940809058143
0.57431171070429
0.58001151221
0.58676219882143
0.59318327604714
0.59924514496714
0.60449837008143
0.60828329926714
0.61055339517429
0.61157294448571
0.61138310019143
0.61019678314429
0.60860957812143
0.60708548667
0.60557184310429
0.60474648322714
0.60492617810286
0.60583233889
0.60746391154286
0.61043274649714
0.61435485794714
0.61899138235714
0.62455782147857
0.63079442136571
0.63757272401143
0.64441114141714
0.65076434033143
0.65688996996
0.66198991773714
0.66603883607857
0.66887951713
0.67030578615
0.67039756693143
0.66934291466
0.66742697586714
0.66511510236
0.66290351912143
0.66122143807714
0.65992787780143
0.65957534782857
0.66010365078143
0.66107104139286
0.66269185324143
0.66492687101143
0.66724423036857
0.66942960017857
0.67140381192286
0.67253671656143
0.67256744698429
0.67131032494286
0.66893410894857
0.66575546772
0.66187595873429
0.65789713015714
0.65414771751429
0.65092859010714
0.64879697495714
0.64753083386
0.64690979635714
0.64666169867429
0.64686072742286
0.64716174754286
0.64729572986571
0.64716843763143
0.64658698037286
0.64588514613
0.64541972566286
0.64510218334429
0.64512911638571
0.64563748406
0.64662720975429
0.64789961045571
0.64907779538714
0.64990642070571
0.65017466022429
0.64953859896143
0.64791994908
0.64516209606143
0.64186437549714
0.63826673232286
0.63468756570857
0.63147188302857
0.62913329770857
0.62782943019714
0.62785679594143
0.62919544876429
0.63185690415857
0.63561860968143
0.64041550194286
0.64523519512286
0.64948357098143
0.65251695860143
0.65365852798143
0.65252867847286
0.64870590733857
0.64188464698286
0.63331107223286
0.62459687459
0.61526041020857
0.60650423482286
0.59992528078
0.59619850452
0.59552478667429
0.59735478251429
0.60206745567
0.60860820013571
0.61603036212571
0.62313050745571
0.62921034806
0.63317637899714
0.63403141595571
0.63141261261
0.62589617443429
0.61850921777143
0.61098452845714
0.60447838356714
0.59947475847714
0.59648159772429
0.59599523059429
0.59764777595429
0.60119889514429
0.60597747949571
0.61116911149143
0.61535339749
0.61741968030143
0.61719424959143
0.61397773699286
0.60804313336714
0.59956161655286
0.58969555413286
0.57921352485286
0.56972960641571
0.56076605800571
0.55400772122714
0.54935427343429
0.54709140676
0.54687630167143
0.54837402982857
0.55141718071571
0.55558447644429
0.56054712861429
0.56582308852571
0.57078182181286
0.57497235730571
0.57844635046714
0.58126086054
0.58336715111571
0.58474987593143
0.58567369228
0.58634002432
0.58663420025857
0.58655924223857
0.58607013704429
0.58522918827
0.58406391007
0.58257400425429
0.58075638030857
0.57906997794143
0.57771011396571
0.57680150166571
0.57684265922143
0.57798883202143
0.58034764821286
0.58412298572
0.58838910290429
0.59390334940857
0.59999655376571
0.60647884306
0.61312713904857
0.61916352932429
0.62491640343857
0.63023428495714
0.6354708729
0.64073930853857
0.64589967035571
0.65048597209143
0.65439500548571
0.65777959725
0.66056836683286
0.66241429008143
0.66307204321571
0.66257344399
0.66134753124143
0.65986376025143
0.65903399059429
0.65918856497143
0.66109568738143
0.66490728191143
0.66994976611857
0.67578380332714
0.68187305540286
0.68734478511714
0.69141092354857
0.69314794527
0.69203579731
0.68909424527143
0.68514191702143
0.68038345154286
0.67622701017
0.67249167225857
0.66895691305857
0.66554993828857
0.66137741935429
0.65637999978286
0.65016785505286
0.64237408762571
0.63289518559143
0.62150002163857
0.60833693065714
0.59661784741143
0.58483912234857
0.57264368438714
0.56110569397571
0.54950942272857
0.53958110377286
0.53174568811571
0.52591130518571
0.52199338634571
0.52025865122714
0.52058025262286
0.52288466892571
0.5265967593
0.53232519563
0.53886401419571
0.54633884180571
0.55414382326571
0.56185914139
0.56956818443
0.57687263134
0.58390422316857
0.59145377412143
0.59852162408714
0.60522882786571
0.61135337407
0.61696728836857
0.62115822078
0.62323244927857
0.62261097197143
0.61877168020714
0.61115799689571
0.60081127583286
0.58832631966143
0.57583426101286
0.56338330050429
0.55023144723571
0.53985014633857
0.53089808652429
0.52448695441286
0.52030241007
0.51837011424286
0.51852282910857
0.52043134867143
0.52429612923
0.52981863180143
0.53655502457429
0.54422026587857
0.55280732290857
0.56221847332143
0.57277710804143
0.58364034892429
0.59577749976714
0.60867603552857
0.62039920837714
0.63117723216143
0.64171316805429
0.65052245665429
0.65667355698571
0.65989048331571
0.66022292235
0.65824061209
0.65454561891
0.64984197760857
0.64465835691286
0.63961477597429
0.63490820203571
0.63131853829143
0.628931859
0.62755170410143
0.62690027643714
0.62648261143286
0.62637980203143
0.62632201346429
0.62579648791
0.62453256688571
0.62248659033429
0.61941620695286
0.61546554240714
0.61006859185571
0.60375746201714
0.59674475194
0.58958531046286
0.58177765590714
0.57354995963286
0.56507037139286
0.55684552325857
0.54842621110714
0.53979209536286
0.53222439359143
0.52571721116
0.52066795073714
0.51698213353143
0.51478877341571
0.51397786421571
0.51450571038429
0.51626537458571
0.51886227236857
0.52204911432857
0.52573868634286
0.52946724455857
0.53295316715714
0.53625243569571
0.53958220978286
0.54301288451857
0.54691699280143
0.55113505748429
0.55564994398857
0.56035268074714
0.56560969725571
0.57216146932
0.57925132803714
0.58705264396429
0.59522437194857
0.60272898744286
0.60891393635143
0.61296073704429
0.61391395882857
0.61084728220429
0.60297146436286
0.58990001322714
0.57291826946429
0.55344121065143
0.53503520508857
0.51873664424571
0.50553907550714
0.49641977571143
0.49157664367714
0.49149877115286
0.49573503943429
0.50442169864714
0.51617122956571
0.53081047886857
0.54640985673
0.56245335259286
0.57769350539143
0.58999820668429
0.59994665266286
0.60763318184
0.61263754419571
0.61600758373
0.61773263073571
0.61854837599857
0.61840002599571
0.61692930650286
0.61400898363857
0.61012369809857
0.60523192554571
0.59966842600143
0.5939808362
0.58868390460571
0.58463425394143
0.58218862436429
0.58205697978286
0.58466547460286
0.59053884081571
0.59874237682429
0.60898720525
0.62093984910714
0.63328170042429
0.64472169790857
0.65255120384571
0.65577669196857
0.65322752895714
0.64488455754143
0.63132649620857
0.61353452573286
0.59422652039429
0.57491322826143
0.55588638089857
0.53982139525286
0.52602965705857
0.51483702337286
0.50512020890857
0.49667743245429
0.48964879945429
0.48352017871
0.47827316122857
0.47499273290857
0.47319052965857
0.47305982267143
0.47508977519286
0.47953345395571
0.48692542151
0.49728826453571
0.51038318712286
0.52516048250286
0.54246108954
0.56039461614857
0.57790074302571
0.59416340726714
0.60812094779429
0.61827362338571
0.62398778375571
0.62598342647143
0.62504555245143
0.62282045874286
0.62075196924714
0.61964369141571
0.62022788312857
0.62232246903857
0.62566245077
0.62973101057571
0.63374804308143
0.63691917932857
0.63907826275143
0.64041603983571
0.64111483441571
0.64173558622
0.64287608036429
0.64416081581714
0.64609341463286
0.6486644821
0.65082414958429
0.65225669851714
0.65285371423429
0.65251439919
0.65203242781571
0.65151598467571
0.65145198623857
0.65201220329857
0.65311772465429
0.65455042115286
0.65614028840571
0.65765912655143
0.65877542818571
0.65945163734143
0.65956007428286
0.65897070271571
0.65813193112571
0.65688614011571
0.65446738147857
0.65117750434571
0.64721390003429
0.64261871684
0.63806913501857
0.63369587033571
0.62980843120143
0.62616686881286
0.62216279052857
0.61742427372429
0.61146669156714
0.60438166989429
0.59665501588714
0.58813179827714
0.57922892300143
0.57020370547571
0.56132946303286
0.55041663309857
0.53800779091286
0.52257751098857
0.50429688865143
0.48360598736429
0.46136207464143
0.44042478030571
0.42067348165429
0.40334288758
0.3908436422
0.38330734251857
0.38100681614571
0.3832803878
0.38987297642429
0.40022039896286
0.41505968594429
0.43199361185571
0.44923050309571
0.46520795265143
0.47945239137571
0.48970018757571
0.49637854365429
0.49977010958857
0.50079497549857
0.50098494141429
0.50111410656857
0.50189077298143
0.50428169387143
0.50857558122714
0.51506647955429
0.52368943360286
0.53454932704857
0.54523051596714
0.55623460828857
0.56672307126143
0.57568485479286
0.58097675345286
0.58165016080714
0.57727978061
0.56805826597714
0.55400064169286
0.53582182790429
0.51531945591
0.49313917540143
0.47226078121
0.45344847403
0.44004657550857
0.43135490394286
0.42755657967
0.42828154896286
0.43320343043
0.44177620867143
0.45483936749714
0.46943526019143
0.48483795807857
0.49845292707143
0.50992329127
0.51851315536571
0.52502180934143
0.52878021867857
0.52970977383429
0.52854571562714
0.52604604037571
0.52231976887286
0.51785535936429
0.51222621127143
0.50608994679143
0.49825385399143
0.48895556832143
0.47779860516143
0.46548314340429
0.45213450971857
0.43708546429
0.42328241915429
0.41031141757143
0.39807986971714
0.38757880812571
0.37890228978286
0.37304255948571
0.36845160150143
0.36506079552
0.36298548005143
0.36163630303143
0.36037754432571
0.35862163723571
0.35592183045429
0.35161466459714
0.34610203579857
0.33831073547286
0.32891849203714
0.31849504383571
0.30728809885714
0.29552174105857
0.28378113638143
0.27330149626286
0.27331161132286
0.27332238397571
0.27333315662857
0.27334376629286
0.27335423484286
0.27336470339286
0.27337565747286
0.27338675482286
0.27339781172143
0.27340866383
0.27341951594
0.27343000463
0.27344012818286
0.27345025173571
0.27346049785143
0.27347081266286
0.27348112747571
0.27349157008429
0.27350203779714
0.27351251077429
0.27352305181571
0.27353359285571
0.27354424557571
0.27355512816
0.27356601074429
0.27357706398714
0.27358820192714
0.27359934189429
0.27361050853714
0.27362167517857
0.27363275193286
0.27364373114714
0.27365471036143
0.27366556013143
0.27367638603286
0.27368734056571
0.27369891542
0.27371049027571
0.27372176037286
0.27373288178429
0.27374402032857
0.27375538467143
0.27376674901429
0.27377815845
0.27378960875143
0.27380105905429
0.27381194865143
0.27382283697571
0.27383348075429
0.27384365083286
0.27385382091143
0.27386425594
0.27387496067429
0.27388566541
0.27389629476
0.28232411885714
0.29446836803714
0.30524840114143
0.31543691703
0.32524129322571
0.33378719397
0.34113790827286
0.34799060618857
0.35395710764429
0.35867925933714
0.36225069901
0.36478540470286
0.36596857694143
0.36581136764714
0.36440794873
0.36190540869714
0.35817845133
0.35280389263143
0.34632600488
0.33916388974714
0.33123043631571
0.32280912778571
0.31484916926429
0.30651029202571
0.29810739047286
0.29053730378429
0.28397690446429
0.27806801525286
0.27420261373714
0.27421368044571
0.27422496921286
0.27423623672714
0.27424732157571
0.27425840642429
0.27426900475857
0.27427910492143
0.27428920508286
0.27429961554571
0.27431020866714
0.27432080178857
0.27433214932714
0.27434358241429
0.27435502588571
0.27436648722714
0.27437794857
0.27438908565571
0.27440016239714
0.27441125164
0.27442238248571
0.27443351333143
0.27444486913
0.27445635609429
0.27446785205
0.27447941866143
0.27449098527429
0.27450265557
0.27451439174571
0.27452617243286
0.27453821310857
0.27455025378429
0.27456207173143
0.27457381273286
0.27458541819286
0.27459667330857
0.27460792842429
0.27461927158571
0.27463065100714
0.27464204679571
0.27465352497857
0.27466500316143
0.2746762013
0.27468724531571
0.27469827775
0.27470886246429
0.27471944717714
0.27473027224143
0.27474168081857
0.27475308939571
0.27476445137571
0.27477579828857
0.27478718529
0.27479872701143
0.27481026873286
0.27482162405857
0.27483289910571
0.27484430546571
0.27485656897143
0.27486883247714
0.27488118181714
0.27489355628286
0.27490581179286
0.27491791307
0.27493000191143
0.27494182389143
0.27495364587286
0.27496533573143
0.27497693644714
0.27498851764286
0.27499992892
0.27501134019714
0.27502287994143
0.27503451756714
0.27504616734429
0.27505795425429
0.27506974116429
0.27508195383
0.27509442008429
0.27510693381571
0.27511955532286
0.27513216802857
0.27514413464
0.27515610125143
0.27516790957143
0.27517961042143
0.27519129274429
0.27520284281571
0.27521439288857
0.27522582630714
0.27523718758143
0.27524856627857
0.27526017213714
0.27527177799714
0.27528361751143
0.27529562743714
0.27530766035429
0.27531980619571
0.27533195203714
0.27534430041
0.27535670359286
0.27536928408
0.27538207754
0.27539461267286
0.27540606590429
0.27541751913714
0.27542941064
0.27544152138857
0.27545354103
0.27546532348286
0.27547710593714
0.27548954848143
0.27550213405857
0.27551447480714
0.27552659225714
0.27553865671571
0.27555038244286
0.27556210816857
0.27557400087571
0.27558597665286
0.27559794977143
0.27560991499429
0.27562188021714
0.27563404301429
0.27564624521571
0.27565861563
0.27567118146714
0.27568370713571
0.27569602201429
0.27570833689286
0.27572048382286
0.28095056283286
0.29230224069
0.30382906989286
0.31531040223857
0.32805953614143
0.34052592883429
0.35202051284714
0.3617024009
0.37013436723714
0.37596617126143
0.37866308000143
0.37920854427571
0.37826499671714
0.37696992031
0.37655050018857
0.37772419073
0.38115017801714
0.38774140358143
0.39658871088857
0.40721205149143
0.41921523392571
0.43273694207286
0.44582710806429
0.45824356062857
0.46906359036571
0.47952293856571
0.48988767329714
0.50105592641
0.51268241561286
0.52554670017857
0.53876052138286
0.55202825412143
0.56441661356286
0.57428666067429
0.58180285566714
0.58644264832143
0.58958867378857
0.59235019491429
0.59606779501429
0.60159580573286
0.60764683327857
0.61365142409
0.61896378250571
0.62344380455143
0.62665050171286
0.62938953012286
0.63101213473
0.63115974029429
0.6298435864
0.62758630035714
0.62467591499571
0.62117411467857
0.61731353471857
0.61174220793857
0.60294534003286
0.58923769262286
0.56910986418857
0.54273888176429
0.51647854115571
0.49089226840143
0.47030195072286
0.45623423750143
0.44954231963857
0.44947541154857
0.45645006824286
0.46866968796857
0.48519387132571
0.50329850428143
0.52126207800286
0.53927720781857
0.55552831596857
0.57117429957857
0.58582069782286
0.60044288524
0.61433902328
0.62759380374143
0.63723685719286
0.63879040184857
0.62883768851857
0.60686609404143
0.57598967363571
0.54389504197
0.51705291493571
0.50185025423429
0.49742740088429
0.50372348389571
0.52133670124857
0.54534523980143
0.57045202808
0.59271524400714
0.60487410911714
0.60487504991
0.59380280022286
0.57526810979286
0.55377198231571
0.53295739076429
0.51549958525
0.50288007705429
0.49544809367
0.49205102762286
0.49181657060857
0.49279524261714
0.49283141051857
0.49012978391286
0.48355480336714
0.47344742850714
0.46024445656857
0.44624760002286
0.43312913035857
0.42306093681143
0.41537194615714
0.40943956704143
0.40466295168143
0.39954837532
0.39236297275857
0.38246992988571
0.36980706417143
0.35553886555429
0.34067396918857
0.32779884591286
0.31584528204286
0.30571822800857
0.29701107231857
0.28901875665429
0.28118983736286
0.27736532650571
0.27738022528143
0.27739515713286
0.27741013368571
0.27742450823714
0.27743826456286
0.27745196066857
0.27746556262
0.27747912130429
0.27749255871714
0.27750599833857
0.27751945585857
0.27753291337857
0.27754685768571
0.27756082236286
0.27757394850714
0.27758696884714
0.27760030582143
0.27761380172286
0.27762736325714
0.27764098489857
0.27765472134286
0.27766863149143
0.27768269808571
0.27769710032286
0.27771155854429
0.27772614196571
0.27774003403286
0.27775249031714
0.27776494919857
0.27777856179429
0.27779217438857
0.27780546838714
0.27781871761286
0.27783244076143
0.27784637383571
0.27786033928
0.27787432486429
0.27788814133
0.27790181811714
0.2779153863
0.27792881179
0.27794209344571
0.27795499985429
0.27796793173429
0.27798155910143
0.27799518646714
0.27800760068571
0.27801989809286
0.27803250466143
0.27804535474429
0.27805815990286
0.27807086403429
0.27808357084286
0.27809636320429
0.27810915556571
0.27812228243
0.27813551000429
0.27814878153
0.28831615944143
0.30193557501714
0.31248542675143
0.31951504983143
0.32358285365143
0.32440600351429
0.32254102530857
0.31817040449714
0.31172735423286
0.30327852281143
0.29337996404857
0.28261224856429
0.27832001131
0.27833310978571
0.27834607998
0.27835853903429
0.27837099808857
0.27838320949857
0.27839538661571
0.27840781569429
0.27842049438857
0.27843323995571
0.27844622217714
0.2784592044
0.27847113787286
0.27848306251143
0.27849506825857
0.27850713637286
0.27851926375286
0.27853168499286
0.27854410623286
0.27855631218143
0.27856847666714
0.27858052598286
0.27859244011
0.27860437874143
0.27861706946143
0.27862976018143
0.27864338077143
0.27865730852571
0.27867020538571
0.27868260435143
0.28807424278857
0.31097630032571
0.33801245248286
0.36580628694143
0.39596234681
0.42593957179429
0.45247222211
0.47287591735429
0.48454408865
0.48572698228143
0.47833325521857
0.46594670180286
0.45350846158429
0.44294861128429
0.43561844903429
0.43243385626
0.43329659180857
0.43725598293429
0.4437395584
0.45267703351571
0.46256935432857
0.47375483985571
0.48689676847143
0.50111675141571
0.51669851091
0.53360451153143
0.54963114807857
0.56335822469143
0.57245410554143
0.57586942097286
0.57418097495714
0.56939762891571
0.56433100416714
0.56282999373857
0.56703984136
0.57692030857714
0.59060284748714
0.60537460911286
0.617111608
0.62266059486143
0.62248846345571
0.61954374914571
0.61696261935143
0.61612139178286
0.61562385386143
0.61371124063857
0.60875864110857
0.60098070342571
0.59310395246286
0.58738512291714
0.58478769164857
0.58528486423286
0.58793304771857
0.59201316406857
0.59654139366857
0.60109428246286
0.60536241050571
0.60722480027429
0.60464090070429
0.59654554316143
0.58472698489857
0.57249880857429
0.56319625809
0.55895068491429
0.55976970729
0.56388288375857
0.56787700800571
0.56805024645857
0.56166184320286
0.54977871840429
0.53552080791714
0.52264531528429
0.51572161589286
0.51654294140286
0.52427711914
0.53749465454429
0.55371277345143
0.56784190678
0.57813257670857
0.58507177107714
0.58941492434
0.59280775122857
0.59447367124714
0.59233307275429
0.58458442899714
0.57309425732857
0.56192838582286
0.55639110807857
0.55732305047714
0.56407174388857
0.57435475816857
0.58468072387857
0.59089786856429
0.59099067885857
0.58582606053286
0.57564654230571
0.56031512968286
0.54264191911
0.52302467715
0.50759011031571
0.49838378087714
0.49597452211429
0.50002167338857
0.50932939525857
0.52055325045857
0.53124180800286
0.53958897441
0.54461244126857
0.54797546618143
0.55208284057429
0.55918287096571
0.57097894222571
0.58663069467714
0.60407530679714
0.61996267801143
0.62963740203571
0.63134048184
0.62802258776429
0.62608608005286
0.62824552216286
0.63486225672143
0.64277059842429
0.64757634824857
0.64742120611571
0.64476000906286
0.64283331573571
0.64459897171143
0.65090966902286
0.65992462999714
0.66890528425429
0.67447956527429
0.67544757253429
0.67212520122429
0.66805346118714
0.66653326966286
0.67008405461
0.67826175824143
0.68870545772857
0.69762879246571
0.70234716891
0.70338529147857
0.70240755599857
0.7011812949
0.70040811079857
0.70011209732714
0.69979300837429
0.69933792517714
0.69831607789286
0.69572394883429
0.69158984789143
0.68700855688429
0.68315040340286
0.68168224168143
0.68173964696571
0.68018817135
0.67469303312429
0.66420125624429
0.65185578927714
0.64439041117429
0.64511721640857
0.65410445791143
0.66719629805
0.67741481601571
0.67731948693714
0.66526403142
0.64663499402571
0.63262227711143
0.62713463971429
0.63016412652286
0.63849132409286
0.64667691623714
0.65097399851857
0.64962852526429
0.64217070154714
0.62555848457
0.59975368221
0.56718741212286
0.53642455719429
0.51394887842571
0.50381210564143
0.50589947970714
0.51851031738857
0.53674355189714
0.55203996879571
0.56000170229571
0.55771746285286
0.54663691842
0.53247235834429
0.51795055030714
0.50552725472571
0.4957239771
0.48785844950571
0.48103114157714
0.47464065813714
0.46890056291857
0.46376776841286
0.45934327458143
0.45558200309857
0.45225511098286
0.44990806470857
0.44915533703
0.44979367515286
0.45077219748714
0.45135942334143
0.44998786506429
0.44500849370286
0.43694459434429
0.42598922132
0.41409928246714
0.40294532836143
0.39520962488
0.39143976307571
0.39141450909
0.39346124267
0.39544314109143
0.39468293779143
0.38955573440286
0.37960373413714
0.36688789660429
0.35407833774
0.34427689014857
0.33985876190857
0.34107184507286
0.34681099660429
0.35524992460143
0.36273922582714
0.36588497846714
0.36296856044429
0.35371183911857
0.33917389252429
0.32206360504857
0.30620649391714
0.29443941819286
0.28831222390714
0.28809172501286
0.29403989130429
0.30589234652857
0.32248919497286
0.34132634322286
0.36196518037429
0.38271946149857
0.40343350920286
0.42211677331
0.43738701626
0.44888623506429
0.45791016455286
0.46576287961571
0.47384526989571
0.48349275052286
0.49635035486571
0.51074206220143
0.52535933792
0.53513447206429
0.53904442425714
0.53953540654
0.54194253585714
0.54885217918571
0.56049146012857
0.57083960008
0.57125049832857
0.55585235925429
0.52771313009143
0.49264638049714
0.46303520296143
0.44728897893571
0.44704968439286
0.46031051049857
0.48358456432286
0.50955724619
0.53084804020143
0.54351050683143
0.54852817348286
0.54988710999286
0.55015156408286
0.54826838161286
0.54184527710714
0.53194098894286
0.52186793931
0.51341049550571
0.50594182930571
0.49672735171571
0.48289430407143
0.46501698912857
0.44859746352
0.43860398370143
0.43937923719143
0.45105119185286
0.47255674078286
0.49834686677571
0.52039173703714
0.53263980234
0.53283256137714
0.52337470349286
0.50823651854857
0.49259939351
0.47989159578571
0.46820695348857
0.45621545516143
0.44313141105429
0.42964554751
0.41762371962571
0.40820160739
0.40310996484857
0.40090630053857
0.39930752913143
0.39515862207143
0.38659955377714
0.37443163219429
0.36184791753857
0.35400095955714
0.35312441775143
0.35948361955857
0.37237866128143
0.39091421029571
0.41238911798714
0.43630839769286
0.46068953534714
0.48475283127429
0.50531217508286
0.51583351754
0.51378579864286
0.50166317625714
0.48453140890571
0.46767308714714
0.45475020542286
0.44735131965429
0.44494095886857
0.44697053928571
0.45171694664571
0.45665379115857
0.45912248688
0.45699957979143
0.45102133909857
0.44173245515714
0.43140365668143
0.42072147174714
0.41200058979857
0.40576291840571
0.40168939371
0.39797104429571
0.39360474535286
0.38846499549714
0.38159537237429
0.37338706729286
0.36244136264571
0.34783424980286
0.3321059539
0.31574668513
0.29988038751286
0.28742161978143
0.28243511876857
0.28244561524714
0.28245630773857
0.28246731447857
0.28247832121714
0.28248966894571
0.28250112704286
0.28251249148143
0.28252354299286
0.28253459450429
0.28254542547286
0.28255611681286
0.28256680815143
0.28257779779
0.28258881833714
0.28259988519143
0.28261107068857
0.28262225618571
0.28263364936
0.28264513407143
0.28265644994143
0.28516572591143
0.28922526183143
0.29915067757714
0.31609941983571
0.33870107636714
0.36238966904571
0.37937779789429
0.38568349229714
0.38172437991429
0.37276048052857
0.36334884205857
0.3556288957
0.34790357367
0.33804709639286
0.32399918723286
0.30482762658571
0.28498258013857
0.28285277272857
0.28286349891571
0.28287454964857
0.28288560038143
0.28289649192
0.28290737629857
0.28291821779143
0.28292895861571
0.28293969944143
0.28295048746286
0.28296130630143
0.28297212514
0.28298349662714
0.28299490928429
0.28300644447143
0.28301816694429
0.28302988941714
0.28304150554429
0.28305311333429
0.28306466650429
0.28307614866286
0.28308763082
0.28309871121286
0.28310975425143
0.28312064406286
0.28313116751
0.28314169095857
0.28315236706571
0.28316317036
0.28317397365429
0.28318527610286
0.2831966549
0.28320819389286
0.28322006618286
0.28323193847286
0.2832430212
0.28325400393
0.28326503685286
0.28327621783857
0.28328739882286
0.28329878860714
0.28331028335571
0.28332174400286
0.28333300894429
0.28334427388571
0.28335548689286
0.28336666228714
0.28337783768286
0.28338918628857
0.28340053647143
0.28341202065429
0.28342367410857
0.28343532756286
0.28344699890571
0.28345867101143
0.28347043866857
0.28348230974143
0.28349417095571
0.28350581252
0.28351745408286
0.28352851803429
0.28353912376
0.28354972948571
0.28356140789
0.28357330667857
0.28358499977429
0.28359638170286
0.28360776363143
0.28361847616571
0.28362907604286
0.28363982098143
0.28365156870429
0.28366331642714
0.28367459136571
0.28368562653429
0.28369666009571
0.28370765664429
0.28371865319286
0.28372955120429
0.28374030771286
0.28375106422143
0.30474732407143
0.32534793255429
0.34263958095
0.35793075371286
0.37048176595143
0.38020652182143
0.38797280398143
0.39415578496
0.39903926988286
0.40304211212571
0.40620835035
0.40818021211143
0.40855831806714
0.40680316305286
0.40282328080857
0.39622500722
0.38613069696571
0.37248886532714
0.35477418973143
0.33430017425
0.31138572123571
0.28485546947714
0.28402603387857
0.28403784589429
0.28404963426
0.28406140164
0.28407312395
0.28408425715
0.28409539035
0.28410626199143
0.28411684134
0.28412742068857
0.28413828027143
0.28414923965286
0.28416018748286
0.28417102821857
0.28418186895571
0.28419262243286
0.2842032595
0.28421389656714
0.28422469677714
0.28423556413714
0.28424643158
0.31479028413857
0.34830523719143
0.37906611761714
0.40603684652143
0.42905816541857
0.45100795642571
0.47381654580714
0.49982821813143
0.53063326929429
0.5678599008
0.60825143392429
0.64422017294143
0.66733381171
0.67715131417714
0.68197155392714
0.68501630172429
0.68141344055143
0.67294321267857
0.66484927302429
0.66389441844286
0.66966223932571
0.67482356725571
0.67235410917143
0.66188883244286
0.65102147216714
0.64613209732143
0.64760053695857
0.64923081893714
0.64368724016143
0.63068443121857
0.61653522882571
0.61492298715
0.62704836469429
0.63991669762286
0.63158163998143
0.59878014972857
0.56594435765
0.55114072627857
0.55299737010571
0.56547130984714
0.57925454551286
0.58927384915714
0.59458791593143
0.59583308672714
0.59538878551286
0.59492548920857
0.59532748098429
0.59701385853857
0.5979833344
0.59415694153571
0.58433458015143
0.57356637262143
0.57273427363286
0.58854609991
0.61759632986143
0.65071831394
0.67285032257571
0.67804655226714
0.67139842166
0.66160425835857
0.65482537885857
0.65428967857857
0.65890238121714
0.66639367361429
0.67380089334429
0.67820658621143
0.67754452964143
0.67089204984714
0.66066773287571
0.64998004852429
0.64191767154286
0.63842781754714
0.63728868120143
0.63488216423714
0.62736287634286
0.61645409816857
0.60586843993857
0.60186647573714
0.60074439093143
0.59329712961714
0.57659460175714
0.56111730448286
0.55382442265
0.55813642551714
0.57308707338
0.59251308915429
0.60655816454857
0.60406352095429
0.58645667062
0.57163827434
0.56913466238857
0.57709739835571
0.58594786004857
0.58608948588
0.57427178501143
0.55837850507571
0.55150230509286
0.56114596419143
0.58211533549714
0.59779047294143
0.59307435386143
0.57235679802714
0.55185298317429
0.53879374337286
0.52985631988857
0.51813532377857
0.50474341300143
0.49762581290857
0.49821838264143
0.49955834003714
0.49032079370429
0.46636741689857
0.43788920247571
0.42017814783
0.42114592012714
0.43959193067571
0.47051136770429
0.50655508149714
0.54214217553
0.57060981534571
0.58369919657143
0.57850148684
0.56565679363857
0.55386768158714
0.54274083610571
0.52918212608429
0.51423072628143
0.50164605184286
0.49347258166571
0.49139366997857
0.49350455502571
0.49392013052714
0.48656658256
0.47095605559714
0.45103247325857
0.42985900066857
0.41060605843429
0.39823516065571
0.39358600706286
0.39141629866714
0.38425643519143
0.36975309757571
0.35447287686714
0.34773216733429
0.35309986670143
0.36789620984286
0.38485166681429
0.40065911224571
0.41464930497143
0.4298043824
0.44427200797
0.44783817011857
0.43417348117143
0.40892647829143
0.38511803451429
0.37285149982
0.37023786264
0.36549045178714
0.34803881029857
0.32131339039286
0.29771621119
0.29107090602857
0.30611201831571
0.33915501179429
0.37947443830714
0.41387619769143
0.43931377241429
0.45987003229714
0.48175796242143
0.49934882314714
0.50309579119143
0.48702866544143
0.45949574750429
0.42852119449429
0.40695285716143
0.39937262629571
0.39967909052
0.39775280339
0.38680573326857
0.36697043125571
0.34369429889571
0.32036073701429
0.29725432534429
0.28628915079571
0.28629912553571
0.28630920115571
0.28631928871286
0.28632938614143
0.28633985326286
0.28635032038429
0.28636084749857
0.28637154375286
0.28638224000714
0.28639281938
0.28640330573286
0.28641379208714
0.28642433270571
0.28643488708429
0.28644546156571
0.28645637246143
0.28646728335571
0.28647837656714
0.28648973804143
0.28650109951571
0.28651170031
0.28652217524429
0.28653273696429
0.28654411680143
0.28655549663857
0.28656690140714
0.28657832629429
0.28658974342571
0.28660079823714
0.28661185305
0.28662284568429
0.28663374648286
0.28664464728
0.28665515078429
0.28666552150143
0.28667589222
0.28668672578571
0.28669757883
0.28670843710429
0.28671930795143
0.2867301788
0.28674123159857
0.28675239026
0.28676355284714
0.28677481141286
0.28678606998
0.28679721238286
0.28680822349429
0.28681923460571
0.28683041843857
0.28684163473
0.28685289615286
0.28686428454
0.28687567292714
0.28688683125286
0.28689790084857
0.28690895806714
0.28691991298429
0.2869308679
0.28694185182571
0.28695286888429
0.28696388594286
0.28697527441714
0.28698673331571
0.28699808813571
0.28700921732143
0.28702034650571
0.28703160255571
0.28704290894714
0.28705411783
0.28706480280571
0.28707548778143
0.28708628198429
0.28709721018286
0.28710813838
0.28711918591429
0.28713026299857
0.28714136840714
0.28715259492286
0.28716382144
0.28717507505429
0.28718634582429
0.28719762731857
0.28720913515286
0.28722064298571
0.28723160304857
0.28724207936143
0.28725255567286
0.28726305407571
0.28727355910429
0.28728406298286
0.28729449161429
0.28730492024714
0.28731540966429
0.28732609087
0.28733677207571
0.28734765787571
0.28735872374429
0.28736978961286
0.28738107145714
0.28739237278286
0.28740379953286
0.28741545208143
0.28742710463
0.28743888540571
0.28745068464714
0.28746255110286
0.28747450961714
0.28748646899429
0.28749876553
0.28751106206714
0.28752316730429
0.28753516935857
0.28754702117286
0.28755839442571
0.28756976767857
0.28758102284571
0.28759222618429
0.28760339712429
0.28761431229571
0.28762522746714
0.28763610469571
0.28764693768571
0.28765777067714
0.28766867779429
0.28767960451
0.28769055601
0.28770165609286
0.28771275617429
0.28772377692714
0.28773472911143
0.28774568129714
0.28775670254143
0.28776773192
0.28777877725714
0.28778986545286
0.28780095364714
0.28781203167714
0.28782310451571
0.28783414693429
0.28784459902429
0.28785505111286
0.28786560200857
0.28787640592143
0.28788720983286
0.28789812886714
0.28790912375
0.28792011863286
0.28793116417143
0.28794221120571
0.28795300270429
0.28796332426857
0.28797364583143
0.28798364527857
0.29412667947714
0.34511813598857
0.37730873986429
0.40487672747
0.44027232599429
0.49551845147714
0.54759504203143
0.58349882132286
0.60338985392714
0.61503876381571
0.62349250950429
0.62063508062571
0.60166355385857
0.59181282629857
0.60836142225714
0.63356159193571
0.64154849201714
0.63160071763143
0.61692809539429
0.62611703758286
0.65670509632
0.66876507364143
0.64947737438714
0.63837322374571
0.64041125823286
0.63238084897286
0.61965663506143
0.61955706618714
0.61369008288571
0.58808822226143
0.57002156863714
0.56998295170286
0.57349638158143
0.57818329712857
0.57831352601714
0.54724320401714
0.49920483004
0.48686575997571
0.51484621515571
0.54835220404714
0.55743526600571
0.56032693752
0.57279580327429
0.56581344503857
0.54068175012143
0.54369548574571
0.56715648172143
0.56896350037
0.54649547955143
0.53060702176429
0.53954137164286
0.57364539725286
0.61889344163143
0.65108007922857
0.66255774824429
0.66639531123857
0.65941769752
0.64600252026857
0.63962320010571
0.62327041708429
0.59197837831714
0.57557058642714
0.58041515055286
0.59855242607714
0.62559168186
0.64744744153286
0.64075761941714
0.62233780387
0.62649807206857
0.62684009395143
0.58178243835
0.54466294764714
0.53584903837571
0.50226047666286
0.43005826668429
0.36482065518571
0.34046617984286
0.36476278249714
0.42402663826
0.48957070774571
0.52333020248286
0.50574885456
0.45625213384
0.40527698863571
0.36172796567286
0.33259239156714
0.33159358824714
0.36373148387714
0.41641062716
0.45407115203143
0.44736557294714
0.41279091346429
0.39013396926714
0.38705157913714
0.38493741836143
0.36742771433714
0.34308864516714
0.32560365486143
0.31545880927429
0.30393040525143
0.28893934197571
0.28894901190429
0.28895868183429
0.28896810925286
0.28897740850571
0.28898670776
0.28899618239
0.28900580467857
0.28901542696714
0.28902508125286
0.28903476323429
0.28904444521571
0.28905413513857
0.28906383162143
0.28907352810429
0.28908310716143
0.28909259537143
0.28910208358143
0.28911174692571
0.28912157558143
0.28913140423571
0.28914154338286
0.28915191611286
0.28916228884143
0.2891725176
0.28918270607
0.28919289453857
0.28920309657714
0.28921329945714
0.28922350524286
0.28923373558429
0.28924396592571
0.28925413715857
0.28926415458429
0.28927417200857
0.28928421968429
0.28980415110429
0.29022861275714
0.28931491157
0.28932578356
0.29198048129714
0.30702414474857
0.31986166721429
0.32612490279143
0.33257455133714
0.34030156516
0.34117230877286
0.33386802173
0.32911549154
0.33043158100857
0.33150465935429
0.32630514860857
0.31707112448571
0.31675768045143
0.33787938838286
0.37397602971143
0.39946646592143
0.39593704508429
0.37754557712571
0.36247397872286
0.35172366782714
0.34516953427143
0.35592873200714
0.39276097507429
0.43814590628
0.45918767088571
0.45057329365
0.44020759153714
0.43810217048
0.44183991893714
0.44954368434429
0.45689475437571
0.45580292851
0.44450946409429
0.43547055528143
0.43759220292429
0.43730830368714
0.41658407169
0.38973541962429
0.38413678240429
0.3927354725
0.38531666517714
0.35251034052429
0.32468170678571
0.32357337547571
0.33784583299429
0.34005121411
0.32024609139
0.29612931108857
0.28982811794571
0.28983858352714
0.28984909274429
0.28985959530714
0.28986999706143
0.28988039881714
0.28989077301
0.28990107645714
0.28991137990286
0.28992193777
0.28993277993429
0.28994362209857
0.28995449057429
0.28996536547714
0.28997621810429
0.28998693741714
0.33008644096429
0.35213670316714
0.34061273128714
0.32655110276571
0.33117075948429
0.34546793352429
0.34710766843
0.33561741914857
0.33673676705857
0.35398425082857
0.36260925075143
0.35304666903857
0.34753610149857
0.35102308768286
0.34311854497571
0.32203490650857
0.31040609716286
0.32029830235143
0.34659439438
0.37807593087429
0.41294391559429
0.45536843146571
0.50283971390857
0.53274270548571
0.54470018328857
0.55878964485
0.56932149938286
0.56883148671286
0.55749722393286
0.53929037903429
0.52531912591857
0.5251251767
0.52705221623429
0.52271908739571
0.51623791086
0.52749941017571
0.56233204934143
0.58419272636714
0.57572665317429
0.56831335082143
0.56978524107286
0.56890150813571
0.56103989175429
0.55498854462
0.55893356134429
0.57071125367
0.58332394106286
0.59137513652143
0.60120806512571
0.60783533490571
0.58279781210714
0.53796280334857
0.52489110652286
0.53537333513143
0.53632466262429
0.50870767805714
0.45931800222857
0.43180282175143
0.44588282748286
0.47447468458143
0.49433445508143
0.50088460696
0.48415921042143
0.45416516796
0.41393338997857
0.37788166545
0.35363532470571
0.32931060547429
0.29068082385
0.29068986832
0.29069886459
0.29070742570714
0.29071598682571
0.30214141954714
0.32080648099714
0.33482928064286
0.35731136069714
0.37409742168429
0.38741121328571
0.40861980901143
0.43444000156
0.46704467714429
0.50069504919714
0.50296789665571
0.46456753994143
0.42894929114143
0.41698737865429
0.41160618887286
0.40353584524429
0.39044472437143
0.37341803193429
0.36418831287714
0.35557946700429
0.33462227217857
0.31323180435286
0.29922100352857
0.29091474731857
0.29092267599143
0.29093055951857
0.29093817117
0.29094578282
0.29095339447143
0.29096119340286
0.29096935387143
0.29097751434
0.29098567480714
0.29099362355714
0.29100151795429
0.29100941235286
0.29101733088
0.29102540987857
0.29103348887571
0.29104156787286
0.29104958384429
0.29105754813429
0.29106551242429
0.29107347671429
0.29108158624
0.29108970898286
0.29109783172429
0.29110582997857
0.29111360165286
0.29112137332714
0.29112914500143
0.29113712788571
0.29114523390571
0.29115333992714
0.29116144546286
0.29116954371714
0.29117764197286
0.29118574022714
0.29119349710857
0.29120089814143
0.29120829917429
0.29121570020714
0.29122350791714
0.29123160977143
0.29123971162571
0.29124781748429
0.29125635837714
0.29126489927
0.29127344016286
0.29128185716
0.29129019871
0.29129854026
0.29130689813286
0.29131534638
0.29132379462714
0.29133224287286
0.29134081281
0.29134942816286
0.29135804351429
0.29136637790714
0.29137423372429
0.29138208954
0.29138994535714
0.29139829725714
0.29140687528714
0.29141545331714
0.29142406632429
0.29143275576143
0.29144144519857
0.29145013463714
0.2914588548
0.29146757545286
0.29147629610714
0.29148502084429
0.29149374762571
0.29150247440571
0.29151125421
0.29152013202143
0.29152900983286
0.29153790652429
0.29154698945857
0.29155607239286
0.29156515532714
0.29157327289714
0.29158129102143
0.29158930914571
0.29159751021
0.29160614193143
0.29161477365429
0.29162340537571
0.29163292690857
0.29164249903714
0.29165207116714
0.29166087776
0.29166962098857
0.31498177070714
0.35567310823714
0.41030806964143
0.45693547379857
0.49824946790143
0.50571124664714
0.46150113384571
0.45175867076
0.45433196015714
0.45338811079286
0.48835413930143
0.50076209207857
0.45925393303429
0.40479829559286
0.36546125895286
0.32013859259714
0.29181779195
0.29182684048571
0.35884508339143
0.42399042897429
0.41003739292286
0.37550522843286
0.35657257118571
0.33851437567714
0.31866098107429
0.30554453512571
0.32734220424429
0.38479711625571
0.45273650059571
0.4940583941
0.46233486928571
0.41865707868571
0.41207535253
0.38633878834857
0.34142967007143
0.34161291205857
0.35703833350857
0.35077330599
0.33803668627571
0.31603300610286
0.29291264648571
0.29203933468714
0.29204828561714
0.29205723654714
0.29206596006571
0.29207466637714
0.29208337268714
0.29209218074
0.29210105482429
0.29210992891
0.29211886772714
0.29212792888857
0.29213699005
0.29214608503286
0.29215536734571
0.29216464965714
0.29217390545429
0.29218244956714
0.29219099367857
0.29219953779143
0.29220797141857
0.29221634544714
0.29222471947571
0.29223319251286
0.29224207557571
0.29225095864
0.29225984170286
0.29226850136571
0.29227714610857
0.29228579085143
0.29229449668429
0.29230324488143
0.29231199307857
0.29232083124857
0.30943521825143
0.41259358413571
0.51668445934429
0.60538090897714
0.63909739638429
0.65233787503143
0.63844961279857
0.66833271282429
0.67410542415429
0.64936260169
0.65802979656857
0.66761386922
0.66249729223857
0.61420666587429
0.56478274763571
0.56386302536143
0.57181699675429
0.56917675886571
0.54439174848714
0.53674463696714
0.55954526774571
0.56088764286143
0.57640601198429
0.58145919130429
0.55297172037857
0.51773907930429
0.50470852164429
0.52564707648571
0.56924000243429
0.59698116016143
0.60770128106714
0.63804692426
0.62386136814429
0.58543298846
0.60371412684429
0.64219675012571
0.67116107018
0.67713366590143
0.67290762655571
0.66507844214
0.63070036716286
0.57596734051143
0.53039710562571
0.53647061956857
0.54298080958286
0.57462899465571
0.58778565700286
0.59212232206571
0.57956204332143
0.56744089858857
0.55020566541429
0.51852336527857
0.49626265724
0.44667069013857
0.44140971992857
0.48583572466857
0.52443577343571
0.50888182084571
0.44671092196571
0.38556284735
0.40855371758571
0.46266390021429
0.49599153952571
0.52977384599286
0.54590465291429
0.52876993975143
0.49645783587429
0.4418500014
0.41362986114286
0.41974627844571
0.42495489299
0.40616670204429
0.38198358185429
0.36730054481429
0.35047588757857
0.34449088993857
0.33990292750571
0.32050115848
0.31268919406571
0.30813730899857
0.29304245037143
0.29305219721714
0.29306194406286
0.29307165377429
0.29308109034286
0.29309052691
0.29309997325429
0.29310959214429
0.29311921103429
0.29312880618571
0.29313790532857
0.29314700447143
0.29315610361429
0.29316503513857
0.29317394070714
0.29318284627571
0.29319211391
0.29320160626
0.29321109861
0.29322065647857
0.29323026397714
0.29323987147571
0.29324919529429
0.29325829393286
0.29326739257143
0.29327671794429
0.29328641713286
0.29329611632
0.29330597871286
0.29331609159571
0.29332620447857
0.29333642677714
0.29334674475714
0.29335706273571
0.29336715569286
0.29337716514571
0.29338717459857
0.29339729211857
0.29340743041143
0.29341756870429
0.29342781984143
0.29343807270429
0.29344835720857
0.29345880421286
0.29346925121857
0.29347978024571
0.29349043571143
0.29350109117571
0.29351144822571
0.29352166363857
0.29353187905143
0.29354199091
0.29355208389571
0.29356217688143
0.29357219589857
0.29358221334286
0.29359225533143
0.29430123902429
0.30239007810286
0.30523585181857
0.30707522785714
0.30746395384857
0.32615420969571
0.33726500915286
0.30725480979571
0.29633313639
0.33209584548571
0.38163529564429
0.38582502213857
0.41717241857714
0.46126688832286
0.43769872722857
0.50027976832286
0.54878353287857
0.56318108305143
0.45029457968143
0.44845698808857
0.50557153634857
0.44751875919857
0.41316402906714
0.45778971388143
0.46728359191571
0.46435522467714
0.45561100894714
0.43995765196143
0.41348377007714
0.41948902752286
0.46509188432
0.45655231274857
0.37704668779
0.33517888888857
0.31871346109143
0.31310011342429
0.34183529511
0.32941385071429
0.32833797433286
0.35024045797429
0.30663151712571
0.33872235614286
0.38386258845857
0.37020639161286
0.40184547373286
0.45348809233143
0.52653163386
0.57879081458571
0.61416622279
0.63132034555
0.64238583358
0.64644399385857
0.65759132556286
0.67658327263714
0.67226505416857
0.66029335317429
0.64543043185714
0.65053223921429
0.65169283753
0.63646671491286
0.64673341803429
0.65055066819286
0.64540660978571
0.64181228899571
0.63593362604286
0.64363500010429
0.64824703805714
0.64838771132571
0.63942540313429
0.63545420694143
0.62676465258143
0.61294686225286
0.59069799810143
0.56926889093714
0.54030984953571
0.47876415870857
0.41337206777429
0.38146748522857
0.4061361154
0.43798258784857
0.45329896569
0.47799007231857
0.52652674729714
0.54362360219571
0.53091973593143
0.49801135544571
0.44459862781143
0.40525287961286
0.37985649033429
0.37001040663571
0.39001141380571
0.42420862358286
0.46894141122571
0.48622260265857
0.46324883144
0.42136783330714
0.36969290611286
0.31673293356429
0.29487865973714
0.31987979676143
0.34959849934571
0.36096236920286
0.34398732320143
0.31165800725
0.29471629113
0.29472781584571
0.29473931519714
0.29475081090571
0.29476229095714
0.29477377100857
0.29478502768
0.29479617357
0.29480732108
0.29481848925571
0.29482965743143
0.29484098821143
0.29485249377
0.29486399932857
0.29487575279571
0.29488751465714
0.29489906529
0.29491041080857
0.29492175632571
0.29493302641143
0.29494429312
0.29495578909857
0.29496764496286
0.29497950082714
0.29499152087714
0.30508765932571
0.36352306962857
0.40932922751429
0.44043721025429
0.48844867057143
0.55034705111
0.60965067366286
0.63790399589714
0.66259541668714
0.66476385743857
0.66866078473857
0.65333058931286
0.66668089496857
0.66344371246
0.67790109563571
0.65364659178857
0.60498029932286
0.61339665753429
0.59969984580143
0.57490624240429
0.56371858086143
0.55531064615429
0.54714677531571
0.54909203921286
0.56360492296714
0.55647471565143
0.54728675071571
0.53642094641
0.53108980706143
0.53225517747286
0.54312716136429
0.5666832591
0.54462017436429
0.53454062181143
0.54184779219143
0.54304463259
0.55349451576143
0.56719519283286
0.57691318076143
0.59914081916
0.59828015271286
0.59241363068143
0.57727530095857
0.57340919271
0.56582576542143
0.54623676143429
0.55044265697571
0.51752783524571
0.543509995
0.54199287462286
0.53372166187429
0.54027642402571
0.53979746135
0.53013219085714
0.55514189020429
0.56348233038857
0.55846843634143
0.55384457124286
0.56305242780714
0.58451700129429
0.61139202365143
0.6139878437
0.61753685792857
0.62277917966143
0.62689070626571
0.63285996864714
0.62279872760857
0.61426177128857
0.59651754053429
0.57935392910857
0.56807694635143
0.55314864995571
0.53957957374
0.57870541545286
0.57895936370143
0.58319469190857
0.58697116582143
0.55962537548857
0.54299388969
0.53561019313714
0.54785580909429
0.55127306989714
0.56265770049714
0.56809004781571
0.56769062570143
0.56962977911286
0.5666939432
0.56754517234714
0.56020486370714
0.55140802467571
0.53409337910286
0.51572505644429
0.55275519913429
0.57305336201
0.56994862929571
0.53388885976714
0.54164024655286
0.53861819905429
0.54111503668571
0.56020436146286
0.54993630867571
0.55910113231429
0.58978770315714
0.60338261248571
0.60036943487571
0.59759291492429
0.58970414086714
0.59980295997571
0.60822091215429
0.62235999061714
0.61158171904286
0.60612185593286
0.60641108383857
0.63004634850571
0.63474831034571
0.66069340341571
0.65141233502571
0.65168323307
0.65081848140429
0.66799542420429
0.63498459228429
0.67035208267714
0.65631500074571
0.66229624592
0.66526070477857
0.66915905242
0.69201490100857
0.68556081188286
0.67663909227
0.67669709359714
0.66090683785143
0.65290338194286
0.65053948969429
0.66885963221571
0.66231907743429
0.65515141660143
0.65413848140571
0.65413848140571
