#Prior LID for EDC from AICC2012 (extrapolation in the top part).
46.7002857142857
46.7002857142857
46.7002857142857
46.7002857142857
46.7002857142857
46.7002857142857
46.7002857142857
46.7002857142857
46.7002857142857
46.7002857142857
46.7002857142857
46.7002857142857
46.7002857142857
46.7002857142857
46.7002857142857
46.7002857142857
46.7002857142857
46.7002857142857
46.7002857142857
46.7002857142857
46.7002857142857
46.7002857142857
46.7002857142857
46.7002857142857
46.7002857142857
46.7002857142857
46.7002857142857
46.7002857142857
46.7002857142857
46.7002857142857
46.7002857142857
46.7002857142857
46.7002857142857
46.7002857142857
46.7002857142857
46.7002857142857
46.7002857142857
46.7002857142857
46.7002857142857
46.7002857142857
46.7002857142857
46.7002857142857
46.7002857142857
46.7002857142857
46.7002857142857
46.7002857142857
46.7002857142857
46.7002857142857
46.7002857142857
46.7002857142857
46.7002857142857
46.7002857142857
46.7002857142857
46.7002857142857
46.7002857142857
46.7002857142857
46.7002857142857
46.7002857142857
46.7002857142857
46.7002857142857
46.7002857142857
46.7002857142857
46.7002857142857
46.7002857142857
46.7002857142857
46.7002857142857
46.7002857142857
46.7002857142857
46.7002857142857
46.7002857142857
46.7002857142857
46.7002857142857
46.7002857142857
46.7002857142857
46.7002857142857
46.7002857142857
46.7002857142857
46.7002857142857
46.7002857142857
46.7002857142857
46.7002857142857
46.7002857142857
46.7002857142857
46.7002857142857
46.7002857142857
46.7002857142857
46.7002857142857
46.7002857142857
46.7002857142857
46.7002857142857
46.7002857142857
46.7002857142857
46.7002857142857
46.7002857142857
46.7002857142857
46.7002857142857
46.7002857142857
46.7002857142857
46.7002857142857
46.7002857142857
46.7002857142857
46.7002857142857
46.7002857142857
47.2554285714286
47.8167142857143
48.389
48.9565714285714
49.5201428571429
50.0962857142857
50.677
51.25
51.8261428571429
52.441
53.0512857142857
53.649
54.243
54.8322857142857
55.4107142857143
55.9828571428571
56.5691428571429
57.1584285714286
57.7647142857143
58.3757142857143
59.0077142857143
59.6367142857143
60.2601428571429
60.8695714285714
61.4674285714286
62.0838571428571
62.7072857142857
63.3618571428571
64.0162857142857
64.6397142857143
65.2701428571429
65.9192857142857
66.5682857142857
67.2174285714286
67.861
68.5015714285714
69.17
69.8447142857143
70.5194285714286
71.1894285714286
71.8385714285714
72.4938571428572
73.16
73.84
74.5318571428571
75.1862857142857
75.8268571428572
76.4751428571429
77.1257142857143
77.7918571428572
78.4604285714286
79.1351428571429
79.8058571428571
80.472
81.1654285714286
81.8742857142857
82.611
83.354
84.0542857142857
84.75
85.4247142857143
86.1118571428571
86.8207142857143
87.5295714285714
88.2382857142857
88.941
89.6412857142857
90.3415714285714
91.0434285714286
91.7608571428572
92.4735714285714
93.1738571428571
93.9014285714286
94.6614285714286
95.4052857142857
95.4285714285714
95.4285714285714
95.4285714285714
95.4285714285714
91.163
91.2431428571429
93.452
91.713
95.5527142857143
92.6995714285714
94.4005714285714
90.847
94.0438571428571
95.3945714285714
93.2511428571429
92.4601428571429
91.435
92.4597142857143
90.57
96.6258571428571
95.51
95.2702857142857
95.5484285714286
93.0495714285714
96.7027142857143
96.1438571428572
96.1434285714286
93.1682857142857
91.2745714285714
90.2528571428572
94.6322857142857
93.8382857142857
92.1005714285714
90.5261428571429
93.0067142857143
91.6262857142857
93.322
93.4812857142857
92.9667142857143
94.7864285714286
95
96.6184285714286
89.036
90.5228571428571
89.4645714285714
94.7842857142857
90.7972857142857
88.2154285714286
94.3885714285714
91.0324285714286
90.1692857142857
95.0218571428571
91.1095714285714
89.1112857142857
93.0402857142857
92.3308571428572
91.857
92.6067142857143
93.039
94.3851428571429
90.2048571428572
96.8922857142857
93.5131428571429
92.3284285714286
93.5514285714286
91.2637142857143
95.695
95.2552857142857
93.5887142857143
94.8587142857143
96.0112857142857
90.2784285714286
96.9267142857143
96.6468571428571
88.7912857142857
96.1268571428571
93.3475714285714
93.8621428571429
91.2194285714286
90.5887142857143
95.1712857142857
92.7921428571429
91.6882857142857
92.6355714285714
92.0021428571429
94.2965714285714
91.6087142857143
91.5304285714286
95.325
95.4461428571429
89.9578571428572
95.6845714285714
95.4841428571429
91.5668571428571
91.9978571428571
93.3398571428572
94.6087142857143
88.8598571428572
95.0424285714286
96.8761428571429
92.6675714285714
96.9931428571429
91.8775714285714
90.3434285714286
93.2188571428572
94.0497142857143
93.3352857142857
92.3492857142857
90.7351428571429
94.2044285714286
96.9498571428572
92.1497142857143
95.4362857142857
91.3221428571429
92.148
91.0457142857143
93.2915714285714
93.7277142857143
94.0437142857143
91.7114285714286
93.2507142857143
92.8142857142857
92.2225714285714
95.9057142857143
91.1587142857143
89.9431428571429
92.497
95.4285714285714
95.4285714285714
92.2294285714286
91.2387142857143
93.3554285714286
91.9388571428572
95.2357142857143
93.4555714285714
92.4264285714286
91.5574285714286
94.194
94.7641428571429
92.8324285714286
91.7587142857143
92.1361428571429
91.1998571428572
95.6165714285714
95.4958571428571
95.3521428571429
94.5194285714286
94.124
96.5382857142857
96.1437142857143
94.4905714285714
91.6954285714286
90.3095714285714
94.5904285714286
93.6451428571429
91.6862857142857
91.5184285714286
92.7887142857143
92.1348571428571
92.7567142857143
93.4728571428572
93.1688571428571
94.822
95.5962857142857
90.721
89.9685714285714
93.011
93.1894285714286
90.2808571428571
88.5241428571429
94.053
90.903
91.9571428571429
92.4788571428572
89.532
92.451
92.5791428571429
92.0702857142857
92.2318571428571
92.8228571428571
93.7474285714286
92.405
93.0205714285714
96.7144285714286
94.0467142857143
92.6575714285714
93.3582857142857
91.9284285714286
95.5728571428571
94.6997142857143
93.871
94.98
93.7818571428571
95.4492857142857
96.7057142857143
90.537
92.6521428571429
94.8102857142857
93.6048571428571
92.805
91.0202857142857
93.3382857142857
92.9174285714286
92.1298571428571
91.9251428571429
92.4771428571429
92.6904285714286
93.8721428571429
91.5852857142857
93.927
95.4078571428572
91.9798571428572
91.7662857142857
95.6545714285714
93.4224285714286
91.8685714285714
92.5628571428571
93.5935714285714
94.0035714285714
89.5107142857143
95.2354285714286
93.9965714285714
95.3777142857143
91.6352857142857
90.4241428571429
91.9865714285714
93.5097142857143
93.7282857142857
92.7125714285714
90.9772857142857
94.2044285714286
96.9498571428572
92.9075714285714
94.3984285714286
92.9221428571429
91.7547142857143
91.4315714285714
92.5055714285714
93.4442857142857
93.8541428571429
92.761
92.5215714285714
93.0542857142857
92.6367142857143
92.775
95.6684285714286
91.0307142857143
90.916
92.402
91.5991428571429
91.1818571428572
94.529
94.4621428571429
93.4747142857143
92.9531428571429
93.4201428571428
94.4428571428572
95.237
91.6912857142857
91.9362857142857
92.4647142857143
93.4402857142857
91.0837142857143
92.6875714285714
92.9875714285714
93.9584285714286
94.6672857142857
94.9507142857143
94.8842857142857
93.2602857142857
92.7145714285714
89.861
91.111
93.0751428571429
93.5874285714286
95.0447142857143
94.3315714285714
92.7685714285714
93.7357142857143
91.5937142857143
89.7398571428571
90.103
91.1767142857143
92.776
90.1372857142857
87.8178571428572
89.6571428571429
92.0751428571429
93.7892857142857
96.5198571428571
93.0264285714286
91.9558571428572
92.1714285714286
93.1105714285714
92.8088571428571
90.884
94.8508571428572
92.8285714285714
94.708
93.6234285714286
96.133
94.1028571428571
92.4615714285714
94.6221428571429
94.868
93.0674285714286
91.3212857142857
91.4861428571429
89.6887142857143
90.6997142857143
93.4557142857143
93.8268571428571
92.7072857142857
91.5992857142857
93.0964285714286
94.5485714285714
92.4177142857143
91.612
94.028
91.4055714285714
92.0305714285714
92.1072857142857
93.1511428571429
91.5225714285714
90.1802857142857
94.2262857142857
92.1294285714286
89.6645714285714
90.673
91.749
90.025
91.47
92.853
94.8721428571429
92.2851428571429
88.8017142857143
89.9387142857143
95.3562857142857
92.6727142857143
90.4225714285714
91.4272857142857
89.1207142857143
88.9838571428571
91.6938571428571
88.8531428571429
94.257
94.4452857142857
93.4661428571429
91.7242857142857
89.6962857142857
90.134
90.4922857142857
91.0131428571429
92.6132857142857
95.2261428571429
94.1848571428572
93.8225714285714
91.5641428571429
90.9061428571429
90.512
91.3871428571429
92.6627142857143
90.5948571428572
90.8781428571429
91.8182857142857
90.6607142857143
90.6524285714286
92.1977142857143
89.6861428571429
85.9134285714286
88.7064285714286
90.6401428571429
90.204
89.0291428571429
89.639
90.482
91.3814285714286
93.6155714285714
93.5461428571429
89.7104285714286
88.7
90.5165714285714
88.8204285714286
89.1717142857143
92.6301428571429
90.2808571428571
89.1231428571429
90.2442857142857
92.688
92.4892857142857
93.5755714285714
94.4257142857143
92.176
95.7752857142857
90.0071428571429
90.7751428571429
91.9068571428571
92.6082857142857
94.7541428571429
90.0831428571429
90.123
93.2018571428571
96.0494285714286
91.6602857142857
90.7067142857143
90.19
89.8775714285714
90.8275714285714
93.3332857142857
94.6247142857143
92.1735714285714
90.9545714285714
90.3328571428572
90.5338571428571
88.313
91.0661428571429
87.1967142857143
88.5978571428572
91.7785714285714
91.3502857142857
89.8697142857143
88.447
87.4995714285714
87.6524285714286
89.657
89.53
91.6328571428571
91.2411428571429
90.341
90.2095714285714
90.6722857142857
90.556
87.8605714285714
89.3295714285714
89.0308571428571
90.0877142857143
91.3287142857143
92.1834285714286
91.9017142857143
88.1258571428571
88.4072857142857
93.1965714285714
93.9494285714286
90.6931428571429
93.0147142857143
91.7224285714286
91.0422857142857
91.4948571428572
91.9775714285714
89.9132857142857
90.2704285714286
91.7641428571429
91.5592857142857
89.6712857142857
89.5398571428571
90.7024285714286
91.6627142857143
93.4004285714286
91.868
91.9841428571429
91.946
92.2808571428571
94.2558571428572
93.5425714285714
91.1051428571429
92.6621428571429
93.6294285714286
94.4282857142857
95.404
95.9014285714286
96.8391428571429
97.247
97.4288571428571
97.7845714285714
98.5898571428572
99.1238571428572
99.7488571428572
100.789
101.045
102.137
102.295
103.44
103.138
103.021
102.384
102.31
101.16
100.156
99.9404285714286
99.3557142857143
98.9541428571429
98.3248571428571
97.9681428571429
97.0704285714286
96.6238571428572
96.5781428571429
95.9518571428572
95.783
95.4834285714286
95.8037142857143
95.813
95.2438571428571
96.0094285714286
96.1968571428572
95.9824285714286
96.6617142857143
97.0288571428571
96.4988571428571
96.2595714285714
95.4004285714286
95.3425714285714
95.774
95.1811428571429
95.9692857142857
96.1785714285714
95.6301428571429
95.6608571428571
95.4785714285714
94.3124285714286
94.1221428571428
93.5345714285714
93.3415714285714
92.6681428571429
92.7311428571429
92.1011428571429
91.6871428571429
90.7614285714286
90.2215714285714
82.5655714285714
83.7442857142857
85.6315714285714
86.6844285714286
87.9315714285714
89.2564285714286
90.876
92.5888571428572
93.9162857142857
95.0634285714286
90.3401428571429
90.1557142857143
90.0118571428572
89.992
89.4281428571429
88.8238571428572
88.8832857142857
88.5275714285714
87.9257142857143
87.5301428571429
86.9778571428571
87.5901428571429
88.3685714285714
88.693
89.6421428571429
90.6798571428572
90.4975714285714
91.2848571428571
91.3908571428571
91.8788571428572
91.7921428571428
91.2691428571429
91.1288571428571
90.3505714285714
89.9528571428571
90.0132857142857
88.6548571428572
88.9164285714286
87.8141428571429
87.2491428571429
86.9281428571429
86.6851428571429
87.7988571428572
89.3215714285714
90.5105714285714
91.4114285714286
92.0185714285714
92.4102857142857
93.5378571428571
94.41
94.8891428571429
95.3221428571429
95.6188571428572
97.6172857142857
97.8268571428572
98.095
97.3625714285714
96.9917142857143
96.3517142857143
96.0697142857143
94.3695714285714
94.6195714285714
94.5998571428571
93.5284285714286
93.0711428571429
92.873
91.9845714285714
91.6991428571429
90.6887142857143
90.4458571428572
90.2852857142857
89.4064285714286
89.0821428571429
88.8365714285714
88.0942857142857
87.4361428571429
87.143
86.4037142857143
85.7064285714286
85.2291428571429
86.7734285714286
86.1118571428571
86.1714285714286
86.4321428571429
87.0991428571429
87.3202857142857
87.4594285714286
87.762
87.8591428571429
87.866
87.6484285714286
87.7185714285714
87.6241428571429
87.6948571428571
87.6002857142857
87.5885714285714
87.988
87.8111428571429
87.7168571428572
87.4171428571429
87.734
87.2284285714286
87.8745714285714
87.6158571428572
87.6858571428571
87.213
86.5455714285714
85.6345714285714
84.7661428571429
83.8592857142857
83.3461428571429
82.0914285714286
81.5748571428572
80.7868571428572
80.0634285714286
80.1552857142857
80.5115714285714
81.0977142857143
81.3031428571429
81.6228571428572
81.8275714285714
81.645
82.3127142857143
82.7108571428572
82.7581428571429
82.8157142857143
82.5391428571429
82.2238571428571
81.4442857142857
81.5941428571429
81.1642857142857
81.0037142857143
80.8424285714286
79.8048571428571
80.1004285714286
79.5224285714286
79.2855714285714
79.6598571428571
80.1382857142857
81.3455714285714
82.0934285714286
82.6055714285714
83.7484285714286
83.9775714285714
84.8277142857143
83.8134285714286
83.9628571428571
83.7911428571429
83.3012857142857
83.3682857142857
82.8795714285714
82.4714285714286
82.3007142857143
82.0904285714286
81.8018571428571
82.2257142857143
82.36
82.4908571428572
83.2935714285714
83.7408571428572
83.9068571428571
84.2314285714286
84.7575714285714
85.407
85.8125714285714
86.3825714285714
86.7464285714286
86.9024285714286
86.3775714285714
85.811
85.2038571428571
84.678
83.7094285714286
83.8245714285714
83.0185714285714
82.7341428571429
81.7965714285714
81.7237142857143
81.1812857142857
80.8724285714286
80.6395714285714
79.9841428571429
79.903
79.0602857142857
78.9391428571429
79.1961428571429
78.7814285714286
79.3488571428571
80.1858571428571
80.1447142857143
80.5624285714286
81.5224285714286
81.1668571428572
81.7801428571429
81.6911428571429
82.3462857142857
82.4517142857143
82.875
82.9804285714286
83.6441428571429
83.6675714285714
84.0915714285714
84.8405714285714
85.2264285714286
85.6945714285714
85.6717142857143
85.2981428571429
84.6278571428572
83.8307142857143
82.9908571428572
81.8735714285714
81.2244285714286
79.8412857142857
79.0728571428571
78.0011428571429
77.2481428571429
77.2784285714286
77.1971428571429
77.7091428571429
77.8135714285714
77.7321428571429
77.7248571428571
77.7174285714286
77.7842857142857
78.0751428571429
78.1538571428571
78.5982857142857
79.0048571428571
79.487
79.6257142857143
80.4145714285714
80.7432857142857
81.498
81.8265714285714
81.8791428571429
81.5855714285714
81.0704285714286
80.4328571428571
79.7904285714286
78.131
77.4155714285714
76.8438571428571
75.6852857142857
74.6408571428572
73.9904285714286
73.7518571428571
74.1621428571429
74.6087142857143
74.5922857142857
75.0385714285714
75.2338571428571
75.609
75.8025714285714
76.1041428571429
76.5524285714286
76.88
76.0521428571429
75.7
75.8892857142857
75.2108571428571
74.7135714285714
74.573
74.0054285714286
73.5091428571429
74.0651428571429
73.9141428571429
74.3297142857143
74.426
74.7358571428571
74.7958571428571
75.0701428571429
75.417
75.873
75.9318571428571
76.3531428571429
76.3088571428571
76.4534285714286
76.8177142857143
76.4847142857143
77.0324285714286
77.3978571428571
77.5042857142857
77.9444285714286
78.1897142857143
78.4761428571429
78.9877142857143
79.2364285714286
79.4835714285714
79.8061428571429
79.7838571428571
80.2964285714286
80.7724285714286
81.1715714285714
81.1415714285714
81.8531428571429
81.6461428571429
81.2012857142857
80.6005714285714
79.7321428571429
79.2847142857143
78.4214285714286
77.7862857142857
78.0037142857143
76.9951428571429
76.0658571428571
75.3645714285714
74.8561428571429
73.5714285714286
71.6425714285714
72.078
71.5544285714286
71.0951428571429
70.9742857142857
69.8398571428572
73.0091428571429
73.0534285714286
71.9178571428571
71.512
71.1587142857143
71.6871428571429
72.3634285714286
71.8614285714286
71.6871428571429
71.812
70.0358571428572
72.048
71.591
73.2181428571429
72.7405714285714
70.1578571428572
70.7431428571429
72.6808571428571
74.208
73.9067142857143
70.3914285714286
72.166
71.7794285714286
70.4778571428571
70.7364285714286
72.4974285714286
73.4361428571429
74.1978571428571
71.724
72.4164285714286
71.2862857142857
71.4945714285714
70.528
70.6202857142857
71.7605714285714
72.2301428571429
70.2384285714286
72.2921428571429
73.4688571428571
71.9142857142857
73.3727142857143
71.843
71.3768571428571
71.3107142857143
71.1614285714286
71.6995714285714
71.208
71.7247142857143
70.8915714285714
71.5277142857143
73.1688571428571
73.6688571428571
73.7584285714286
74.2632857142857
72.6265714285714
72.7414285714286
71.8687142857143
70.0477142857143
71.932
72.6942857142857
72.5928571428571
73.3944285714286
72.837
73.4814285714286
72.894
71.9585714285714
71.0535714285714
69.3324285714286
70.3718571428572
71.1532857142857
71.38
68.8992857142857
70.799
71.714
72.6131428571429
72.2117142857143
71.1222857142857
71.1565714285714
69.903
72.4165714285714
73.6994285714286
70.5522857142857
69.5584285714286
69.9151428571429
70.1632857142857
70.3062857142857
70.9178571428571
70.761
71.3728571428571
70.613
70.2272857142857
70.4821428571429
71.7518571428571
71.7521428571429
69.8678571428571
68.9432857142857
69.1348571428571
70.8251428571429
70.5387142857143
70.4482857142857
70.784
71.225
71.4585714285714
69.6028571428571
70.2482857142857
70.3062857142857
70.465
72.0471428571429
70.2784285714286
71.2104285714286
71.1135714285714
70.156
71.7837142857143
69.1194285714286
70.3291428571429
72.1437142857143
70.286
71.6062857142857
70.8275714285714
70.0078571428571
69.5087142857143
69.714
72.2875714285714
71.171
70.3465714285714
70.1952857142857
70.784
70.6085714285714
70.4592857142857
70.848
72.3691428571429
73.616
73.3474285714286
77.366
72.4011428571429
72.4632857142857
72.1302857142857
69.7324285714286
73.1361428571429
75.489
75.8447142857143
73.4685714285714
72.5258571428571
72.072
73.7052857142857
71.7261428571429
69.7311428571429
70.8337142857143
71.7858571428572
71.1242857142857
70.1555714285714
71.4314285714286
73.1732857142857
72.7651428571429
74.772
74.511
73.3561428571429
73.4962857142857
72.8124285714286
71.2138571428572
72.0268571428571
72.6288571428572
71.7705714285714
73.9597142857143
72.8418571428572
73.9321428571429
73.4728571428571
73.9057142857143
74.6315714285714
74.5328571428572
75.6585714285714
75.2582857142857
75.138
75.5028571428571
72.71
72.1585714285714
73.5425714285714
74.034
73.9305714285714
74.399
74.694
73.1592857142857
70.987
70.895
71.3355714285714
70.687
72.8277142857143
70.171
71.7125714285714
72.3501428571429
72.6002857142857
71.4447142857143
72.777
71.965
71.8081428571429
71.697
72.0248571428571
72.6237142857143
72.6238571428571
72.624
72.6242857142857
74.5825714285714
73.6702857142857
72.9387142857143
73.3394285714286
71.4825714285714
69.909
71.4974285714286
71.0818571428571
69.9567142857143
70.8895714285714
72.4054285714286
72.1665714285714
72.337
70.8885714285714
71.5114285714286
69.5234285714286
70.8525714285714
74.5515714285714
75.195
73.5777142857143
72.9418571428571
75.4275714285714
75.5027142857143
77.131
73.8747142857143
73.1497142857143
74.0055714285714
72.8338571428571
74.24
74.1167142857143
74.6877142857143
72.7847142857143
74.8638571428571
73.4855714285714
70.883
70.8258571428571
71.343
69.9318571428572
71.199
72.5678571428572
71.9504285714286
72.6521428571429
73.9644285714286
74.595
74.8914285714286
75.6245714285714
75.2307142857143
75.226
76.0781428571429
74.0824285714286
74.3121428571429
73.965
74.442
75.089
72.5905714285714
73.8075714285714
73.4817142857143
72.2514285714286
70.7528571428572
70.7532857142857
70.7538571428572
70.7544285714286
70.977
71.7437142857143
73.1917142857143
71.8447142857143
72.0702857142857
70.5967142857143
71.8414285714286
73.9375714285714
74.5862857142857
73.4121428571429
75.8524285714286
74.3195714285714
74.9165714285714
75.4807142857143
74.1747142857143
75.9512857142857
76.321
74.2132857142857
74.2665714285714
75.052
76.8215714285714
75.7837142857143
74.5192857142857
74.4118571428571
76.1015714285714
76.497
74.8017142857143
74.0971428571429
74.3951428571429
76.7951428571429
74.7557142857143
73.0184285714286
74.8181428571429
75.6357142857143
74.2564285714286
73.668
72.1368571428572
74.0674285714286
74.62
74.4391428571429
74.2381428571429
71.9457142857143
72.8711428571429
73.2607142857143
73.7974285714286
75.0377142857143
74.6952857142857
74.2035714285714
74.3354285714286
74.7897142857143
74.6324285714286
73.8644285714286
74.5768571428572
73.5785714285714
72.5712857142857
72.9407142857143
73.8384285714286
76.4337142857143
78.1251428571429
74.8435714285714
74.9111428571429
74.8854285714286
77.9194285714286
75.58
77.5962857142857
75.0234285714286
77.2971428571429
74.2115714285714
77.5032857142857
76.9072857142857
78.7868571428571
79.5677142857143
79.2694285714286
80.9434285714286
80.0067142857143
81.3288571428571
83.3161428571429
79.3352857142857
76.7697142857143
76.423
75.9131428571429
80.3181428571429
79.2818571428571
76.7211428571429
76.0338571428571
78.3802857142857
77.5727142857143
78.3628571428572
78.5922857142857
77.4371428571429
78.061
78.6714285714286
78.8302857142857
78.9487142857143
77.6827142857143
76.5585714285714
76.3935714285714
79.3234285714286
77.7008571428571
78.4284285714286
77.8938571428571
75.6365714285714
78.1107142857143
78.5652857142857
74.8068571428572
74.6154285714286
74.2894285714286
74.541
74.4401428571429
74.3627142857143
74.5622857142857
72.8557142857143
71.6131428571429
71.5744285714286
72.6504285714286
73.4481428571429
72.4402857142857
74.4124285714286
73.6532857142857
75.1412857142857
74.5877142857143
76.1641428571429
74.1991428571429
75.3871428571429
73.9218571428571
73.0468571428571
73.3397142857143
75.1974285714286
76.1647142857143
76.3022857142857
73.445
72.2412857142857
72.6437142857143
72.6884285714286
72.3987142857143
73.3791428571429
74.0994285714286
71.1874285714286
73.8701428571429
74.428
75.0988571428572
75.6147142857143
73.2542857142857
75.9521428571429
78.4674285714286
75.6721428571429
75.5438571428571
74.8882857142857
73.0295714285714
78.0408571428571
72.5472857142857
74.8432857142857
72.8884285714286
74.3567142857143
73.0908571428571
72.5558571428571
72.8421428571429
72.4687142857143
72.4974285714286
72.3864285714286
71.6612857142857
71.6955714285714
73.5772857142857
72.5254285714286
74.466
74.6695714285714
73.7115714285714
74.5614285714286
75.6248571428571
75.2397142857143
73.8287142857143
74.9761428571429
75.6004285714286
73.4945714285714
75.404
74.6795714285714
75.4194285714286
76.5572857142857
77.4758571428572
76.9138571428572
76.8027142857143
77.164
77.8038571428571
76.718
76.3588571428571
75.9945714285714
74.4497142857143
77.47
77.2488571428571
76.3588571428571
75.154
74.38
75.4118571428571
75.6911428571429
75.027
76.12
73.2481428571429
72.917
74.3164285714286
74.4027142857143
72.4271428571429
72.7601428571429
73.5107142857143
72.2678571428571
72.3467142857143
73.2198571428572
74.1982857142857
76.4992857142857
73.7731428571429
73.1338571428572
73.1978571428571
74.2634285714286
75.2617142857143
74.7575714285714
74.7112857142857
74.8228571428571
75.2462857142857
75.2531428571429
75.0535714285714
75.9574285714286
76.6248571428572
77.931
76.8372857142857
76.9358571428571
77.1392857142857
77.8408571428571
77.6454285714286
78.0608571428571
77.2562857142857
77.1492857142857
80.2805714285714
77.5585714285714
78.8671428571429
77.7595714285714
80.8938571428572
79.9081428571429
81.3065714285714
79.9045714285714
84.0911428571429
82.1802857142857
79.4402857142857
77.4054285714286
79.8054285714286
81.5452857142857
78.6141428571429
78.8815714285714
79.2864285714286
79.212
80.3607142857143
80.3602857142857
82.1675714285714
83.4254285714286
84.2621428571429
80.7348571428572
81.3622857142857
81.8518571428572
81.0437142857143
78.4782857142857
78.2252857142857
77.7881428571429
78.8147142857143
79.131
78.47
78.9321428571429
78.2188571428571
77.5514285714286
78.2142857142857
78.7285714285714
80.7627142857143
79.1357142857143
77.926
76.8327142857143
77.8432857142857
77.088
77.6444285714286
76.9378571428571
76.5491428571429
78.9874285714286
78.5045714285714
76.1361428571429
76.5345714285714
77.006
74.2548571428571
73.2164285714286
74.3825714285714
73.6284285714286
73.3064285714286
74.6621428571429
76.0984285714286
74.5521428571429
77.1192857142857
77.8841428571429
77.5228571428571
76.1587142857143
76.3745714285714
73.6037142857143
75.8264285714286
76.3267142857143
73.6255714285714
74.7495714285714
76.739
77.0915714285714
77.2831428571429
75.3661428571429
75.231
75.2221428571429
73.9701428571429
75.285
75.0267142857143
74.322
73.9447142857143
75.5828571428572
75.0061428571429
76.8014285714286
77.1574285714286
75.583
76.2595714285714
78.9072857142857
75.5464285714286
75.1714285714286
77.8154285714286
76.4597142857143
75.4275714285714
74.7051428571429
75.6185714285714
77.5005714285714
77.3947142857143
77.7902857142857
77.5022857142857
76.1232857142857
75.58
76.1592857142857
76.8181428571429
79.468
77.2025714285714
75.8925714285714
74.6762857142857
75.792
78.1507142857143
76.3177142857143
76.6691428571429
76.97
75.8078571428571
76.9208571428571
77.7401428571429
75.776
75.6391428571429
75.9034285714286
76.3347142857143
77.0574285714286
76.899
77.5032857142857
76.4991428571429
77.7611428571429
78.3668571428571
79.2958571428571
76.576
77.9124285714286
76.7391428571429
77.6015714285714
78.4144285714286
80.0352857142857
78.4254285714286
78.3821428571429
79.3717142857143
81.5791428571429
80.7718571428572
81.1512857142857
78.8155714285714
76.4237142857143
78.459
77.3695714285714
78.7128571428571
77.9105714285714
79.7577142857143
78.984
77.3831428571429
79.4015714285714
78.9341428571429
80.732
78.0447142857143
80.164
82.0144285714286
79.2815714285714
78.9357142857143
77.8837142857143
77.5177142857143
79.6742857142857
83.2891428571429
79.9191428571429
80.1497142857143
82.0221428571429
81.291
82.2031428571429
82.04
82.5165714285714
82.4795714285714
81.8231428571429
79.9501428571429
79.0375714285714
79.1235714285714
78.4605714285714
76.965
77.6277142857143
78.8757142857143
80.1607142857143
80.1491428571429
79.7602857142857
78.4941428571429
78.758
78.0614285714286
77.9164285714286
78.6051428571429
80.2594285714286
80.0127142857143
81.013
77.4121428571429
77.3225714285714
77.2385714285714
76.0202857142857
76.0894285714286
77.5741428571429
75.6604285714286
74.8832857142857
75.5381428571429
76.069
78.884
78.7597142857143
77.899
78.3995714285714
79.7237142857143
79.0068571428571
77.3807142857143
78.2805714285714
78.7607142857143
77.1587142857143
78.0414285714286
78.5322857142857
76.2945714285714
76.5804285714286
77.6634285714286
77.6718571428571
76.8451428571429
76.2438571428572
75.2822857142857
74.0111428571429
75.6162857142857
76.1745714285714
74.6917142857143
73.6978571428571
76.2417142857143
74.9381428571429
74.3652857142857
76.2341428571429
77.6704285714286
77.6918571428571
74.9494285714286
77.182
77.4637142857143
76.9747142857143
76.6891428571429
77.3534285714286
78.2718571428571
76.9991428571429
77.2165714285714
77.4672857142857
77.5208571428572
79.1745714285714
78.6321428571429
80.3777142857143
78.8744285714286
78.9428571428572
78.8752857142857
79.7768571428572
81.2345714285714
80.9527142857143
81.635
80.8161428571429
80.953
75.1838571428571
77.9924285714286
79.9195714285714
80.407
78.6657142857143
78.4398571428572
80.4664285714286
81.0885714285714
77.2597142857143
76.7697142857143
77.8725714285714
79.2894285714286
79.3835714285714
79.9428571428572
79.6632857142857
81.8798571428571
78.4445714285714
81.1371428571429
80.5222857142857
82.7721428571429
81.1647142857143
82.3412857142857
82.592
80.4175714285714
80.5738571428572
78.8912857142857
83.1504285714286
83.2687142857143
81.8471428571429
81.2835714285714
81.8111428571429
81.2981428571429
80.4335714285714
79.8874285714286
80.3398571428572
80.28
80.5121428571429
80.7315714285714
81.2915714285714
81.4028571428571
79.276
82.1395714285714
79.4295714285714
77.5782857142857
78.9015714285714
82.8398571428572
79.0645714285714
79.2261428571429
79.9998571428571
79.4602857142857
77.1754285714286
78.3022857142857
81.4261428571429
80.3125714285714
80.6061428571429
78.5598571428572
77.5181428571429
78.6694285714286
78.1632857142857
77.5608571428571
76.6768571428571
77.2467142857143
78.1282857142857
77.08
76.9231428571429
78.6981428571429
77.5797142857143
77.8758571428571
79.4567142857143
80.5034285714286
77.028
77.6162857142857
76.5931428571429
76.5652857142857
78.2878571428571
78.8225714285714
76.9475714285714
75.8445714285714
78.8547142857143
77.2915714285714
77.6195714285714
76.9557142857143
76.5158571428572
77.0348571428571
75.7405714285714
75.3875714285714
77.0745714285714
76.6181428571429
75.582
76.0604285714286
76.8001428571429
75.7825714285714
74.8022857142857
74.0962857142857
73.017
73.9065714285714
74.9658571428571
74.7331428571429
74.3381428571429
73.2554285714286
72.605
73.8382857142857
75.6487142857143
72.4887142857143
72.5441428571429
73.0021428571429
73.829
72.7362857142857
71.1742857142857
72.9981428571429
73.7375714285714
69.1418571428571
71.5345714285714
71.6028571428571
71.1775714285714
72.204
71.5327142857143
71.9717142857143
72.4628571428571
73.2712857142857
76.8794285714286
78.126
75.6701428571429
77.1294285714286
72.567
75.1734285714286
75.841
76.7978571428571
74.8711428571429
72.6865714285714
72.8078571428571
73.4275714285714
72.2732857142857
71.7702857142857
73.2771428571429
73.7187142857143
72.4367142857143
72.3111428571429
73.2258571428572
72.4655714285714
72.7765714285714
71.7002857142857
72.4091428571429
72.4637142857143
74.712
75.5027142857143
70.2547142857143
73.2544285714286
72.3354285714286
72.6774285714286
71.6434285714286
71.1044285714286
72.3594285714286
71.258
73.2135714285714
71.7697142857143
70.8382857142857
71.2764285714286
72.3971428571429
71.0415714285714
70.6498571428571
71.0905714285714
70.9927142857143
70.6152857142857
71.6131428571429
71.9032857142857
72.3988571428572
72.4388571428571
75.0198571428571
70.4221428571429
72.3975714285714
73.2611428571429
72.6847142857143
71.4467142857143
72.5367142857143
72.54
71.1532857142857
71.4834285714286
71.6584285714286
71.0687142857143
71.2027142857143
71.044
72.3205714285714
71.9121428571429
71.235
72.6212857142857
74.8604285714286
71.6241428571429
71.5295714285714
71.6224285714286
76.574
72.3485714285714
73.0798571428572
73.4751428571429
71.5365714285714
70.2911428571429
70.5871428571429
71.0097142857143
74.2062857142857
74.4122857142857
74.7852857142857
75.1682857142857
74.5335714285714
73.5147142857143
73.9691428571429
70.8428571428572
71.9505714285714
71.1954285714286
70.9094285714286
71.2728571428571
71.3382857142857
71.6684285714286
71.5788571428571
71.9545714285714
74.0652857142857
74.828
72.715
72.678
74.1075714285714
76.7755714285714
75.7612857142857
75.4428571428572
74.3385714285714
74.8572857142857
75.5032857142857
75.5631428571429
75.5194285714286
76.9291428571429
77.7188571428571
77.0402857142857
76.6805714285714
78.5767142857143
77.8437142857143
78.0917142857143
78.51
81.151
79.8448571428571
80.4428571428572
80.6337142857143
82.1382857142857
80.9892857142857
80.8418571428572
79.7688571428571
80.936
76.6577142857143
75.7887142857143
78.9338571428571
79.6895714285714
77.3012857142857
78.6037142857143
79.1222857142857
79.5485714285714
78.6155714285714
76.6541428571429
76.8558571428571
77.4154285714286
78.1142857142857
79.2845714285714
77.5545714285714
77.5465714285714
77.345
77.0598571428571
77.6141428571429
77.1187142857143
76.2792857142857
76.7761428571429
74.3847142857143
76.6154285714286
75.5515714285714
74.7271428571429
72.343
73.7211428571429
74.0242857142857
73.4542857142857
73.5675714285714
74.8027142857143
75.1512857142857
75.0831428571429
75.7385714285714
76.0657142857143
75.5217142857143
77.7604285714286
77.0577142857143
78.0571428571429
77.3225714285714
76.6578571428571
77.6412857142857
77.565
76.4392857142857
78.9064285714286
77.814
78.4324285714286
78.7308571428571
78.9412857142857
78.1861428571429
78.3268571428572
79.2505714285714
80.4524285714286
83.3422857142857
80.8697142857143
80.5802857142857
81.0701428571429
81.641
81.314
82.7145714285714
80.8221428571429
80.8657142857143
81.9112857142857
81.787
82.7918571428572
84.349
84.9458571428572
84.0541428571429
83.5165714285714
80.4677142857143
81.1677142857143
81.0094285714286
80.3362857142857
80.2838571428572
80.2787142857143
78.9248571428571
78.0414285714286
79.0574285714286
79.6824285714286
79.504
79.1318571428571
79.1541428571429
77.7115714285714
77.4212857142857
78.473
76.8321428571429
77.0498571428571
76.0085714285714
76.4325714285714
74.7314285714286
74.0861428571429
75.1795714285714
76.7957142857143
76.6318571428571
78.077
77.7561428571429
75.108
76.382
76.9654285714286
78.334
78.4501428571429
74.4437142857143
77.7694285714286
76.7135714285714
78.7365714285714
78.1487142857143
76.2237142857143
76.3751428571429
77.0988571428571
76.8727142857143
77.711
78.6534285714286
78.878
78.7425714285714
77.5035714285714
79.6371428571429
79.152
79.0664285714286
79.7645714285714
78.5784285714286
76.4264285714286
77.4545714285714
77.7334285714286
76.444
76.1374285714286
76.5921428571429
77.666
77.0485714285714
77.677
77.2838571428571
78.7302857142857
78.4341428571429
77.2422857142857
79.6455714285714
79.526
75.2865714285714
77.1625714285714
80.7264285714286
79.9535714285714
78.7082857142857
78.4718571428571
79.7657142857143
80.1905714285714
79.9915714285714
81.0384285714286
81.3882857142857
79.1642857142857
79.6414285714286
79.8978571428571
79.6685714285714
76.5527142857143
79.0968571428571
80.08
79.4192857142857
80.0407142857143
79.548
82.7887142857143
81.8062857142857
81.0705714285714
80.5644285714286
80.2934285714286
79.0984285714286
81.5658571428572
79.0168571428571
83.388
83.7265714285714
79.9495714285714
80.9017142857143
80.014
79.506
80.3358571428572
81.7102857142857
81.5871428571429
81.6267142857143
83.8354285714286
81.1184285714286
80.76
81.3407142857143
81.639
82.3668571428571
81.2195714285714
80.9398571428572
81.2895714285714
81.5384285714286
82.6052857142857
82.6634285714286
81.8662857142857
81.7327142857143
82.3967142857143
80.6907142857143
81.2347142857143
81.0088571428572
80.2287142857143
81.1235714285714
81.4398571428572
79.9374285714286
80.075
81.4774285714286
82.8514285714286
83.7705714285714
81.8195714285714
80.6648571428572
81.7501428571429
82.9931428571429
83.0101428571429
82.4245714285714
84.2425714285714
86.5192857142857
84.4308571428571
84.2245714285714
83.6608571428572
83.988
82.3245714285714
82.869
82.6624285714286
84.0868571428571
82.0591428571429
84.439
84.3057142857143
85.8461428571429
86.5158571428572
85.3727142857143
86.3325714285714
85.5758571428571
84.5557142857143
86.2272857142857
83.2955714285714
84.9477142857143
89.0587142857143
84.9737142857143
85.165
87.341
85.2955714285714
84.7785714285714
85.4024285714286
85.7384285714286
85.1655714285714
87.6731428571429
86.083
88.0931428571429
87.6345714285714
87.3747142857143
87.712
88.4974285714286
86.2122857142857
85.4977142857143
85.3538571428572
84.2041428571429
86.9285714285714
84.0167142857143
85.2391428571429
85.5334285714286
86.0155714285714
88.1241428571429
85.5211428571429
83.6021428571429
85.2921428571429
85.0421428571429
88.1401428571429
84.4618571428572
85.2395714285714
84.6158571428572
83.476
84.0232857142857
83.4614285714286
82.939
85.5115714285714
85.2745714285714
83.4452857142857
84.3752857142857
84.4262857142857
85.6112857142857
85.249
83.8037142857143
82.1712857142857
82.6962857142857
85.6318571428572
81.1164285714286
82.3042857142857
83.2647142857143
82.4181428571429
81.9098571428571
84.1958571428572
86.105
82.0575714285714
82.5382857142857
82.6351428571429
81.7295714285714
82.1822857142857
82.8738571428571
81.3968571428572
81.4974285714286
82.465
82.016
80.3251428571429
80.527
80.6768571428571
80.7754285714286
81.9722857142857
82.2324285714286
81.5571428571429
82.8621428571429
79.1945714285714
80.7348571428572
80.665
80.7478571428571
80.7402857142857
79.323
79.5168571428571
78.7224285714286
78.0704285714286
78.3682857142857
81.736
79.3775714285714
79.2492857142857
78.6828571428571
80.5554285714286
77.5727142857143
79.5158571428571
76.819
75.2397142857143
74.5537142857143
75.6344285714286
78.3701428571429
78.6491428571429
76.6097142857143
76.5372857142857
77.2025714285714
77.1874285714286
78.606
76.163
78.0327142857143
76.4127142857143
77.4447142857143
78.86
79.2924285714286
78.2018571428572
77.2057142857143
78.1337142857143
77.2532857142857
78.1038571428572
78.0258571428571
76.2464285714286
78.6115714285714
78.6267142857143
78.0682857142857
78.7928571428571
80.0821428571429
80.0642857142857
80.854
80.0504285714286
80.8952857142857
77.8338571428571
77.9012857142857
79.5775714285714
78.5048571428571
78.3164285714286
81.1055714285714
81.8394285714286
81.2095714285714
81.6145714285714
81.4084285714286
80.9012857142857
78.7188571428571
78.319
80.7677142857143
81.2774285714286
80.7941428571429
80.0522857142857
81.8175714285714
83.9081428571429
82.0338571428571
80.5137142857143
80.1715714285714
80.3131428571429
81.5494285714286
82.6264285714286
78.1297142857143
79.6237142857143
80.995
79.4344285714286
76.9358571428571
77.4621428571429
77.9395714285714
78.5375714285714
79.1542857142857
79.937
81.5357142857143
80.4808571428571
79.6014285714286
80.0972857142857
79.5934285714286
78.029
78.8011428571429
78.3725714285714
79.1421428571429
77.1727142857143
82.7115714285714
81.9252857142857
80.173
78.8111428571429
78.3618571428571
79.5038571428572
80.1702857142857
79.6975714285714
80.3384285714286
81.4828571428571
80.5951428571429
80.5058571428572
80.0862857142857
79.3068571428572
79.4164285714286
80.1888571428571
82.3421428571429
82.4964285714286
80.4051428571429
80.8042857142857
81.486
82.7577142857143
80.4891428571429
80.8068571428571
81.9055714285714
81.7757142857143
82.0188571428572
80.3987142857143
78.7027142857143
82.2805714285714
80.9017142857143
80.9661428571429
79.987
82.3954285714286
83.436
82.636
82.6517142857143
81.4061428571429
79.4418571428571
81.3931428571429
82.1711428571429
84.8802857142857
80.1952857142857
82.214
82.9308571428571
82.047
81.947
82.5472857142857
83.234
83.2748571428571
83.7188571428571
82.5805714285714
81.3157142857143
83.7755714285714
82.1237142857143
81.1817142857143
82.9424285714286
81.609
81.4848571428572
80.6917142857143
78.8157142857143
82.2557142857143
84.3344285714286
87.4795714285714
86.0667142857143
84.3162857142857
85.5377142857143
83.7345714285714
83.511
83.8527142857143
82.1647142857143
80.4775714285714
81.6132857142857
81.4248571428571
80.7535714285714
81.2498571428571
81.6607142857143
80.8417142857143
82.0288571428571
81.8167142857143
80.946
83.2674285714286
81.8395714285714
80.8377142857143
84.688
82.9248571428571
79.3088571428571
83.7081428571429
82.0554285714286
83.2932857142857
84.4792857142857
82.0585714285714
81.0857142857143
82.7825714285714
82.8474285714286
79.8574285714286
81.3434285714286
82.6574285714286
83.5115714285714
81.1802857142857
82.9312857142857
82.5861428571429
82.983
82.2524285714286
80.9402857142857
81.9211428571429
83.7874285714286
82.1592857142857
83.4404285714286
83.4345714285714
83.365
83.4091428571429
82.3177142857143
81.7385714285714
83.794
81.1097142857143
81.9084285714286
81.9244285714286
84.182
84.3247142857143
82.3055714285714
81.1755714285714
81.3934285714286
82.0154285714286
84.4781428571429
83.0712857142857
83.6478571428571
80.4798571428572
84.0381428571429
81.7412857142857
81.8034285714286
82.521
84.0954285714286
83.0521428571429
84.2257142857143
84.8051428571429
85.2665714285714
85.7681428571429
85.9078571428572
86.5295714285714
87.0715714285714
87.615
87.1445714285714
86.4474285714286
86.8088571428571
86.56
86.2305714285714
86.143
85.9748571428571
85.4855714285714
85.7181428571429
85.0298571428571
85.0488571428571
85.1581428571429
85.3471428571429
85.5764285714286
83.254
83.1915714285714
82.9241428571429
83.2031428571429
82.4675714285714
82.5131428571429
82.9592857142857
82.7918571428572
83.172
83.6717142857143
83.579
84.0814285714286
83.5427142857143
83.9118571428572
83.5705714285714
83.7022857142857
83.9071428571429
83.6895714285714
84.1431428571429
84.9948571428572
84.7744285714286
84.8561428571429
85.257
85.4585714285714
85.7401428571429
85.7398571428571
86.107
86.5544285714286
86.5975714285714
86.7618571428572
87.0077142857143
86.8227142857143
86.9174285714286
87.297
86.9842857142857
86.7532857142857
86.747
87.1511428571429
87.2288571428572
87.1432857142857
87.3435714285714
87.5441428571429
87.581
87.5768571428572
87.5725714285714
87.6091428571429
88.1541428571429
88.5905714285714
89.862
89.9651428571429
90.3592857142857
90.3994285714286
89.9464285714286
89.6201428571429
89.6282857142857
89.3431428571429
89.217
89.4351428571429
89.3612857142857
89.6205714285714
89.5051428571429
89.1118571428571
88.1567142857143
87.2877142857143
86.2198571428572
85.7195714285714
85.4344285714286
85.3191428571429
84.6471428571429
84.4901428571429
83.8608571428571
84.4454285714286
85.3484285714286
86.2135714285714
86.5912857142857
87.7015714285714
87.2842857142857
87.2801428571429
86.7854285714286
86.4954285714286
86.2865714285714
85.8015714285714
85.6017142857143
85.3215714285714
85.1224285714286
84.9231428571429
84.8258571428572
84.6538571428571
84.5622857142857
84.2711428571429
84.6587142857143
84.3678571428571
84.4755714285714
84.3045714285714
84.4518571428572
84.0422857142857
84.933
85.5291428571429
85.5978571428572
86.7631428571429
87.5655714285714
86.2235714285714
85.0194285714286
84.0508571428572
82.1411428571429
81.3995714285714
81.622
81.8981428571429
82.0974285714286
82.4131428571429
82.8058571428571
82.4224285714286
83.0495714285714
83.8351428571429
83.643
83.4484285714286
84.7175714285714
85.6991428571429
87.1285714285714
87.8674285714286
88.7678571428572
88.3118571428571
87.6784285714286
87.2101428571429
86.9855714285714
86.2717142857143
86.0618571428571
85.6551428571429
85.0895714285714
84.8834285714286
84.5172857142857
84.844
84.1938571428571
84.1375714285714
84.5558571428571
84.2627142857143
84.2982857142857
84.5302857142857
84.0905714285714
84.0465714285714
84.081
84.0762857142857
84.15
83.8697142857143
83.7465714285714
84.1354285714286
84.0511428571429
83.7708571428572
83.5698571428571
83.9181428571429
84.0301428571429
83.7005714285714
84.1444285714286
84.2615714285714
84.1042857142857
83.9858571428572
84.0225714285714
84.0581428571429
84.2112857142857
84.2068571428571
83.8101428571429
84.8891428571429
85.0365714285714
85.2622857142857
85.766
85.7902857142857
84.992
84.6298571428571
84.0272857142857
82.8412857142857
82.662
83.3664285714286
84.1228571428572
84.645
85.402
86.1602857142857
86.4171428571429
87.0612857142857
86.8608571428571
87.2235714285714
87.4657142857143
87.4765714285714
87.4834285714286
86.8164285714286
86.4738571428572
86.2917142857143
86.5574285714286
86.6845714285714
87.0272857142857
86.9808571428571
86.7335714285714
86.6472857142857
86.9225714285714
86.8758571428571
87.5131428571429
87.0498571428571
87.6038571428572
87.9572857142857
88.8404285714286
88.7417142857143
89.4221428571429
89.367
89.4622857142857
89.6065714285714
89.8182857142857
89.6234285714286
89.4674285714286
89.8054285714286
89.8528571428571
89.3212857142857
89.6582857142857
89.3175714285714
88.553
88.6082857142857
88.0904285714286
87.1695714285714
88.1971428571429
88.9344285714286
89.2225714285714
89.757
90.126
90.4765714285714
90.4871428571429
90.7891428571429
91.1755714285714
91.6881428571429
91.5481428571428
91.5304285714286
92.2724285714286
92.212
92.4901428571429
92.4288571428571
92.3244285714286
93.1567142857143
93.052
93.2458571428571
93.2821428571429
93.4447142857143
93.8211428571429
93.426
93.5028571428572
93.794
93.785
93.9044285714286
94.2824285714286
93.9717142857143
93.7761428571429
93.9565714285714
93.4074285714286
93.4151428571429
92.7828571428571
93.3168571428571
94.6064285714286
94.7367142857143
95.3421428571429
95.3381428571429
94.5574285714286
94.6604285714286
94.0695714285714
93.5232857142857
93.6198571428572
93.9105714285714
94.2681428571429
94.0221428571429
94.5518571428572
94.7358571428572
94.9211428571429
95.3691428571429
96.0368571428572
95.9598571428571
96.497
95.7988571428572
95.4078571428572
94.106
93.9645714285714
92.7125714285714
92.2732857142857
91.6772857142857
91.1658571428571
90.9041428571429
90.2274285714286
91.5451428571428
93.0997142857143
93.929
95.4854285714286
97.3581428571429
97.0085714285714
97.2261428571429
96.648
96.8648571428572
96.9051428571429
97.209
96.5
96.3635714285714
96.4914285714286
96.0921428571429
95.8684285714286
96.0832857142857
96.1225714285714
95.7681428571429
96.2874285714286
95.9094285714286
96.7695714285714
96.8407142857143
96.9551428571429
97.2895714285714
97.2264285714286
97.6501428571429
97.9855714285714
98.0534285714286
98.21
98.0131428571429
97.8401428571429
97.4444285714286
97.182
97.1838571428571
96.62
96.3624285714286
95.9735714285714
95.6718571428571
95.4565714285714
95.422
94.4824285714286
94.1041428571429
94.3672857142857
93.5192857142857
93.8992857142857
94.2627142857143
94.7117142857143
94.9885714285714
95.4385714285714
96.0874285714286
96.1688571428571
96.905
96.6784285714286
96.6685714285714
97.2748571428571
97.3425714285714
97.0571428571429
97.0365714285714
97.1481428571429
97.1751428571429
96.634
95.9628571428572
96.0808571428572
95.9794285714286
95.8314285714286
96.1297142857143
95.9478571428571
96.2378571428572
96.37
96.0084285714286
95.2358571428571
95.1545714285714
94.4252857142857
93.5308571428571
94.0591428571429
94.6651428571429
94.9715714285714
95.4495714285714
96.0152857142857
96.0805714285714
96.0432857142857
95.8752857142857
96.2298571428572
96.3231428571429
96.4911428571429
96.2314285714286
97.1548571428571
97.2882857142857
97.6418571428571
97.3645714285714
97.5595714285714
96.6947142857143
97.5075714285714
97.3937142857143
96.8725714285714
96.3898571428571
96.6952857142857
95.7765714285714
95.9922857142857
96.0625714285714
97.1185714285714
96.8594285714286
97.1698571428572
98.0564285714286
98.0851428571429
97.7388571428571
97.57
97.0481428571429
97.5842857142857
97.1195714285714
96.9027142857143
96.9934285714286
96.5578571428572
96.1225714285714
97.0071428571429
97.1118571428572
97.238
97.9887142857143
97.5998571428572
97.8767142857143
98.2382857142857
97.4945714285714
97.8125714285714
97.6878571428572
98.0164285714286
97.3238571428572
97.3838571428572
97.0461428571429
97.4598571428572
97.3311428571429
96.5331428571429
96.1555714285714
96.3908571428572
96.3187142857143
96.5708571428571
96.0014285714286
96.2604285714286
95.7354285714286
95.5591428571429
95.9697142857143
95.3771428571429
95.3932857142857
95.6264285714286
95.3818571428572
95.2662857142857
95.069
95.521
95.4535714285714
95.6028571428571
95.5594285714286
95.1078571428572
95.141
95.0874285714286
95.1202857142857
94.8911428571429
95.0507142857143
94.5625714285714
94.3338571428571
95.0962857142857
94.7645714285714
94.6217142857143
94.608
95.1108571428572
94.4511428571429
95.866
96.1398571428572
96.978
98.3511428571429
99.1941428571429
98.2765714285714
98.3532857142857
97.7581428571429
97.5661428571429
97.7294285714286
97.2788571428572
97.1772857142857
96.8978571428572
96.3551428571429
96.3807142857143
97.1768571428571
97.7054285714286
98.5424285714286
99.6951428571429
100.13
100.392
99.809
100.041
100.136
99.8254285714286
99.3792857142857
99.4298571428571
99.39
99.4851428571429
99.4901428571429
97.9318571428572
97.861
97.701
97.9381428571429
97.8648571428571
97.9614285714286
98.6591428571429
99.2247142857143
99.3398571428571
100.312
99.857
99.7355714285714
99.1394285714286
99.4827142857143
98.6641428571428
99.0637142857143
99.1268571428571
99.1925714285714
98.7142857142857
99.0272857142857
99.2714285714286
98.8514285714286
98.7782857142857
99.2731428571429
99.4701428571429
99.1362857142857
98.4241428571429
98.4928571428571
97.7508571428572
97.1181428571429
97.6774285714286
97.6598571428572
97.0738571428572
97.6825714285714
97.6504285714286
97.5458571428571
97.1062857142857
96.9421428571429
97.886
97.2131428571429
98.0108571428572
99.5344285714286
100.796
101.884
102.406
102.38
102.07
101.029
101.222
100.912
101.147
100.349
99.9797142857143
100.196
99.8271428571429
99.8758571428571
100.295
99.5011428571429
99.6951428571429
99.7092857142857
100.865
100.951
101.261
102.076
102.385
102.853
102.755
102.518
102.189
101.492
101.516
101.953
101.654
101.311
101.197
101.967
102.16
103.019
103.767
104.664
104.009
104.422
104.964
104.823
104.858
104.677
104.135
103.03
102.444
102.597
101.566
101.903
102.52
102.394
102.453
102.325
102.473
102.482
102.444
102.547
101.624
101.428
101.044
100.477
100.001
100.488
100.684
100.787
101.505
101.917
101.334
101.231
100.345
99.965
98.8565714285714
98.7658571428571
98.6882857142857
98.2484285714286
98.0347142857143
97.5511428571428
97.7145714285714
97.8032857142857
97.9824285714286
98.3428571428572
97.8412857142857
97.7558571428572
98.016
97.6881428571429
97.6298571428572
97.0331428571428
97.3057142857143
97.691
97.7155714285714
98.5521428571429
98.4805714285714
98.2458571428571
98.3265714285714
97.8292857142857
97.7421428571429
97.3371428571429
97.325
96.8632857142857
96.8988571428572
97.2957142857143
97.1052857142857
96.2857142857143
96.1417142857143
96.4911428571429
96.5988571428572
96.1555714285714
95.6947142857143
95.4594285714286
95.1351428571429
95.7921428571429
95.0675714285714
94.78
94.261
93.6107142857143
93.7078571428572
92.8847142857143
92.5865714285714
92.2011428571429
91.6435714285714
91.3018571428571
90.9171428571429
90.4237142857143
90.385
90.134
89.7137142857143
88.9175714285714
89.2997142857143
88.7975714285714
88.5488571428571
88.3422857142857
88.1361428571429
88.0777142857143
88.7434285714286
88.4031428571429
88.7342857142857
89.2621428571429
88.6067142857143
87.8818571428571
87.7857142857143
87.2312857142857
86.8442857142857
86.4994285714286
86.41
86.0141428571429
85.873
85.4054285714286
85.0711428571429
85.3122857142857
85.0661428571429
84.4984285714286
84.3338571428572
84.4611428571429
84.2817142857143
84.198
84.3834285714286
84.5615714285714
83.6031428571429
82.6962857142857
81.5541428571429
80.5701428571429
79.8128571428571
79.4872857142857
79.537
79.7105714285714
79.5745714285714
79.7818571428571
80.7102857142857
80.2725714285714
80.1905714285714
79.9684285714286
79.6694285714286
77.5812857142857
77.7967142857143
78.3844285714286
78.4492857142857
79.2272857142857
78.2201428571429
77.3068571428572
76.5748571428572
75.6931428571429
74.4544285714286
74.6244285714286
74.5824285714286
74.5758571428571
74.6404285714286
74.8478571428572
74.8065714285714
74.9675714285714
74.8075714285714
74.5761428571429
75.0578571428571
75.04
74.8084285714286
75.0404285714286
74.8088571428571
74.6842857142857
74.5168571428571
74.746
74.7258571428572
74.955
74.9344285714286
75.1638571428571
75.2005714285714
75.2097142857143
75.5051428571429
75.6924285714286
75.6567142857143
75.3614285714286
74.4602857142857
73.7407142857143
73.5144285714286
73.6408571428571
74.1168571428571
74.8062857142857
75.3557142857143
75.5474285714286
75.6425714285714
75.6251428571429
75.8235714285714
75.6618571428571
75.7525714285714
75.9361428571429
75.6605714285714
75.9988571428571
76.1205714285714
76.2782857142857
75.5698571428571
75.7237142857143
75.5532857142857
75.3468571428571
75.5011428571429
76.0147142857143
75.6997142857143
75.5654285714286
75.5747142857143
75.6921428571429
75.6164285714286
76.5858571428572
75.5438571428571
75.7952857142857
75.6875714285714
75.8308571428572
75.5792857142857
75.4355714285714
75.4
75.3644285714286
75.6984285714286
75.8545714285714
76.4091428571429
76.9291428571429
77.1948571428571
75.7142857142857
76.4285714285714
74.6198571428571
75.8351428571429
75.0908571428571
74.3868571428571
74.0881428571429
75.1261428571429
74.3135714285714
74.4041428571429
75.2887142857143
73.1247142857143
74.4971428571429
74.9305714285714
75.1805714285714
72.8421428571429
73.983
72.8824285714286
71.9407142857143
73.0438571428571
76.4645714285714
75.1284285714286
74.0382857142857
74.2145714285714
75.006
74.867
77.652
74.9795714285714
75.8501428571429
75.487
76.341
74.3505714285714
73.4662857142857
73.0615714285714
72.9884285714286
73.765
73.1385714285714
74.9554285714286
76.8387142857143
76.7008571428571
74.7915714285714
76.2262857142857
76.904
75.0608571428571
74.4841428571429
74.1732857142857
74.9262857142857
75.3247142857143
74.5232857142857
74.5205714285714
74.4351428571429
74.4005714285714
75.4732857142857
76.5241428571429
76.9237142857143
76.4575714285714
77.7584285714286
77.4898571428571
77.7721428571429
77.898
77.5297142857143
77.5087142857143
76.6757142857143
76.2912857142857
76.7592857142857
76.37
76.5711428571429
75.9582857142857
75.7835714285714
76.6857142857143
76.7427142857143
75.722
77.1044285714286
76.0115714285714
75.9144285714286
75.892
75.6198571428571
75.3791428571429
75.83
76.3912857142857
76.1511428571429
76.4878571428572
77.1218571428572
76.5882857142857
74.9262857142857
75.8122857142857
75.3757142857143
75.2992857142857
74.548
73.7124285714286
75.2674285714286
75.3601428571429
75.369
74.603
73.1778571428571
72.2392857142857
72.9487142857143
74.8275714285714
74.307
73.6778571428571
72.7847142857143
71.8402857142857
72.4824285714286
72.8628571428571
72.1475714285714
72.5097142857143
73.5678571428572
73.5908571428571
72.0332857142857
73.5325714285714
73.9632857142857
73.4094285714286
72.4787142857143
70.2864285714286
69.6508571428571
69.953
72.4492857142857
72.4868571428571
70.8591428571429
73.0941428571429
72.5925714285714
72.842
73.2331428571429
71.0085714285714
72.233
74.0561428571429
73.7785714285714
73.7228571428572
73.2644285714286
72.1947142857143
72.34
72.0071428571429
70.5962857142857
72.329
74.6774285714286
75.1042857142857
75.9272857142857
76.6602857142857
79.6351428571429
79.013
80.5495714285714
78.4838571428571
76.5878571428571
77.3227142857143
77.7241428571429
76.7774285714286
76.5604285714286
77.4327142857143
76.4472857142857
77.1554285714286
77.576
76.0142857142857
75.8607142857143
76.0698571428571
75.1427142857143
74.8034285714286
74.7318571428572
74.4042857142857
74.9242857142857
72.2757142857143
72.9775714285714
74.7201428571429
76.899
77.6481428571429
76.5301428571429
78.3394285714286
78.7435714285714
79.1465714285714
79.2468571428572
78.9835714285714
78.8077142857143
79.155
76.0988571428571
77.0322857142857
77.9064285714286
77.8634285714286
77.8974285714286
76.881
77.0707142857143
74.6684285714286
73.5931428571429
75.9688571428571
77.2214285714286
73.9218571428571
73.0647142857143
72.5222857142857
71.1584285714286
71.8652857142857
73.5467142857143
73.4552857142857
73.0698571428571
73.3544285714286
74.0802857142857
72.3888571428571
72.9904285714286
73.366
74.3062857142857
74.942
73.5508571428571
73.5732857142857
74.223
74.6708571428571
72.984
72.634
74.0417142857143
75.375
74.0497142857143
73.7852857142857
73.0235714285714
75.2064285714286
76.0941428571429
76.0075714285714
76.0237142857143
76.48
77.4625714285714
75.1722857142857
76.4705714285714
77.0782857142857
79.0905714285714
78.1405714285714
79.8202857142857
80.5634285714286
78.3952857142857
77.4735714285714
78.5494285714286
78.5372857142857
75.6092857142857
74.9698571428572
77.6075714285714
78.7701428571429
78.7931428571429
78.1967142857143
76.2678571428572
75.8537142857143
76.0464285714286
78.307
78.2307142857143
75.0177142857143
75.5408571428571
74.867
74.935
75.6862857142857
75.814
75.0334285714286
74.8968571428571
74.2667142857143
73.8242857142857
74.2672857142857
74.1712857142857
75.322
76.7988571428571
77.8352857142857
79.04
79.3887142857143
79.293
80.4134285714286
78.9592857142857
79.4034285714286
77.274
77.9297142857143
76.4181428571429
77.2505714285714
75.981
74.691
74.6961428571429
75.5952857142857
74.835
75.1661428571429
73.9467142857143
73.4967142857143
73.3135714285714
74.0844285714286
74.5364285714286
74.6422857142857
74.3668571428572
74.5045714285714
74.7415714285714
75.7528571428572
74.8981428571429
76.0247142857143
75.2071428571429
73.8611428571429
75.4465714285714
75.7185714285714
74.8174285714286
74.1517142857143
72.3404285714286
71.9444285714286
72.1455714285714
73.1151428571429
73.017
72.504
73.234
73.8995714285714
74.1238571428571
76.1315714285714
77.6717142857143
79.8397142857143
79.5492857142857
77.9648571428572
79.0901428571429
78.2785714285714
75.0435714285714
78.9391428571429
80.6277142857143
81.4298571428571
79.6062857142857
80.3478571428572
78.9374285714286
78.3934285714286
78.7007142857143
78.943
77.3851428571429
77.2771428571429
76.3321428571429
74.7408571428572
73.9547142857143
74.1554285714286
72.4347142857143
73.1074285714286
74.1445714285714
76.7155714285714
73.1617142857143
73.9224285714286
75.5478571428571
73.6465714285714
72.9128571428571
72.7842857142857
73.4818571428572
73.6028571428571
73.4708571428571
72.789
72.1748571428571
73.1021428571429
72.3835714285714
71.7124285714286
72.7501428571429
71.5801428571429
72.096
74.2438571428572
73.3034285714286
73.3785714285714
72.5008571428571
72.489
72.3295714285714
72.462
71.3812857142857
73.244
71.4405714285714
71.3102857142857
72.1314285714286
73.4062857142857
73.1425714285714
73.3135714285714
72.6624285714286
71.9271428571429
72.637
72.662
71.6878571428571
72.8345714285714
73.6647142857143
74.9352857142857
74.663
73.139
73.4715714285714
73.6592857142857
73.9018571428571
74.6661428571429
74.819
75.05
75.1605714285714
75.6085714285714
77.2504285714286
77.5748571428571
77.1984285714286
77.7735714285714
77.8958571428571
79.8361428571429
80.6431428571429
80.126
81.5685714285714
82.1381428571429
83.6151428571429
85.1651428571429
84.1697142857143
83.3144285714286
80.3938571428571
80.3414285714286
80.5847142857143
78.9321428571429
78.6234285714286
78.9724285714286
78.2474285714286
78.8017142857143
80.4704285714286
79.269
78.4185714285714
77.5995714285714
77.9965714285714
78.5402857142857
77.9641428571429
76.5887142857143
77.449
77.9637142857143
76.9151428571429
74.1985714285714
74.137
76.468
74.1992857142857
76.813
76.2292857142857
76.0302857142857
77.3384285714286
77.1961428571429
78.5058571428571
76.8935714285714
80.2804285714286
80.5471428571429
82.1654285714286
82.2998571428571
82.6465714285714
82.6118571428571
78.0178571428571
79.3278571428571
77.5272857142857
78.7014285714286
79.126
80.4462857142857
77.602
75.4177142857143
77.4832857142857
77.0784285714286
76.8505714285714
76.59
78.2885714285714
75.695
78.9831428571429
76.8178571428572
78.1815714285714
78.2665714285714
78.7577142857143
79.5067142857143
77.7862857142857
79.4908571428572
81.1917142857143
81.0802857142857
80.8278571428572
81.1868571428571
80.7491428571429
81.7471428571429
81.8817142857143
81.0588571428571
81.4454285714286
82.3292857142857
83.5322857142857
81.5408571428571
82.0321428571429
81.7595714285714
82.4024285714286
81.7708571428572
82.4177142857143
83.3928571428572
83.9011428571429
84.1764285714286
84.8078571428571
85.6775714285714
85.1201428571429
84.7801428571429
84.7822857142857
86.297
86.8074285714286
86.0301428571429
86.47
86.7032857142857
87.3275714285714
88.3025714285714
86.5748571428572
84.992
87.2787142857143
87.0881428571429
89.6082857142857
89.1161428571429
87.6412857142857
86.6488571428572
87.5167142857143
88.3075714285714
88.0705714285714
87.9688571428571
88.4301428571429
87.6795714285714
88.1834285714286
87.5558571428571
86.954
88.1541428571429
89.993
89.151
88.366
89.095
87.5435714285714
86.9698571428572
87.4364285714286
87.4062857142857
87.6445714285714
89.2294285714286
88.1487142857143
88.1918571428571
87.9201428571429
89.0198571428571
87.3021428571429
86.3851428571429
88.3684285714286
89.2288571428572
89.4681428571429
87.7474285714286
86.1124285714286
86.0672857142857
85.3775714285714
85.9697142857143
83.5958571428571
84.0382857142857
84.2154285714286
85.142
83.7412857142857
82.3722857142857
82.997
83.8381428571429
81.203
80.8114285714286
81.6627142857143
81.3392857142857
80.8584285714286
82.2931428571429
81.0447142857143
81.1864285714286
81.9728571428572
81.6154285714286
80.3344285714286
81.4882857142857
82.584
82.3382857142857
83.4894285714286
84.2517142857143
82.4747142857143
82.0664285714286
83.5058571428571
84.7958571428572
84.647
84.6695714285714
84.582
84.7184285714286
86.4304285714286
83.3902857142857
85.6475714285714
85.4974285714286
84.5302857142857
84.2622857142857
84.8568571428572
84.9941428571429
85.5834285714286
86.607
87.635
85.5355714285714
85.101
86.3037142857143
83.6315714285714
85.6025714285714
85.9351428571429
85.7984285714286
85.4455714285714
84.9282857142857
86.0684285714286
85.8494285714286
87.6957142857143
87.8435714285714
87.5148571428571
86.6378571428572
86.7161428571429
87.275
87.6681428571429
87.0732857142857
86.7708571428572
86.5734285714286
87.5557142857143
89.027
88.4377142857143
87.6085714285714
88.551
89.4202857142857
88.3222857142857
88.3895714285714
87.8502857142857
87.6715714285714
89.3714285714286
88.4827142857143
88.877
88.8807142857143
89.2545714285714
89.7234285714286
89.7825714285714
89.3917142857143
92.0114285714286
91.2271428571429
90.012
90.5485714285714
90.6378571428571
89.9141428571429
89.346
87.7554285714286
88.4418571428571
90.4612857142857
91.2104285714286
89.5055714285714
87.8847142857143
91.1382857142857
90.5545714285714
88.789
88.7134285714286
87.5458571428571
90.2021428571429
88.0257142857143
88.8625714285714
89.5001428571429
89.057
89.6594285714286
87.2122857142857
88.2554285714286
87.2604285714286
87.576
89.0962857142857
89.4931428571429
89.2387142857143
88.988
88.1967142857143
89.1901428571429
90.1231428571429
88.1167142857143
89.1122857142857
89.2251428571429
88.1475714285714
87.1447142857143
86.5391428571429
89.1932857142857
90.6847142857143
89.645
88.4804285714286
88.1167142857143
89.2188571428571
87.8831428571429
89.1211428571429
89.6215714285714
89.3348571428571
89.5725714285714
89.9145714285714
89.7402857142857
90.7534285714286
91.6144285714286
91.4311428571429
91.4317142857143
90.2954285714286
90.2032857142857
90.88
88.8245714285714
88.9987142857143
88.4011428571429
88.645
88.2795714285714
87.4488571428572
86.4971428571429
86.9857142857143
87.2011428571429
87.3665714285714
87.0681428571429
84.9177142857143
84.8598571428572
84.0255714285714
83.9327142857143
83.8107142857143
83.4297142857143
84.8151428571429
83.7222857142857
82.0517142857143
82.3644285714286
83.2232857142857
80.7965714285714
79.4671428571429
81.522
80.7828571428572
80.254
81.1234285714286
81.412
82.197
80.6075714285714
79.9324285714286
81.1028571428571
81.2302857142857
78.6802857142857
78.9625714285714
78.6264285714286
79.2898571428571
78.1404285714286
77.327
77.2937142857143
76.9682857142857
76.9867142857143
76.6581428571429
75.2511428571429
75.9002857142857
71.8807142857143
72.6512857142857
75.4778571428571
76.2408571428572
74.805
73.6405714285714
73.3218571428571
73.4565714285714
73.0885714285714
72.065
73.4038571428571
72.222
73.771
72.2172857142857
72.4964285714286
72.3818571428571
73.7628571428571
72.6261428571429
73.8594285714286
74.2138571428572
74.8951428571429
75.1047142857143
74.3968571428572
76.641
77.743
78.2035714285714
79.041
80.3317142857143
82.3247142857143
81.1698571428572
79.4838571428571
79.0101428571429
78.4008571428571
79.4991428571429
78.4957142857143
78.1832857142857
75.6874285714286
75.0974285714286
74.7854285714286
75.6928571428572
74.0247142857143
73.1474285714286
73.2785714285714
73.0467142857143
73.3938571428571
73.6454285714286
75.0655714285714
75.6678571428571
78.797
78.414
81.4714285714286
76.4958571428571
77.4832857142857
77.2938571428571
74.3
74.2062857142857
74.492
74.518
74.7767142857143
75.6571428571429
76.2594285714286
76.7154285714286
77.0192857142857
78.2272857142857
78.717
79.5582857142857
78.4912857142857
78.2332857142857
78.126
78.0334285714286
78.6035714285714
78.3881428571429
78.6997142857143
78.8385714285714
79.9542857142857
80.982
80.607
81.087
81.4437142857143
81.0175714285714
80.8414285714286
80.8917142857143
80.957
81.679
81.8495714285714
84.5627142857143
83.3674285714286
84.4504285714286
84.4695714285714
84.2578571428571
84.846
83.015
83.908
84.5597142857143
85.941
87.598
85.4604285714286
86.2621428571429
85.9362857142857
87.3608571428571
86.063
86.885
85.7761428571429
85.1637142857143
86.337
86.7764285714286
87.549
85.7852857142857
85.7511428571429
86.2741428571429
87.6158571428572
87.9784285714286
87.014
85.7924285714286
87.1187142857143
87.2975714285714
87.9515714285714
87.307
88.1635714285714
88.848
88.7858571428572
87.9811428571429
86.9162857142857
88.2147142857143
88.2952857142857
86.7425714285714
86.5228571428571
87.3595714285714
88.2988571428571
91.103
90.9137142857143
89.6071428571429
90.2732857142857
90.919
91.2478571428571
91.3645714285714
90.6448571428571
90.6732857142857
91.7701428571429
92.9581428571429
92.3381428571429
92.3205714285714
93.7281428571429
94.5927142857143
94.9655714285714
95.034
96.7748571428572
94.2488571428571
97.1548571428571
95.7482857142857
98.0307142857143
100.408142857143
101.302857142857
100.696
100.044
101.352571428571
100.422714285714
100.486857142857
101.950571428571
101.011
101.203428571429
100.191571428571
99.8637142857143
99.9884285714286
98.7194285714286
99.678
100.182
99.2854285714286
98.0345714285714
96.9678571428571
96.5788571428571
96.4024285714286
97.8447142857143
98.0872857142857
98.0355714285714
96.4032857142857
94.9727142857143
94.658
93.2445714285714
91.1241428571429
89.2497142857143
89.5431428571429
90.3792857142857
88.9277142857143
88.6308571428572
87.316
87.6775714285714
86.6737142857143
86.2391428571429
85.343
84.2547142857143
84.9021428571429
83.1131428571429
83.0264285714286
82.3081428571429
80.67
79.8355714285714
78.2591428571429
75.7048571428572
77.1624285714286
77.4697142857143
77.8451428571429
79.6481428571429
79.6655714285714
79.49
79.2464285714286
80.6137142857143
80.7238571428572
79.9678571428571
79.637
80.0014285714286
78.7448571428571
78.7714285714286
79.051
77.6134285714286
77.4634285714286
76.1368571428572
76.3944285714286
74.8044285714286
76.3414285714286
75.8804285714286
75.1774285714286
75.9957142857143
76.0628571428571
76.7242857142857
76.7718571428571
75.3575714285714
73.5334285714286
73.343
74.0232857142857
74.27
74.2495714285714
75.3342857142857
74.1327142857143
74.6101428571429
73.4341428571429
74.053
75.5315714285714
75.8542857142857
76.1528571428571
76.277
74.5124285714286
74.2802857142857
75.2805714285714
75.907
74.9881428571429
74.9662857142857
74.6228571428571
72.7887142857143
74.7568571428571
75.4648571428572
76.2372857142857
77.0092857142857
76.8344285714286
75.9527142857143
77.0475714285714
76.2061428571429
75.0504285714286
76.7007142857143
77.1801428571429
77.1281428571429
77.966
78.9064285714286
79.1081428571429
76.989
76.5275714285714
76.1917142857143
74.098
75.616
76.5288571428571
76.4637142857143
75.1312857142857
73.8855714285714
74.3634285714286
74.6068571428572
76.8774285714286
77.227
77.0575714285714
76.4317142857143
75.0295714285714
73.9341428571429
74.79
76.0218571428571
76.0034285714286
75.128
77.3348571428571
75.1478571428571
77.1604285714286
79.3642857142857
79.6018571428571
79.4042857142857
77.9278571428571
78.4484285714286
77.4615714285714
76.9511428571429
77.7715714285714
77.4178571428571
76.3682857142857
76.2025714285714
76.557
76.4038571428571
74.9334285714286
74.3674285714286
72.5311428571429
72.8102857142857
74.0818571428571
75.5888571428572
73.9114285714286
73.1031428571429
72.7991428571429
72.6837142857143
74.0634285714286
73.6028571428571
73.6472857142857
73.4492857142857
73.1158571428572
72.7518571428571
72.8522857142857
72.1884285714286
72.581
72.6437142857143
72.3608571428571
73.5747142857143
73.062
71.4537142857143
71.3265714285714
71.8484285714286
71.4915714285714
71.202
71.3551428571429
71.2282857142857
71.5097142857143
71.4505714285714
71.187
71.8378571428571
71.6674285714286
71.7291428571429
71.7015714285714
71.729
72.6565714285714
72.2494285714286
72.6667142857143
72.181
71.8077142857143
73.2607142857143
74.4548571428572
74.0465714285714
72.9357142857143
71.9365714285714
72.7877142857143
72.1934285714286
70.9807142857143
72.1354285714286
74.145
74.7331428571429
73.9
73.0855714285714
71.3097142857143
72.8911428571429
73.9034285714286
72.8195714285714
73.046
73.576
74.589
76.0922857142857
77.0898571428571
78.4
79.1077142857143
76.7254285714286
76.3301428571429
76.673
75.2714285714286
74.5657142857143
75.819
76.6342857142857
76.8361428571429
77.2271428571429
77.4694285714286
77.7428571428571
78.068
78.3324285714286
78.8131428571429
78.9621428571429
79.361
78.93
78.5065714285714
79.2005714285714
79.6152857142857
79.412
79.3928571428572
79.6312857142857
78.603
78.7062857142857
80.3868571428572
80.2245714285714
80.012
80.1091428571429
81.0021428571429
81.2161428571429
81.1791428571429
80.3441428571429
80.8897142857143
81.071
80.3532857142857
81.0482857142857
81.7511428571429
81.8341428571429
81.9995714285714
82.8094285714286
82.348
81.9195714285714
81.8577142857143
81.8137142857143
82.0707142857143
81.4321428571429
81.5661428571429
81.8844285714286
81.909
83.0498571428571
84.1971428571429
84.8542857142857
85.104
83.8675714285714
83.1505714285714
83.6294285714286
82.1301428571429
81.6422857142857
80.8264285714286
79.3008571428571
79.528
80.5207142857143
79.381
77.9938571428572
78.2388571428572
78.3685714285714
78.5547142857143
77.9962857142857
76.4344285714286
75.3027142857143
75.1115714285714
76.069
77.6878571428572
75.9077142857143
75.096
73.9418571428571
75.0975714285714
76.154
76.196
77.4802857142857
78.8021428571429
82.1097142857143
80.2547142857143
79.6591428571429
78.1872857142857
77.2152857142857
76.4582857142857
75.4687142857143
74.0394285714286
75.5288571428571
74.6302857142857
75.3145714285714
76.4597142857143
77.2185714285714
77.5638571428571
77.9708571428571
77.8872857142857
77.597
78.4365714285714
79.3454285714286
79.8802857142857
81.1354285714286
80.5834285714286
78.7814285714286
77.9074285714286
76.6538571428571
75.1704285714286
75.7685714285714
76.2488571428571
76.3124285714286
77.7672857142857
78.853
78.1818571428571
78.2637142857143
79.1574285714286
80.2748571428571
80.4184285714286
80.1517142857143
80.8418571428572
80.8977142857143
80.7781428571429
80.8358571428572
81.3498571428571
80.8721428571429
81.9451428571429
83.8621428571429
83.6222857142857
82.6674285714286
80.3581428571429
80.6315714285714
80.168
81.016
79.1292857142857
76.1702857142857
74.9308571428571
76.0832857142857
79.1952857142857
79.2352857142857
79.1927142857143
79.4658571428571
79.3201428571429
79.6212857142857
79.5494285714286
79.4414285714286
79.8918571428571
79.9317142857143
79.8228571428571
80.236
80.8762857142857
82.1458571428572
82.6918571428572
83.6981428571429
84.6671428571429
85.3995714285714
86.4502857142857
87.504
87.4345714285714
86.7001428571429
86.339
86.6601428571429
86.2562857142857
86.172
86.0852857142857
85.9055714285714
85.3551428571429
85.2501428571429
85.2651428571429
85.2007142857143
85.1764285714286
85.0731428571429
85.1288571428572
85.0658571428572
85.4387142857143
85.5915714285714
85.6248571428571
85.778
85.6897142857143
86.2462857142857
86.6012857142857
86.8752857142857
87.109
87.3834285714286
87.8215714285714
88.1781428571429
88.2467142857143
88.8928571428572
89.2498571428572
89.6071428571429
88.9045714285714
88.6248571428572
87.6057142857143
87.1168571428571
86.3838571428572
85.7704285714286
85.1947142857143
84.4995714285714
85.0665714285714
85.401
85.6555714285714
86.3461428571429
86.799
87.2924285714286
87.7454285714286
87.916
88.6942857142857
88.9441428571429
89.5621428571429
90.1814285714286
90.5531428571429
90.8415714285714
91.129
91.7095714285715
92.0805714285714
92.578
93.0758571428571
93.1671428571429
94.0301428571429
94.6155714285714
94.9855714285714
95.6591428571429
95.2534285714286
95.1598571428572
94.9797142857143
94.9725714285714
94.894
94.7487142857143
94.5472857142857
94.6612857142857
94.6238571428571
94.7158571428572
94.8295714285714
95.157
95.3315714285714
95.1568571428572
95.3398571428571
95.3942857142857
95.1045714285714
94.6461428571429
94.5772857142857
94.1791428571429
93.6898571428571
93.2984285714286
92.671
92.2078571428572
92.0681428571429
91.3968571428572
91.3131428571429
90.8064285714286
90.4254285714286
90.1657142857143
89.8441428571429
89.4678571428571
89.1024285714286
88.3998571428571
88.2368571428571
87.6885714285714
87.318
86.6804285714286
86.4048571428572
85.9981428571429
87.1345714285714
88.3878571428571
89.8705714285714
91.0507142857143
92.1592857142857
93.7188571428571
94.8914285714286
96.1484285714286
95.8518571428571
95.4918571428572
95.147
94.2582857142857
93.7118571428571
93.4141428571429
92.8504285714286
92.4104285714286
92.9187142857143
93.2598571428571
93.5104285714286
94.0104285714286
94.42
94.8662857142857
95.795
96.2674285714286
96.4388571428571
96.9167142857143
97.0924285714286
97.7611428571429
98.2751428571429
98.3691428571429
98.5154285714286
99.2964285714286
99.4084285714286
99.6431428571429
99.7411428571429
100.262
100.239
100.317
100.695
100.914
100.715
100.498
100.377
100.403
100.145
100.014
100.081
99.9111428571429
99.1751428571429
98.2074285714286
97.1984285714286
96.3261428571429
95.3378571428572
94.3378571428572
93.2788571428571
92.5388571428571
91.5781428571429
90.6692857142857
89.7365714285714
88.7841428571429
87.9391428571429
86.8691428571429
85.8235714285714
84.7012857142857
83.8054285714286
83.2508571428571
82.3688571428572
81.4275714285714
80.924
80.0438571428571
79.5791428571429
78.5334285714286
78.0888571428572
77.3445714285714
76.8312857142857
76.3761428571429
75.7287142857143
75.2644285714286
74.6448571428571
73.8658571428572
74.1955714285714
74.0887142857143
74.1008571428572
74.517
74.3204285714286
74.1377142857143
74.2248571428571
74.5128571428571
75.0622857142857
74.7031428571429
74.9281428571429
74.9358571428571
74.9665714285714
74.7471428571429
74.9431428571429
74.9285714285714
74.943
75.0112857142857
75.0901428571429
75.0932857142857
75.0838571428572
75.2644285714286
75.3208571428572
75.4411428571429
75.1041428571429
75.0802857142857
74.6938571428571
74.4098571428571
74.1614285714286
73.9495714285714
73.8307142857143
73.6601428571429
74.4282857142857
75.1061428571429
75.7308571428571
76.426
77.0372857142857
77.7081428571429
78.4611428571429
79.2758571428571
78.7132857142857
78.0324285714286
77.7285714285714
76.81
76.4821428571429
75.5285714285714
75.2841428571429
74.4104285714286
73.9754285714286
73.5121428571429
72.8235714285714
71.9815714285714
71.7398571428571
71.4648571428571
70.4694285714286
69.7131428571429
69.2837142857143
68.6762857142857
67.9075714285714
67.3928571428571
67.1391428571429
66.6451428571429
66.0171428571429
65.5038571428571
66.0872857142857
66.6048571428571
67.31
68.0268571428572
68.8148571428572
69.2145714285714
69.7518571428571
70.1701428571429
70.9461428571429
71.7351428571429
72.375
73.2008571428571
73.7368571428571
74.3604285714286
75.2798571428572
75.8145714285714
75.4951428571429
75.1545714285714
74.7445714285714
74.4738571428572
74.2544285714286
74.1157142857143
73.5635714285714
73.0372857142857
72.8118571428571
72.6368571428571
72.4158571428571
71.9391428571429
71.8984285714286
71.8522857142857
71.8394285714286
71.8375714285714
71.7621428571429
71.7267142857143
71.8291428571429
71.6631428571429
71.6307142857143
71.5551428571429
71.5595714285714
71.2505714285714
71.9188571428571
72.6061428571429
73.216
73.7811428571429
74.4331428571429
75.1604285714286
75.6962857142857
76.1512857142857
76.769
77.3261428571429
78.0085714285714
78.4961428571429
79.3181428571429
79.5591428571429
79.8102857142857
80.3198571428571
80.5378571428571
80.3758571428572
80.5505714285714
80.6211428571429
80.9484285714286
81.1621428571429
81.4158571428571
81.8485714285714
81.8221428571429
81.9428571428572
82.3224285714286
82.4768571428572
83.0144285714286
83.4038571428571
83.0821428571429
83.0031428571429
83.6602857142857
84.2031428571429
85.0111428571429
85.563
86.4041428571429
86.8651428571429
87.7315714285714
88.8174285714286
87.8834285714286
87.1718571428571
86.4438571428572
85.4117142857143
84.3508571428572
83.4514285714286
82.4551428571429
81.6032857142857
81.877
82.2604285714286
82.6501428571429
82.9012857142857
83.3421428571429
83.6948571428571
84.0338571428572
84.2584285714286
84.6944285714286
84.8342857142857
85.1444285714286
85.7711428571429
86.1094285714286
86.0781428571429
86.465
86.7675714285714
87.9277142857143
89.039
90.395
91.4938571428571
92.6681428571429
93.7821428571429
95.151
96.0181428571429
96.0512857142857
95.6898571428572
95.7732857142857
96.1788571428571
96.032
96.1004285714286
95.7378571428571
95.8378571428571
95.8217142857143
95.8127142857143
95.8111428571429
95.9745714285714
96.0835714285714
95.8325714285714
95.6128571428572
95.6107142857143
95.9054285714286
95.7528571428572
95.657
95.5471428571429
95.4678571428572
95.6421428571429
95.2605714285714
95.3307142857143
95.9725714285714
96.5158571428571
97.2162857142857
97.4965714285714
98.1118571428571
98.5151428571429
99.1014285714286
99.4934285714286
99.3491428571429
99.6265714285714
99.4124285714286
99.2361428571429
99.0911428571429
99.2115714285714
98.8281428571429
99.1498571428571
99.0958571428571
99.0315714285714
98.9438571428572
98.6348571428571
98.3521428571429
98.5161428571429
98.3294285714286
98.6245714285714
98.424
98.0172857142857
98.2278571428571
97.7088571428571
97.8054285714286
97.7972857142857
97.4534285714286
97.2711428571429
97.0891428571429
97.0951428571429
97.1131428571429
97.0564285714286
96.6981428571429
96.8247142857143
96.5078571428571
96.3588571428571
96.146
95.9967142857143
95.8774285714286
95.7151428571429
95.6812857142857
95.4614285714286
95.3208571428571
95.3018571428571
94.3691428571429
93.775
93.0711428571429
92.5372857142857
91.8424285714286
91.1341428571429
90.6791428571429
90.0918571428572
89.8307142857143
89.6765714285714
89.3995714285714
88.8788571428572
88.8062857142857
88.6108571428571
88.2938571428571
88.0584285714286
88.6037142857143
88.871
89.2598571428572
89.5662857142857
90.1601428571429
90.4241428571429
90.9775714285714
91.4487142857143
91.2354285714286
91.1992857142857
91.2887142857143
91.0444285714286
90.9671428571429
90.848
90.8115714285714
90.7757142857143
90.6977142857143
90.7865714285714
90.5424285714286
90.5894285714286
90.6362857142857
90.475
90.3968571428571
90.1115714285714
90.1572857142857
90.128
90.1824285714286
90.4177142857143
90.5578571428572
90.3481428571429
90.3128571428572
90.5891428571429
90.4835714285714
90.922
91.3162857142857
91.4507142857143
91.2694285714286
90.9478571428571
90.5321428571429
90.5198571428571
90.1892857142857
89.6894285714286
89.5598571428571
89.0384285714286
88.3698571428571
87.7978571428572
87.5711428571429
86.8135714285714
85.8308571428572
84.2835714285714
82.9471428571429
81.3424285714286
79.8625714285714
78.5397142857143
77.2415714285714
75.9701428571429
75.5421428571429
75.3308571428571
74.853
74.7618571428572
74.3724285714286
74.231
73.6332857142857
73.1044285714286
72.9484285714286
72.5844285714286
72.4688571428571
72.3951428571429
72.1472857142857
71.7961428571429
71.5481428571429
71.4354285714286
71.5087142857143
71.967
72.5974285714286
73.2641428571429
73.4787142857143
74.0775714285714
74.5361428571429
74.9238571428571
75.2578571428571
76.0258571428571
76.221
76.4155714285714
76.3204285714286
76.6965714285714
76.9638571428571
77.0848571428571
76.4494285714286
76.2367142857143
75.4075714285714
74.4405714285714
73.9701428571429
73.6165714285714
72.7751428571429
72.0214285714286
71.8644285714286
71.6927142857143
71.5221428571429
71.7287142857143
71.7501428571429
71.8692857142857
72.0768571428572
72.2501428571429
72.4485714285714
72.941
73.2601428571429
73.3012857142857
73.5225714285714
73.5602857142857
73.6712857142857
73.8544285714286
74.4407142857143
75.008
75.3245714285714
76.2184285714286
77.1507142857143
77.3907142857143
78.2552857142857
79.1965714285714
80.0414285714286
81.0662857142857
81.5661428571429
81.9455714285714
82.3991428571429
82.8108571428571
83.5538571428571
84.7374285714286
84.8551428571429
84.7744285714286
84.6518571428572
84.4881428571429
83.9307142857143
83.4161428571429
82.8265714285714
82.6688571428571
82.711
82.6578571428572
82.6041428571429
82.3871428571429
82.4187142857143
82.3631428571429
82.3451428571429
82.1345714285714
82.9637142857143
83.7225714285714
84.6774285714286
85.3958571428571
86.2334285714286
87.0712857142857
87.8691428571429
88.7488571428571
89.4352857142857
89.9017142857143
90.451
91.0011428571429
91.382
92.4
92.3531428571429
92.9041428571429
92.3212857142857
91.4817142857143
90.5581428571429
89.5952857142857
88.6422857142857
87.7185714285714
86.9255714285714
86.0114285714286
85.7778571428571
85.6618571428571
85.625
85.2108571428572
85.3135714285714
85.0784285714286
84.9631428571429
84.8472857142857
85.3485714285714
85.789
86.3088571428571
86.7481428571429
87.3897142857143
87.7868571428571
88.3888571428571
88.867
88.5447142857143
88.0491428571429
87.2677142857143
86.7738571428572
86.1988571428572
85.625
85.0908571428571
84.3992857142857
84.5031428571429
84.2815714285714
84.179
84.1157142857143
84.052
83.8705714285714
83.9632857142857
83.7034285714286
83.6054285714286
83.7381428571429
84.0285714285714
84.3982857142857
84.7674285714286
85.0181428571429
85.3084285714286
85.5591428571429
85.3341428571429
84.7272857142857
84.5625714285714
84.4771428571429
84.2721428571429
84.226
83.9815714285714
83.7771428571429
83.6988571428572
83.5967142857143
83.6125714285714
83.5885714285714
83.5254285714286
83.4225714285714
83.438
83.6087142857143
83.5241428571429
83.3582857142857
83.2704285714286
83.3771428571429
83.4431428571429
83.3911428571429
83.1061428571429
83.0937142857143
83.5014285714286
84.3132857142857
84.6142857142857
85.3104285714286
85.7685714285714
86.3061428571429
86.8438571428571
87.4221428571429
87.1594285714286
86.9341428571429
86.53
86.4024285714286
86.2564285714286
85.6698571428571
85.6435714285714
85.3374285714286
85.3127142857143
85.2057142857143
84.7031428571429
84.7971428571429
84.7318571428572
84.825
84.7192857142857
84.7325714285714
84.9034285714286
85.617
86.0908571428571
86.3621428571429
86.8761428571429
87.3492857142857
87.9864285714286
88.2521428571429
87.6374285714286
86.7328571428572
85.7844285714286
84.6365714285714
83.57
82.3121428571429
81.1755714285714
79.9294285714286
78.8257142857143
77.8341428571429
77.1031428571429
76.0817142857143
75.3518571428571
74.4784285714286
73.8168571428571
73.0474285714286
73.3884285714286
73.6412857142857
74.0688571428571
74.4265714285714
74.7844285714286
75.2197142857143
75.2505714285714
75.5017142857143
75.5501428571429
75.4875714285714
75.3887142857143
75.2905714285714
75.2637142857143
75.2362857142857
75.0665714285714
74.9331428571429
75.1544285714286
75.3612857142857
75.7781428571429
76.1697142857143
76.646
77.3405714285714
77.8528571428571
78.1334285714286
78.196
78.3868571428572
78.654
78.9614285714286
78.8921428571429
78.6488571428572
78.6204285714286
78.4617142857143
79.5782857142857
80.7811428571429
82.2145714285714
83.5241428571429
84.8454285714286
86.0928571428572
87.4348571428572
88.9081428571429
88.664
87.9831428571429
86.7648571428572
86.326
85.6417142857143
84.7384285714286
84.1802857142857
83.3952857142857
83.7007142857143
84.1434285714286
84.4908571428572
84.7298571428571
85.3041428571429
85.9532857142857
86.7547142857143
87.4145714285714
86.8654285714286
86.1764285714286
85.5407142857143
84.9185714285714
84.2094285714286
83.3827142857143
82.876
82.1198571428571
82.4995714285714
82.969
83.5015714285714
83.9514285714286
84.5241428571429
84.8828571428571
85.5144285714286
85.9391428571429
86.5061428571429
86.9461428571429
87.6118571428571
88.2677142857143
88.5788571428571
89.0684285714286
89.4504285714286
89.9145714285714
89.8352857142857
89.7668571428571
89.4448571428572
89.1745714285714
88.8572857142857
88.6495714285714
88.2998571428571
88.2861428571429
88.1505714285714
88.4224285714286
88.6232857142857
88.504
88.525
88.8115714285714
88.8771428571429
89.0485714285714
89.4338571428571
90.0025714285714
90.4282857142857
91.0601428571429
91.7652857142857
92.1341428571429
92.6751428571429
93.0904285714286
92.7671428571429
92.2084285714286
91.5925714285714
91.0392857142857
90.5212857142857
89.8924285714286
89.3654285714286
88.7981428571429
88.1662857142857
87.4185714285714
86.8845714285714
86.1535714285714
85.4938571428572
85.0242857142857
84.3471428571429
83.8027142857143
83.994
84.9371428571429
85.7978571428572
86.5197142857143
87.0735714285714
88.0055714285714
88.6665714285714
89.4735714285714
89.3954285714286
89.0885714285714
89.0258571428571
88.6925714285714
88.3647142857143
88.0438571428571
87.7304285714286
87.4985714285714
87.5928571428571
88.0012857142857
88.4084285714286
88.7331428571429
88.9222857142857
89.3674285714286
89.7761428571429
90.1675714285714
90.2647142857143
90.2837142857143
90.089
89.96
89.8377142857143
89.6265714285714
89.5588571428571
89.2521428571429
89.0178571428572
88.9265714285714
89.1851428571429
89.1202857142857
88.9965714285714
89.1422857142857
89.0841428571429
88.8727142857143
87.2298571428571
85.2398571428571
83.5878571428571
82.2567142857143
80.5618571428571
78.7324285714286
77.2242857142857
75.1292857142857
75.6788571428572
77.0308571428571
78.4447142857143
79.7931428571429
81.0128571428572
82.4178571428572
83.5315714285714
84.0491428571429
84.1528571428571
84.491
84.9998571428571
85.3732857142857
85.8627142857143
86.2812857142857
86.8027142857143
86.8858571428571
85.6384285714286
84.2928571428572
83.103
82.1882857142857
81.5182857142857
80.6382857142857
79.6521428571429
78.5664285714286
80.0238571428572
81.4965714285714
83.0504285714286
84.5798571428572
86.2007142857143
87.9011428571429
89.4477142857143
91.071
91.8215714285714
91.9801428571429
92.2458571428572
92.5068571428572
92.8315714285714
93.1062857142857
93.3505714285714
93.2597142857143
93.5554285714286
93.6912857142857
94.1542857142857
94.5477142857143
94.8215714285714
94.9802857142857
95.4281428571429
95.5938571428571
95.3541428571429
94.8341428571429
94.4164285714286
94.3528571428571
93.874
93.8072857142857
93.3707142857143
93.1091428571429
92.538
91.8668571428571
91.2034285714286
90.7722857142857
90.2588571428571
89.957
89.0172857142857
88.0165714285714
85.321
82.1028571428571
79.101
76.4221428571429
73.8704285714286
71.5064285714286
73.4402857142857
76.2472857142857
75.6258571428571
74.1068571428572
73.2201428571429
72.4648571428571
71.954
71.3732857142857
73.377
75.7624285714286
74.9084285714286
73.6031428571429
73.0555714285714
72.3237142857143
71.7998571428571
71.0655714285714
73.0691428571429
75.4798571428572
74.6167142857143
72.9504285714286
72.318
72.1002857142857
71.578
71.4987142857143
72.6307142857143
74.2705714285714
72.9751428571429
70.6228571428571
69.1624285714286
67.8884285714286
66.7005714285714
65.5798571428572
68.9027142857143
72.7868571428571
73.6294285714286
74.0177142857143
73.7322857142857
72.9292857142857
72.349
71.7444285714286
73.3711428571429
75.2317142857143
77.3245714285714
79.5208571428572
78.2882857142857
76.9025714285714
75.2184285714286
73.2315714285714
75.8072857142857
78.386
79.5494285714286
80.1854285714286
78.9242857142857
77.4161428571429
75.9974285714286
74.5462857142857
76.919
80.0414285714286
80.4898571428571
80.6262857142857
79.5251428571429
78.1024285714286
76.6711428571429
75.4038571428571
77.2155714285714
79.4081428571429
79.4394285714286
79.0154285714286
79.6201428571429
80.4721428571429
81.276
81.9807142857143
82.5245714285714
82.819
82.5132857142857
82.0614285714286
82.0512857142857
82.2955714285714
82.4958571428571
82.6285714285714
84.0951428571429
85.9425714285714
84.5775714285714
82.5298571428571
82.2027142857143
82.153
82.0521428571429
82.0321428571429
83.6327142857143
85.2464285714286
85.167
84.8814285714286
84.4024285714286
84.0702857142857
83.6884285714286
83.3401428571429
84.7945714285714
86.6014285714286
86.6857142857143
86.3415714285714
86.2291428571429
86.1337142857143
85.844
85.6888571428571
86.6297142857143
87.6801428571429
87.8851428571429
88.0254285714286
87.8898571428572
87.6358571428571
87.5508571428572
87.445
87.8785714285714
88.4737142857143
87.3527142857143
85.8964285714286
85.7407142857143
85.8854285714286
85.9065714285714
85.8224285714286
86.5147142857143
87.4597142857143
87.8941428571429
88.2242857142857
87.9384285714286
87.5738571428572
87.2565714285714
86.9204285714286
87.1482857142857
87.3417142857143
86.7838571428571
86.0702857142857
85.5471428571429
85.0355714285714
84.4337142857143
83.7541428571429
84.9054285714286
86.4565714285714
85.3751428571429
83.8517142857143
83.868
83.8161428571429
83.4642857142857
83.3977142857143
83.4967142857143
83.8224285714286
80.1552857142857
76.1618571428571
76.0807142857143
77.3385714285714
78.6768571428571
79.5418571428571
81.2061428571429
82.4274285714286
82.0017142857143
81.3022857142857
80.3958571428571
79.3274285714286
78.3774285714286
77.2741428571429
78.314
80.2875714285714
78.9212857142857
77.1255714285714
76.8201428571429
76.878
76.8762857142857
76.9955714285714
79.0438571428571
81.9758571428572
80.0144285714286
77.8885714285714
77.3075714285714
77.1545714285714
77.1065714285714
76.8924285714286
77.5481428571429
78.5034285714286
76.9052857142857
75.1991428571429
73.9187142857143
72.836
71.6758571428571
70.6981428571429
71.3848571428571
72.7667142857143
72.8512857142857
72.8108571428571
72.8272857142857
72.9631428571429
72.9894285714286
73.1344285714286
73.1961428571429
73.2341428571429
73.1944285714286
73.2274285714286
73.1568571428571
73.1248571428571
73.0594285714286
73.0297142857143
74.2631428571429
75.9064285714286
75.1067142857143
74.1841428571429
74.3332857142857
74.762
75.0904285714286
75.1637142857143
76.3408571428571
77.6231428571429
76.0862857142857
74.2618571428572
74.5861428571429
75.6594285714286
76.9847142857143
78.4412857142857
81.0718571428572
83.7462857142857
83.9112857142857
83.8258571428571
83.2097142857143
82.2532857142857
81.4884285714286
80.9792857142857
82.5158571428571
84.7448571428571
83.44
81.6678571428571
81.9722857142857
82.5687142857143
83.4061428571429
84.4447142857143
85.0104285714286
85.4734285714286
85.5634285714286
85.5642857142857
85.9148571428571
86.4608571428572
87.1245714285714
87.7092857142857
88.7098571428571
89.878
88.7525714285714
87.627
87.665
87.78
88.116
88.3337142857143
90.6632857142857
93.8195714285714
92.7128571428571
91.2811428571429
91.2697142857143
91.2674285714286
91.5078571428571
91.8787142857143
92.7644285714286
93.9534285714286
93.9578571428572
93.8404285714286
91.7911428571429
88.948
85.9725714285714
82.9105714285714
81.6168571428571
81.1411428571429
80.9097142857143
80.9308571428571
81.4385714285714
82.3841428571429
83.2518571428571
84.1185714285714
84.8784285714286
82.8275714285714
82.1961428571429
81.6614285714286
81.1272857142857
80.5935714285714
80.0602857142857
79.5274285714286
79.0097142857143
79.2855714285714
79.561
79.8362857142857
80.1112857142857
80.386
80.6605714285714
80.9347142857143
81.1961428571429
81.1281428571429
81.06
80.9918571428571
80.9238571428572
80.8558571428571
80.7878571428571
80.7198571428572
80.6718571428571
81.151
81.6297142857143
82.108
82.5858571428572
83.0632857142857
83.5401428571429
84.0167142857143
84.4772857142857
84.0995714285714
83.722
83.3448571428572
82.9678571428572
82.5912857142857
82.215
81.8388571428572
82.031
83.3895714285714
84.7468571428572
86.103
87.4578571428572
88.8115714285714
90.164
91.5151428571428
92.8122857142857
91.2524285714286
89.6938571428571
88.1365714285714
86.5808571428572
85.0261428571429
83.473
81.9211428571429
80.3982857142857
80.3737142857143
80.3491428571429
80.3245714285714
80.2998571428571
80.2752857142857
80.2507142857143
80.226
80.192
79.6501428571429
79.1087142857143
78.5678571428572
78.0272857142857
77.4871428571429
76.9475714285714
76.4084285714286
75.8795714285714
75.8781428571429
75.8765714285714
75.8751428571429
75.8735714285714
75.872
75.8704285714286
75.8688571428571
75.8704285714286
76.0402857142857
76.2101428571429
76.3798571428571
76.5491428571429
76.7185714285714
76.8874285714286
77.0564285714286
77.2041428571429
76.7957142857143
76.3875714285714
75.9798571428571
75.5724285714286
75.1652857142857
74.7585714285714
74.352
73.9634285714286
73.8774285714286
73.7914285714286
73.7055714285714
73.6195714285714
73.5338571428571
73.448
73.3622857142857
73.2765714285714
73.1908571428572
73.1052857142857
73.0198571428571
72.9342857142857
72.8488571428571
72.7634285714286
72.6781428571429
72.5928571428571
72.5074285714286
72.4222857142857
72.3371428571429
72.252
72.167
72.082
71.997
71.912
71.8271428571429
71.7422857142857
71.6575714285714
71.5728571428571
71.5728571428571
