#Prior thinning for EDC from AICC2012.
1.00014
1.00006
0.999985
0.999915
0.999829
0.999747
0.999664
0.99957
0.999468
0.999368
0.999261
0.999163
0.999066
0.999143
0.999044
0.998936
0.998833
0.998733
0.998632
0.998527
0.99842
0.998321
0.998217
0.998108
0.998142
0.998034
0.997925
0.997817
0.997709
0.997601
0.99749
0.997376
0.997261
0.997144
0.997136
0.997018
0.996901
0.996779
0.996657
0.996535
0.996412
0.996289
0.996165
0.996136
0.99601
0.995883
0.995755
0.995628
0.9955
0.995371
0.99524
0.995232
0.995099
0.994966
0.994834
0.994699
0.994564
0.994429
0.994294
0.994348
0.994212
0.994076
0.993939
0.993801
0.993662
0.993522
0.993381
0.993334
0.993191
0.993048
0.992906
0.992765
0.992621
0.992475
0.992552
0.992406
0.99226
0.992113
0.991964
0.991815
0.991667
0.991518
0.991504
0.991355
0.991205
0.991054
0.990902
0.990749
0.990596
0.990612
0.990458
0.990303
0.990147
0.989991
0.989835
0.989678
0.989699
0.989542
0.989386
0.989227
0.989068
0.988905
0.988744
0.988817
0.988655
0.988492
0.988333
0.988171
0.988008
0.987843
0.9879
0.987735
0.98757
0.987404
0.987237
0.987069
0.9869
0.986942
0.986775
0.986608
0.986439
0.986269
0.986096
0.985926
0.985945
0.985776
0.985605
0.985432
0.98526
0.985087
0.985086
0.984914
0.98474
0.984565
0.984387
0.98421
0.984209
0.984034
0.98386
0.983686
0.983503
0.983322
0.983313
0.983136
0.982958
0.982778
0.982595
0.982416
0.982459
0.982278
0.982097
0.981915
0.981735
0.981557
0.981549
0.981365
0.98118
0.980998
0.980813
0.980628
0.980653
0.980466
0.98028
0.980094
0.979909
0.979722
0.979743
0.979555
0.979366
0.979178
0.97899
0.978965
0.978773
0.97858
0.978389
0.978198
0.978008
0.977961
0.97777
0.97758
0.977389
0.977198
0.97723
0.977037
0.976844
0.97665
0.976456
0.976262
0.976332
0.976138
0.975944
0.975749
0.975553
0.975606
0.97541
0.975214
0.975019
0.974823
0.974627
0.974771
0.974575
0.974378
0.97418
0.973981
0.973781
0.973841
0.973645
0.973449
0.973254
0.973054
0.973087
0.972889
0.972691
0.972492
0.972292
0.972092
0.972182
0.971984
0.971782
0.97158
0.971377
0.971365
0.971162
0.970959
0.970755
0.970551
0.97059
0.970386
0.970182
0.969977
0.969772
0.9698
0.969595
0.96939
0.969185
0.968979
0.968773
0.968864
0.968658
0.968452
0.968245
0.968039
0.968143
0.967937
0.96773
0.967523
0.967316
0.967459
0.967252
0.967044
0.966837
0.966629
0.966421
0.966495
0.966288
0.96608
0.965872
0.965663
0.965738
0.96553
0.965322
0.965113
0.964904
0.965004
0.964795
0.964587
0.964378
0.964168
0.964269
0.96406
0.963851
0.963642
0.963432
0.963552
0.963343
0.963133
0.962924
0.962714
0.962504
0.962606
0.962397
0.962187
0.961977
0.961767
0.961874
0.961664
0.961454
0.961244
0.961034
0.961149
0.960939
0.960729
0.960519
0.960308
0.960415
0.960204
0.959994
0.959783
0.959573
0.959677
0.959467
0.959256
0.959045
0.958835
0.958916
0.958706
0.958495
0.958284
0.958073
0.958228
0.958017
0.957806
0.957596
0.957384
0.957502
0.957291
0.95708
0.956869
0.956658
0.95679
0.956579
0.956368
0.956157
0.955946
0.956084
0.955873
0.955662
0.955451
0.955239
0.955391
0.95518
0.954969
0.954758
0.954546
0.954335
0.954424
0.954213
0.954002
0.95379
0.953841
0.95363
0.953419
0.953208
0.952996
0.953163
0.952952
0.952741
0.952529
0.952318
0.952463
0.952252
0.952041
0.951829
0.951618
0.95182
0.951608
0.951397
0.951186
0.950974
0.951137
0.950926
0.950714
0.950503
0.950291
0.950428
0.950217
0.950005
0.949794
0.949582
0.949731
0.94952
0.949308
0.949097
0.948885
0.949045
0.948834
0.948623
0.948411
0.9482
0.948334
0.948123
0.947912
0.9477
0.947489
0.947601
0.947389
0.947178
0.946966
0.947117
0.946905
0.946694
0.946483
0.946271
0.946393
0.946182
0.94597
0.945759
0.945547
0.945691
0.945479
0.945268
0.945057
0.944845
0.944975
0.944764
0.944552
0.944341
0.944554
0.944343
0.944132
0.943921
0.943709
0.943871
0.94366
0.943449
0.943238
0.943026
0.943159
0.942948
0.942736
0.942525
0.942314
0.942401
0.94219
0.941978
0.941767
0.941885
0.941674
0.941463
0.941252
0.941421
0.94121
0.940999
0.940788
0.940577
0.9407
0.940489
0.940278
0.940067
0.939856
0.940063
0.939852
0.939641
0.93943
0.939624
0.939413
0.939202
0.938991
0.93878
0.938995
0.938784
0.938573
0.938363
0.938151
0.938327
0.938116
0.937904
0.937692
0.93748
0.937692
0.93748
0.937268
0.937057
0.9372
0.936988
0.936777
0.936565
0.936353
0.936496
0.936284
0.936073
0.935861
0.935969
0.935757
0.935546
0.935334
0.935504
0.935293
0.935082
0.93487
0.934659
0.934801
0.93459
0.934379
0.934167
0.934365
0.934153
0.933942
0.933731
0.933519
0.93373
0.933519
0.933308
0.933096
0.933327
0.933116
0.932905
0.932693
0.932482
0.932697
0.932486
0.932275
0.932064
0.932276
0.932066
0.931855
0.931644
0.931433
0.931694
0.931483
0.931272
0.931061
0.93085
0.931107
0.930896
0.930686
0.930475
0.930699
0.930488
0.930278
0.930067
0.929856
0.930146
0.929936
0.929725
0.929514
0.929303
0.929584
0.929373
0.929163
0.928952
0.929276
0.929066
0.928855
0.928645
0.928434
0.928752
0.928542
0.928332
0.928121
0.927911
0.928237
0.928027
0.927816
0.927606
0.927395
0.927746
0.927535
0.927325
0.927115
0.926904
0.927307
0.927097
0.926886
0.926676
0.926466
0.926767
0.926557
0.926347
0.926136
0.925926
0.926264
0.926054
0.925844
0.925634
0.925423
0.925784
0.925574
0.925364
0.925154
0.924944
0.925331
0.925121
0.924912
0.924701
0.924491
0.924859
0.92465
0.92444
0.92423
0.92402
0.924373
0.924163
0.923953
0.923743
0.923533
0.923854
0.923644
0.923435
0.923225
0.923015
0.9234
0.92319
0.922981
0.922771
0.922561
0.922967
0.922757
0.922547
0.922338
0.922128
0.922474
0.922264
0.922054
0.921844
0.921635
0.921964
0.921754
0.921544
0.921334
0.921125
0.921486
0.921276
0.921067
0.920857
0.921194
0.920984
0.920775
0.920565
0.920355
0.920698
0.920488
0.920279
0.920069
0.919859
0.920192
0.919982
0.919773
0.919563
0.919353
0.919702
0.919493
0.919283
0.919074
0.918864
0.919207
0.918998
0.918788
0.918578
0.918959
0.918749
0.91854
0.91833
0.918121
0.918481
0.918272
0.918062
0.917853
0.917643
0.918019
0.917809
0.9176
0.91739
0.917181
0.917514
0.917305
0.917095
0.916886
0.916676
0.917026
0.916816
0.916607
0.916397
0.916187
0.916474
0.916265
0.916055
0.915846
0.916074
0.915864
0.915655
0.915445
0.915652
0.915443
0.915233
0.915024
0.914814
0.914985
0.914775
0.914566
0.914356
0.914472
0.914263
0.914053
0.914225
0.914015
0.913806
0.913596
0.913677
0.913468
0.913258
0.913049
0.913155
0.912946
0.912736
0.912784
0.912574
0.912365
0.912156
0.912179
0.91197
0.91176
0.911824
0.911615
0.911406
0.911432
0.911223
0.911013
0.910804
0.910869
0.91066
0.910451
0.910506
0.910297
0.910088
0.910142
0.909932
0.909723
0.909514
0.909598
0.909389
0.90918
0.909279
0.90907
0.908861
0.908651
0.908706
0.908497
0.908288
0.908345
0.908136
0.907927
0.908031
0.907822
0.907612
0.907403
0.907443
0.907234
0.907024
0.907088
0.906879
0.90667
0.906773
0.906564
0.906355
0.906146
0.906237
0.906028
0.905819
0.90598
0.905771
0.905562
0.905353
0.905472
0.905263
0.905054
0.904845
0.905006
0.904797
0.904587
0.904378
0.904618
0.904409
0.9042
0.903991
0.904132
0.903923
0.903714
0.903834
0.903625
0.903416
0.903206
0.903289
0.90308
0.90287
0.902661
0.902705
0.902496
0.902287
0.902372
0.902162
0.901953
0.902047
0.901838
0.901628
0.901419
0.901508
0.901298
0.901089
0.901139
0.90093
0.900721
0.900784
0.900574
0.900365
0.900156
0.900164
0.899955
0.899745
0.899735
0.899525
0.899316
0.899326
0.899117
0.898908
0.898903
0.898694
0.898484
0.898477
0.898267
0.898058
0.898056
0.897847
0.897637
0.897608
0.897399
0.897189
0.89715
0.89694
0.896731
0.896668
0.896458
0.896249
0.896188
0.895978
0.895769
0.895707
0.895497
0.895287
0.895213
0.895004
0.894919
0.894709
0.894499
0.894382
0.894172
0.893962
0.893847
0.893637
0.893498
0.893288
0.893079
0.892924
0.892714
0.892541
0.892332
0.892178
0.891968
0.891759
0.891601
0.891391
0.891216
0.891006
0.890818
0.890608
0.890398
0.890204
0.889994
0.889772
0.889562
0.889338
0.889128
0.888934
0.888724
0.888512
0.888302
0.88808
0.88787
0.887643
0.887433
0.887223
0.887011
0.886801
0.886584
0.886374
0.886151
0.885941
0.885713
0.885503
0.885275
0.885065
0.884854
0.884644
0.884417
0.884206
0.883983
0.883773
0.883551
0.883341
0.883111
0.882901
0.88269
0.882463
0.882252
0.882023
0.881813
0.881589
0.881379
0.881178
0.880967
0.880737
0.880527
0.880291
0.880081
0.879834
0.879623
0.879375
0.879164
0.878938
0.878727
0.878513
0.878302
0.878051
0.877841
0.877606
0.877395
0.877172
0.876962
0.876729
0.876519
0.876279
0.876068
0.875858
0.875606
0.875384
0.875174
0.874963
0.874729
0.874518
0.874273
0.874063
0.873834
0.873623
0.873384
0.873174
0.872924
0.872714
0.872479
0.872268
0.872035
0.871825
0.871572
0.871362
0.871147
0.870937
0.870698
0.870487
0.870244
0.870034
0.869778
0.869568
0.869341
0.86913
0.868906
0.868696
0.868452
0.868242
0.868031
0.867776
0.867566
0.867303
0.867055
0.866845
0.866634
0.866396
0.866185
0.865948
0.865737
0.865497
0.865286
0.865033
0.864822
0.864566
0.864355
0.8641
0.863889
0.863636
0.863425
0.8632
0.862989
0.862768
0.862557
0.862318
0.862107
0.861843
0.861632
0.861388
0.861177
0.860945
0.860734
0.860499
0.860288
0.86004
0.859829
0.859618
0.85934
0.859066
0.858855
0.85857
0.858359
0.858093
0.857882
0.857633
0.857422
0.857154
0.856943
0.856658
0.856447
0.856212
0.856
0.855713
0.855502
0.855214
0.855003
0.854725
0.854514
0.854239
0.854028
0.853744
0.853533
0.853257
0.853045
0.852765
0.852553
0.852251
0.85204
0.851753
0.851542
0.851259
0.851047
0.850771
0.85056
0.850273
0.849983
0.849772
0.849492
0.849281
0.848996
0.848785
0.848506
0.848295
0.848013
0.847802
0.847502
0.84729
0.847014
0.846803
0.846525
0.846314
0.846016
0.845804
0.845517
0.845305
0.845025
0.844813
0.844521
0.844233
0.844021
0.843737
0.843525
0.843271
0.843059
0.842834
0.842623
0.842411
0.842159
0.841947
0.841667
0.841455
0.841202
0.84099
0.84076
0.840548
0.840282
0.84007
0.83981
0.839598
0.839298
0.839086
0.838805
0.838594
0.838303
0.838091
0.837836
0.837624
0.837391
0.837179
0.836929
0.836717
0.836452
0.83624
0.835965
0.835753
0.835488
0.835276
0.835023
0.834811
0.834563
0.834351
0.834115
0.833903
0.833691
0.833466
0.833254
0.833013
0.832801
0.832535
0.832323
0.832074
0.831862
0.831621
0.831409
0.831151
0.83094
0.83064
0.830428
0.830132
0.82992
0.829632
0.829421
0.829132
0.82892
0.82864
0.828428
0.828148
0.827936
0.827651
0.827439
0.827156
0.826943
0.826668
0.826456
0.826185
0.825973
0.825722
0.82551
0.825243
0.825031
0.824723
0.82451
0.82421
0.823998
0.82369
0.823478
0.823192
0.82298
0.822689
0.822476
0.822172
0.82196
0.821677
0.821465
0.821208
0.820996
0.820751
0.820539
0.820317
0.820105
0.819842
0.81963
0.819364
0.819152
0.818897
0.818684
0.818472
0.818213
0.818001
0.817733
0.81752
0.817216
0.817004
0.816697
0.816398
0.816186
0.815902
0.815689
0.815427
0.815215
0.814974
0.814762
0.814549
0.81431
0.814098
0.813854
0.813642
0.813383
0.813171
0.812918
0.812705
0.812435
0.812223
0.81194
0.811728
0.811419
0.811206
0.810896
0.810683
0.81038
0.810168
0.809884
0.809672
0.809372
0.80916
0.80888
0.808668
0.808406
0.808194
0.807952
0.807739
0.807495
0.807282
0.807043
0.80683
0.806582
0.806369
0.80614
0.805928
0.805715
0.805465
0.805253
0.805024
0.804811
0.804562
0.80435
0.804106
0.803894
0.803634
0.803421
0.803174
0.802961
0.802749
0.802485
0.802273
0.80199
0.801778
0.801525
0.801312
0.80105
0.800837
0.800553
0.800341
0.800074
0.799862
0.799611
0.799399
0.799142
0.79893
0.798674
0.798462
0.798202
0.79799
0.797714
0.797501
0.797232
0.79702
0.796807
0.796594
0.796347
0.796134
0.795922
0.795696
0.795483
0.795258
0.795045
0.794813
0.7946
0.794391
0.794179
0.793967
0.793797
0.793585
0.793435
0.793223
0.79301
0.792874
0.792661
0.792436
0.792224
0.792011
0.791818
0.791605
0.791397
0.791184
0.790974
0.790761
0.790549
0.79035
0.790137
0.789933
0.78972
0.78953
0.789318
0.789105
0.788894
0.788681
0.788467
0.788255
0.788048
0.787836
0.787623
0.7874
0.787187
0.786961
0.786748
0.786483
0.78627
0.786002
0.785789
0.785518
0.785306
0.785011
0.784798
0.784491
0.784278
0.783984
0.783771
0.783497
0.783284
0.783022
0.78281
0.78255
0.782338
0.78207
0.781857
0.781574
0.781361
0.781106
0.780893
0.780632
0.780419
0.780122
0.779909
0.779611
0.779399
0.779109
0.778896
0.778601
0.778389
0.778118
0.777905
0.777641
0.777428
0.777188
0.776975
0.77673
0.776518
0.776305
0.776029
0.775816
0.775556
0.775343
0.775063
0.77485
0.774572
0.774359
0.774065
0.773852
0.773553
0.77325
0.773037
0.772739
0.772526
0.772247
0.772034
0.771763
0.77155
0.771295
0.771082
0.770816
0.770604
0.770342
0.770129
0.76987
0.769657
0.769429
0.769216
0.769003
0.768779
0.768566
0.768347
0.768134
0.767904
0.767692
0.767432
0.76722
0.767003
0.76679
0.766538
0.766326
0.766113
0.765861
0.765648
0.765399
0.765186
0.764917
0.764704
0.764437
0.764225
0.76395
0.763737
0.763455
0.763243
0.762954
0.762688
0.762475
0.762225
0.762013
0.761742
0.76153
0.761271
0.761058
0.760808
0.760596
0.760348
0.760136
0.759893
0.759681
0.759452
0.75924
0.759028
0.758817
0.758605
0.758393
0.758181
0.757982
0.75777
0.75757
0.757357
0.757174
0.756961
0.756749
0.756565
0.756353
0.7562
0.755987
0.755775
0.755643
0.755431
0.75527
0.755058
0.754901
0.754688
0.754476
0.754302
0.754089
0.753924
0.753712
0.753499
0.753376
0.753163
0.753054
0.752842
0.752629
0.752492
0.75228
0.752116
0.751904
0.751691
0.7515
0.751288
0.751106
0.750893
0.750704
0.750491
0.750279
0.750089
0.749877
0.749708
0.749496
0.749294
0.749081
0.748877
0.748664
0.748452
0.748243
0.748031
0.747834
0.747622
0.747409
0.747196
0.746976
0.746763
0.746499
0.746287
0.746027
0.745815
0.745567
0.745355
0.745128
0.744915
0.744712
0.744499
0.744282
0.744069
0.74382
0.743608
0.743372
0.743159
0.742926
0.742714
0.74251
0.742297
0.742085
0.741855
0.741643
0.741404
0.741192
0.740956
0.740743
0.7405
0.740271
0.740058
0.739849
0.739636
0.739424
0.739216
0.739004
0.738792
0.73858
0.738369
0.738157
0.737929
0.737717
0.737512
0.737299
0.737113
0.736901
0.736691
0.736479
0.736271
0.736059
0.73588
0.735668
0.735458
0.735246
0.735046
0.734834
0.734622
0.734425
0.734213
0.734009
0.733797
0.73361
0.733398
0.733184
0.732972
0.732768
0.732556
0.732367
0.732155
0.731969
0.731757
0.731591
0.731379
0.731199
0.730987
0.73081
0.730599
0.730387
0.730238
0.730026
0.72987
0.729658
0.729535
0.729323
0.729186
0.728974
0.728762
0.728588
0.728376
0.728211
0.727999
0.727852
0.72764
0.727485
0.727274
0.727062
0.726923
0.726711
0.726581
0.726369
0.726236
0.726025
0.725813
0.725649
0.725437
0.725322
0.725111
0.724995
0.724783
0.724685
0.724474
0.724262
0.724175
0.723963
0.723855
0.723643
0.723432
0.723287
0.723075
0.722901
0.722689
0.722545
0.722333
0.722197
0.721985
0.721774
0.721621
0.721409
0.721244
0.721033
0.720902
0.720691
0.720555
0.720343
0.720132
0.719959
0.719748
0.719561
0.71935
0.719161
0.71895
0.718748
0.718537
0.718365
0.718154
0.717995
0.717783
0.717645
0.717433
0.717273
0.717062
0.7169
0.716689
0.716477
0.716317
0.716105
0.715924
0.715713
0.715546
0.715335
0.715151
0.71494
0.714727
0.714516
0.714321
0.71411
0.7139
0.713688
0.713486
0.713292
0.71308
0.712912
0.712701
0.712519
0.712308
0.712138
0.711927
0.711716
0.71155
0.711338
0.711171
0.710959
0.710797
0.710585
0.710448
0.710237
0.710106
0.709895
0.709756
0.709545
0.709437
0.709226
0.709015
0.708912
0.708701
0.708565
0.708354
0.708203
0.707992
0.707863
0.707652
0.707522
0.707311
0.7071
0.706956
0.706745
0.706588
0.706377
0.706246
0.706034
0.705919
0.705708
0.70559
0.705379
0.705168
0.705071
0.704859
0.70477
0.704559
0.704347
0.70423
0.704019
0.703932
0.703721
0.703623
0.703412
0.703201
0.703096
0.702885
0.702759
0.702548
0.702424
0.702213
0.702097
0.701886
0.701675
0.70154
0.701329
0.701211
0.700999
0.700842
0.70063
0.700503
0.700291
0.70008
0.699929
0.699718
0.699558
0.699346
0.699202
0.69899
0.698855
0.698644
0.698475
0.698264
0.698052
0.697879
0.697668
0.697472
0.697261
0.69708
0.696869
0.696672
0.696461
0.696282
0.69607
0.695906
0.695694
0.695517
0.695305
0.695104
0.694893
0.694701
0.694489
0.694291
0.69408
0.693881
0.69367
0.693471
0.69326
0.69305
0.692838
0.692619
0.692407
0.692183
0.691971
0.691751
0.691539
0.691312
0.691101
0.690872
0.690621
0.69041
0.690141
0.68993
0.689673
0.689461
0.689207
0.688995
0.688725
0.688448
0.688236
0.68798
0.687768
0.687482
0.687203
0.686991
0.686706
0.686494
0.686196
0.685984
0.685688
0.68537
0.685158
0.684852
0.684548
0.684336
0.684032
0.68382
0.68353
0.683281
0.683069
0.682822
0.682609
0.682342
0.682129
0.681862
0.68165
0.681401
0.681108
0.680896
0.680596
0.680384
0.680073
0.679773
0.679561
0.679257
0.679045
0.67874
0.678427
0.678215
0.677898
0.677686
0.67737
0.677071
0.676858
0.676559
0.676346
0.676029
0.675711
0.675499
0.675172
0.674959
0.674633
0.674302
0.674089
0.673764
0.673424
0.673212
0.672879
0.672666
0.672323
0.671979
0.671767
0.671418
0.671081
0.670868
0.670537
0.670223
0.670011
0.669668
0.669455
0.669128
0.668788
0.668575
0.668243
0.667895
0.667682
0.667342
0.666992
0.666779
0.666434
0.666221
0.66588
0.665539
0.665326
0.665004
0.664657
0.664445
0.664125
0.663912
0.663582
0.663252
0.66304
0.662686
0.662326
0.662113
0.661783
0.66157
0.661259
0.660951
0.660738
0.660423
0.660211
0.659883
0.659532
0.659319
0.65897
0.658608
0.658395
0.658035
0.657687
0.657474
0.657123
0.65691
0.656588
0.656258
0.656045
0.65572
0.655507
0.655212
0.654909
0.654697
0.654382
0.654169
0.653865
0.653653
0.653353
0.653078
0.652865
0.652584
0.652371
0.652103
0.65189
0.651649
0.651436
0.6512
0.650987
0.650767
0.650554
0.650326
0.650113
0.649858
0.649645
0.649361
0.649148
0.648884
0.648671
0.648408
0.648195
0.647935
0.647722
0.647431
0.647218
0.646933
0.64672
0.646456
0.646243
0.645959
0.645746
0.645457
0.645169
0.644957
0.644657
0.644444
0.644132
0.643919
0.64361
0.643397
0.643075
0.64273
0.642517
0.642183
0.641845
0.641633
0.641309
0.641096
0.640779
0.640472
0.640259
0.639957
0.639745
0.63946
0.639247
0.638963
0.63875
0.638464
0.638251
0.637966
0.637691
0.637479
0.637201
0.636988
0.636724
0.636511
0.636242
0.636029
0.635802
0.63559
0.635357
0.635145
0.634917
0.634705
0.634485
0.634272
0.634043
0.63383
0.633618
0.633398
0.633186
0.633004
0.632791
0.632599
0.632386
0.632164
0.631951
0.631714
0.631501
0.631254
0.631041
0.630782
0.63057
0.6303
0.630087
0.629827
0.629614
0.629348
0.629135
0.628854
0.628641
0.628356
0.628143
0.627849
0.627636
0.627332
0.627119
0.626794
0.626477
0.626264
0.625966
0.625754
0.625474
0.625261
0.624952
0.624666
0.624453
0.624163
0.62395
0.623654
0.623442
0.623162
0.62287
0.622658
0.622362
0.62215
0.621865
0.621652
0.621385
0.621172
0.620903
0.62069
0.620429
0.620217
0.619959
0.619693
0.619481
0.619194
0.618981
0.618695
0.618482
0.618188
0.617976
0.617694
0.617416
0.617203
0.616936
0.616724
0.616453
0.616241
0.61599
0.615778
0.615493
0.61528
0.615033
0.61482
0.61457
0.614329
0.614117
0.61389
0.613678
0.613449
0.613237
0.612997
0.612785
0.612536
0.612324
0.612076
0.611864
0.61163
0.611418
0.611203
0.610991
0.610785
0.610573
0.610349
0.610137
0.609913
0.609701
0.609505
0.609293
0.609086
0.608874
0.60865
0.608438
0.608221
0.608009
0.607812
0.6076
0.607402
0.607191
0.606985
0.606773
0.606585
0.606373
0.606161
0.605956
0.605744
0.605551
0.605339
0.605154
0.604942
0.604752
0.604541
0.604341
0.604129
0.603924
0.603712
0.603509
0.603297
0.603088
0.602877
0.602702
0.60249
0.60231
0.602099
0.601913
0.601701
0.601534
0.601323
0.601182
0.600971
0.600833
0.600622
0.60041
0.600261
0.60005
0.599875
0.599664
0.599506
0.599295
0.599147
0.598936
0.598825
0.598613
0.598402
0.598285
0.598074
0.597951
0.59774
0.597529
0.597395
0.597183
0.597085
0.596873
0.596763
0.596552
0.59634
0.596212
0.596001
0.595888
0.595677
0.595583
0.595372
0.595161
0.595078
0.594866
0.594785
0.594574
0.594362
0.594241
0.59403
0.593909
0.593698
0.593561
0.59335
0.593139
0.593028
0.592816
0.592692
0.592481
0.592352
0.592141
0.59193
0.591815
0.591604
0.591466
0.591255
0.591104
0.590893
0.590736
0.590525
0.590314
0.590173
0.589962
0.589813
0.589602
0.589462
0.589251
0.589106
0.588895
0.588723
0.588513
0.588302
0.588136
0.587925
0.587748
0.587537
0.587354
0.587143
0.586996
0.586785
0.586609
0.586398
0.586213
0.586002
0.585817
0.585607
0.585412
0.585201
0.585013
0.584802
0.584594
0.584384
0.584175
0.583964
0.583772
0.583561
0.583368
0.583158
0.582943
0.582732
0.58252
0.582309
0.582093
0.581883
0.58165
0.581439
0.581194
0.580983
0.580757
0.580522
0.580311
0.580077
0.579867
0.579622
0.579411
0.579149
0.578939
0.57865
0.578366
0.578156
0.577906
0.57764
0.577429
0.577168
0.576958
0.576703
0.576443
0.576232
0.575969
0.575759
0.575519
0.575309
0.575067
0.574813
0.574603
0.574345
0.574134
0.57389
0.573679
0.573424
0.573181
0.572971
0.572735
0.572524
0.572307
0.572096
0.571884
0.571674
0.571447
0.571205
0.570994
0.570758
0.570547
0.570334
0.570123
0.569924
0.569714
0.569515
0.569304
0.569077
0.568853
0.568643
0.568437
0.568227
0.568023
0.567812
0.56763
0.567419
0.567209
0.566999
0.566784
0.566574
0.566368
0.566158
0.565928
0.565718
0.565508
0.565249
0.565039
0.564789
0.564579
0.564343
0.564133
0.563923
0.563708
0.563498
0.563278
0.563068
0.562829
0.562619
0.562381
0.562148
0.561938
0.561717
0.561507
0.561303
0.561093
0.56086
0.560638
0.560428
0.560212
0.560002
0.559799
0.559589
0.559379
0.559169
0.558945
0.55873
0.55852
0.55833
0.55812
0.557916
0.557706
0.557513
0.557303
0.557103
0.556893
0.556702
0.556493
0.556303
0.556093
0.555875
0.555677
0.555468
0.555264
0.555054
0.554872
0.554662
0.554489
0.554279
0.554084
0.553875
0.553673
0.553464
0.553287
0.553077
0.552889
0.55268
0.552498
0.552316
0.552106
0.551937
0.551728
0.551556
0.551346
0.551163
0.550954
0.550762
0.550553
0.550371
0.550162
0.549966
0.549756
0.549547
0.549337
0.549197
0.548987
0.548852
0.548643
0.548501
0.548292
0.548126
0.547917
0.547735
0.547526
0.547325
0.547115
0.546912
0.546703
0.546504
0.546306
0.546097
0.545901
0.545692
0.545502
0.545293
0.545107
0.544897
0.544713
0.544504
0.544309
0.5441
0.543925
0.543715
0.543539
0.54333
0.543134
0.542937
0.542728
0.542528
0.542319
0.542134
0.541925
0.541737
0.541528
0.541344
0.541135
0.540935
0.540726
0.540536
0.540327
0.540144
0.539935
0.539758
0.539549
0.539363
0.539169
0.53896
0.538761
0.538552
0.538356
0.538147
0.537974
0.537765
0.537558
0.537349
0.537142
0.536933
0.536754
0.536545
0.536346
0.536137
0.53594
0.535738
0.53553
0.535345
0.535136
0.534946
0.534737
0.534518
0.534309
0.534093
0.533884
0.533668
0.533459
0.533243
0.533034
0.532824
0.53258
0.532371
0.532141
0.531932
0.531706
0.531497
0.531279
0.531063
0.530854
0.530657
0.530448
0.530235
0.530026
0.529795
0.529586
0.529369
0.52916
0.52895
0.528741
0.528531
0.528322
0.528108
0.527891
0.527682
0.527471
0.527262
0.527037
0.526828
0.526605
0.526396
0.52618
0.52597
0.525744
0.525535
0.525288
0.52505
0.524841
0.524623
0.524414
0.524211
0.524002
0.523811
0.523602
0.523382
0.523173
0.522933
0.522724
0.522483
0.522274
0.522033
0.521824
0.521584
0.521375
0.521121
0.520871
0.520662
0.520405
0.520196
0.519907
0.519697
0.519424
0.519215
0.51894
0.518657
0.518448
0.51817
0.517961
0.517659
0.517362
0.517153
0.516851
0.516642
0.516321
0.516
0.51579
0.515438
0.515229
0.514879
0.514513
0.514156
0.513946
0.513587
0.513235
0.513026
0.512686
0.512349
0.512139
0.511787
0.511578
0.51124
0.510912
0.510702
0.510363
0.510029
0.50982
0.509482
0.509272
0.508951
0.508631
0.508422
0.5081
0.50789
0.507566
0.507356
0.507041
0.50669
0.50648
0.506141
0.505931
0.505592
0.505257
0.505047
0.50471
0.5045
0.50415
0.503794
0.503584
0.503246
0.503037
0.502704
0.502494
0.502157
0.501817
0.501607
0.501281
0.501071
0.500745
0.500535
0.500216
0.500006
0.499696
0.499486
0.499152
0.498781
0.498571
0.498202
0.497993
0.497627
0.497417
0.497043
0.496647
0.496437
0.496045
0.495835
0.495421
0.495013
0.494803
0.494391
0.493965
0.493756
0.493317
0.492866
0.492656
0.492198
0.491738
0.491528
0.491058
0.49058
0.490092
0.489882
0.489404
0.488924
0.488442
0.488232
0.487744
0.487263
0.486768
0.486558
0.486065
0.485595
0.485385
0.484909
0.484434
0.483949
0.483739
0.483271
0.482803
0.482593
0.482129
0.481649
0.481439
0.480968
0.48051
0.4803
0.479809
0.479329
0.479119
0.47866
0.478191
0.477981
0.477503
0.477021
0.476811
0.476342
0.475872
0.475662
0.475186
0.474708
0.474498
0.474032
0.473545
0.473335
0.472846
0.472361
0.472151
0.471672
0.471185
0.470975
0.470481
0.469992
0.469782
0.469293
0.468796
0.468586
0.46811
0.46762
0.467411
0.466919
0.466447
0.466237
0.465767
0.465307
0.465098
0.464621
0.464143
0.463933
0.463466
0.463256
0.462783
0.462328
0.462118
0.461665
0.461207
0.460998
0.460525
0.460316
0.459864
0.459403
0.459193
0.45876
0.458332
0.458122
0.457697
0.457487
0.457073
0.456864
0.456445
0.456016
0.455807
0.455397
0.455187
0.454759
0.45455
0.454118
0.453703
0.453494
0.453113
0.452904
0.452492
0.452283
0.451884
0.451674
0.451291
0.451082
0.450691
0.450308
0.450099
0.449703
0.449494
0.449097
0.448888
0.44851
0.448301
0.447906
0.447697
0.447317
0.446934
0.446725
0.446346
0.446137
0.44576
0.445551
0.445157
0.444948
0.444595
0.444386
0.444044
0.443835
0.443492
0.443283
0.442928
0.442719
0.442383
0.442174
0.441829
0.441507
0.441299
0.440978
0.44077
0.440561
0.440238
0.44003
0.439722
0.439514
0.439212
0.439004
0.438708
0.4385
0.438198
0.437989
0.4377
0.437491
0.437203
0.436995
0.436712
0.436504
0.436212
0.436004
0.435739
0.435531
0.43529
0.435083
0.434875
0.434594
0.434386
0.434105
0.433897
0.433636
0.433429
0.43317
0.432963
0.432696
0.432489
0.432222
0.432014
0.431765
0.431558
0.43135
0.431116
0.430909
0.430696
0.430489
0.430262
0.430055
0.429819
0.429612
0.429404
0.429174
0.428967
0.428732
0.428525
0.428305
0.428098
0.427895
0.427688
0.427489
0.427282
0.427075
0.426898
0.426691
0.42649
0.426283
0.426072
0.425866
0.425674
0.425467
0.42526
0.42509
0.424883
0.424728
0.424522
0.424351
0.424145
0.423939
0.423771
0.423565
0.423388
0.423182
0.423015
0.422809
0.422603
0.422454
0.422248
0.422107
0.421901
0.421774
0.421568
0.421362
0.421234
0.421029
0.420902
0.420696
0.42049
0.420356
0.42015
0.420022
0.419817
0.419724
0.419518
0.419313
0.419205
0.418999
0.418905
0.4187
0.418495
0.418388
0.418183
0.418075
0.41787
0.417665
0.417532
0.417327
0.417214
0.417009
0.416902
0.416698
0.416493
0.416419
0.416214
0.416141
0.415937
0.415732
0.415643
0.415438
0.415361
0.415157
0.415096
0.414892
0.414688
0.414634
0.41443
0.414379
0.414175
0.413971
0.413919
0.413715
0.413658
0.413455
0.413251
0.413186
0.412983
0.412933
0.41273
0.412526
0.412468
0.412265
0.412227
0.412024
0.41182
0.411772
0.411568
0.411557
0.411354
0.411328
0.411125
0.410922
0.410923
0.41072
0.410517
0.410493
0.41029
0.410263
0.410061
0.41009
0.409888
0.409685
0.409733
0.409531
0.409328
0.40933
0.409128
0.409126
0.408924
0.408722
0.408688
0.408486
0.408463
0.408261
0.408059
0.408025
0.407823
0.407839
0.407638
0.407631
0.40743
0.407228
0.407208
0.407007
0.406999
0.406798
0.406799
0.406598
0.406397
0.406399
0.406198
0.406227
0.406026
0.406023
0.405822
0.405622
0.405626
0.405426
0.405423
0.405222
0.405222
0.405022
0.404821
0.404837
0.404637
0.40466
0.40446
0.404489
0.404289
0.404089
0.404128
0.403928
0.403946
0.403747
0.403746
0.403547
0.403587
0.403388
0.403189
0.40325
0.403051
0.403149
0.402951
0.402752
0.402868
0.40267
0.402792
0.402594
0.402396
0.402529
0.402331
0.402133
0.40224
0.402042
0.402165
0.401968
0.40177
0.401873
0.401676
0.401822
0.401625
0.401428
0.401571
0.401374
0.401512
0.401316
0.401119
0.401275
0.401078
0.400881
0.401094
0.400898
0.400701
0.400922
0.400726
0.400529
0.400753
0.400557
0.400361
0.400576
0.40038
0.4006
0.400404
0.400209
0.400479
0.400284
0.400088
0.399893
0.400161
0.399966
0.39977
0.400036
0.399841
0.399646
0.399907
0.399712
0.399517
0.399775
0.39958
0.399385
0.399616
0.399422
0.399227
0.399445
0.39925
0.399056
0.399287
0.399093
0.398898
0.399145
0.398951
0.398757
0.398987
0.398793
0.398599
0.398828
0.398634
0.398864
0.398671
0.398477
0.398705
0.398512
0.398318
0.398512
0.398318
0.398125
0.39834
0.398147
0.397953
0.39817
0.397977
0.397783
0.397977
0.397784
0.397967
0.397774
0.397581
0.397766
0.397573
0.39738
0.397561
0.397368
0.397532
0.397339
0.397146
0.397277
0.397084
0.397225
0.397032
0.396839
0.396953
0.39676
0.396865
0.396673
0.39648
0.396563
0.39637
0.396461
0.396268
0.396358
0.396166
0.396238
0.396045
0.396124
0.395932
0.395739
0.395818
0.395625
0.395655
0.395463
0.395491
0.395299
0.395322
0.395129
0.395136
0.394944
0.394943
0.394933
0.394741
0.39472
0.394528
0.394532
0.39434
0.394335
0.394143
0.394123
0.394098
0.393907
0.393861
0.393669
0.393621
0.393562
0.393371
0.393307
0.393115
0.393041
0.392964
0.392773
0.392717
0.392627
0.392435
0.392354
0.39229
0.392099
0.392017
0.391913
0.391815
0.391624
0.391527
0.391419
0.391227
0.391109
0.390997
0.390875
0.390751
0.39056
0.390429
0.390298
0.390161
0.38997
0.389828
0.389685
0.389526
0.389364
0.389197
0.38902
0.388841
0.388661
0.388478
0.388304
0.388129
0.387938
0.387763
0.387601
0.387431
0.387238
0.387054
0.386858
0.386658
0.386458
0.386278
0.386083
0.385893
0.385698
0.3855
0.385321
0.385145
0.384952
0.384763
0.384573
0.384389
0.384191
0.383999
0.383811
0.383617
0.383427
0.383229
0.383031
0.382827
0.382628
0.382423
0.382211
0.381998
0.381789
0.381581
0.381374
0.38117
0.380969
0.380766
0.380559
0.380338
0.380128
0.379931
0.379722
0.379511
0.379307
0.379109
0.378905
0.378697
0.37849
0.37828
0.378045
0.377839
0.377633
0.377432
0.377227
0.377015
0.376814
0.376622
0.376426
0.376233
0.376039
0.375836
0.375605
0.375401
0.375198
0.375003
0.374808
0.374622
0.374426
0.374218
0.37401
0.373802
0.373604
0.373416
0.373221
0.373014
0.372795
0.372586
0.372382
0.37219
0.372002
0.371807
0.371609
0.371409
0.371219
0.371019
0.370823
0.370631
0.370427
0.370229
0.370032
0.369831
0.369628
0.369426
0.369217
0.369006
0.368802
0.368621
0.36843
0.368231
0.368035
0.367844
0.367689
0.3675
0.367309
0.367124
0.366943
0.36675
0.366551
0.366347
0.366143
0.36594
0.36574
0.365541
0.365353
0.365176
0.364995
0.364808
0.364631
0.364454
0.364267
0.364075
0.363873
0.363691
0.3635
0.363307
0.363115
0.362921
0.362732
0.362547
0.362372
0.362195
0.362022
0.361852
0.361684
0.361516
0.361349
0.361179
0.361009
0.36083
0.360651
0.360475
0.360296
0.360117
0.359935
0.359752
0.359573
0.359397
0.359211
0.359034
0.358855
0.358671
0.358487
0.358302
0.358116
0.357928
0.357742
0.357561
0.357384
0.357209
0.357032
0.356845
0.356666
0.356489
0.356299
0.356107
0.355909
0.355708
0.355515
0.355324
0.355134
0.35494
0.354739
0.354502
0.354298
0.354101
0.353902
0.353698
0.353491
0.353274
0.353037
0.352825
0.352612
0.352402
0.352197
0.351965
0.351757
0.351554
0.35135
0.351142
0.350929
0.35066
0.350433
0.350209
0.349975
0.349757
0.349544
0.34934
0.349135
0.348909
0.348694
0.34848
0.348273
0.348075
0.347863
0.347662
0.347458
0.347269
0.347097
0.346922
0.346748
0.346568
0.346381
0.346203
0.346035
0.345869
0.345706
0.345549
0.345386
0.34523
0.345069
0.3449
0.344728
0.344551
0.344376
0.3442
0.344032
0.34385
0.343656
0.34347
0.343289
0.34311
0.342918
0.342728
0.342536
0.342331
0.342137
0.341937
0.341744
0.341549
0.341373
0.341206
0.34102
0.340851
0.340683
0.340534
0.340373
0.340209
0.340053
0.339888
0.339716
0.339546
0.339377
0.339208
0.339038
0.338863
0.338687
0.338505
0.338313
0.33812
0.33794
0.337761
0.337548
0.337343
0.337133
0.336921
0.336699
0.336501
0.3363
0.3361
0.335903
0.335688
0.335487
0.335289
0.335096
0.334909
0.334705
0.33451
0.334319
0.33413
0.333937
0.333735
0.333549
0.333366
0.333178
0.332986
0.332794
0.332621
0.332445
0.332269
0.332096
0.331932
0.331769
0.331595
0.331433
0.331272
0.331118
0.330964
0.330819
0.330669
0.330507
0.330349
0.330194
0.33003
0.329857
0.329691
0.329536
0.329381
0.329226
0.329065
0.328891
0.328716
0.328543
0.328403
0.32823
0.328051
0.327871
0.327688
0.327504
0.327326
0.327156
0.326975
0.326793
0.326609
0.326422
0.32623
0.326045
0.325866
0.3257
0.325542
0.32539
0.32524
0.325089
0.324945
0.324795
0.32464
0.324483
0.324318
0.324151
0.323973
0.323797
0.323617
0.323428
0.323245
0.323064
0.322879
0.322688
0.322497
0.322302
0.322097
0.321908
0.321721
0.321532
0.321343
0.321151
0.32097
0.320783
0.320602
0.320418
0.320219
0.320037
0.319853
0.319664
0.319471
0.319248
0.319043
0.318833
0.31861
0.318409
0.318207
0.318002
0.317791
0.317603
0.31741
0.317236
0.317066
0.316907
0.316745
0.316591
0.316422
0.316238
0.316064
0.315909
0.315758
0.3156
0.315439
0.315274
0.315103
0.314927
0.314754
0.314581
0.314397
0.314212
0.314023
0.313802
0.313592
0.313381
0.313168
0.31291
0.312693
0.312484
0.312243
0.312025
0.311813
0.311601
0.311338
0.311111
0.310884
0.310617
0.310391
0.310165
0.309936
0.309649
0.309429
0.309209
0.30892
0.308684
0.308449
0.308154
0.30791
0.307672
0.307393
0.307151
0.306911
0.306614
0.306373
0.30613
0.305829
0.305583
0.30526
0.305011
0.304766
0.304456
0.304211
0.303959
0.303633
0.303384
0.303055
0.302802
0.302553
0.30225
0.302013
0.301762
0.301441
0.301192
0.300941
0.30063
0.300386
0.300142
0.299849
0.299621
0.299387
0.299161
0.298928
0.29865
0.298422
0.2982
0.297989
0.297777
0.297565
0.297362
0.297164
0.296978
0.296797
0.296611
0.29641
0.29619
0.29597
0.295748
0.295523
0.295286
0.295054
0.294757
0.294526
0.294297
0.294061
0.293821
0.293574
0.293265
0.29302
0.292771
0.292516
0.292257
0.291938
0.291681
0.291414
0.291139
0.290781
0.290511
0.290236
0.289891
0.289626
0.289362
0.289024
0.28877
0.288511
0.28826
0.288023
0.28779
0.287566
0.28734
0.287063
0.286807
0.286555
0.286296
0.286038
0.285785
0.28547
0.285208
0.284934
0.284664
0.284315
0.284052
0.283784
0.283521
0.283166
0.282912
0.28265
0.282389
0.282058
0.281806
0.281558
0.281301
0.281052
0.280761
0.280523
0.280288
0.280052
0.279843
0.279624
0.27939
0.27916
0.278931
0.278715
0.278491
0.27827
0.278049
0.277838
0.277619
0.27736
0.277148
0.27694
0.276737
0.27654
0.276344
0.276146
0.275966
0.275769
0.27559
0.275409
0.275222
0.275038
0.274857
0.274683
0.27451
0.274324
0.274142
0.273963
0.27381
0.27363
0.273478
0.273305
0.273128
0.272959
0.272792
0.272623
0.272443
0.272276
0.272107
0.271939
0.271766
0.271591
0.271438
0.271282
0.271103
0.27094
0.270778
0.27061
0.270434
0.27026
0.270088
0.269922
0.269761
0.269582
0.269415
0.269248
0.26908
0.268921
0.268739
0.268566
0.268406
0.268227
0.268069
0.2679
0.267718
0.267533
0.267342
0.267155
0.266951
0.26675
0.266549
0.266357
0.266156
0.265943
0.265734
0.265533
0.265318
0.265054
0.26484
0.264623
0.264402
0.264191
0.263975
0.263758
0.263546
0.263299
0.263082
0.262873
0.26267
0.262466
0.262266
0.262078
0.261882
0.261677
0.261483
0.261293
0.261113
0.260933
0.260755
0.260587
0.260404
0.260232
0.260063
0.259889
0.259712
0.259539
0.259369
0.259203
0.259047
0.258896
0.258734
0.25857
0.258413
0.258241
0.258083
0.257929
0.257774
0.257618
0.257461
0.257312
0.257167
0.257035
0.2569
0.256761
0.256586
0.256446
0.256312
0.256182
0.256048
0.255913
0.255778
0.255656
0.255542
0.25542
0.2553
0.255191
0.255077
0.254962
0.254843
0.25467
0.254553
0.254452
0.254338
0.254235
0.254131
0.254034
0.253939
0.253852
0.253781
0.253609
0.253521
0.253433
0.253347
0.253257
0.253161
0.253056
0.252963
0.252791
0.252712
0.252627
0.252532
0.252451
0.252368
0.252275
0.252188
0.252016
0.251937
0.251846
0.251754
0.251669
0.251582
0.251497
0.2514
0.251305
0.251207
0.251117
0.251036
0.250954
0.250784
0.250701
0.250614
0.250536
0.250458
0.250375
0.250295
0.250212
0.250121
0.250025
0.249942
0.249876
0.249803
0.249634
0.249553
0.249472
0.249392
0.24931
0.249236
0.249164
0.249093
0.249027
0.248969
0.248801
0.248739
0.248685
0.248631
0.248573
0.248508
0.248443
0.248377
0.248209
0.248136
0.248059
0.247981
0.247898
0.247811
0.247716
0.247618
0.247524
0.24743
0.247335
0.247234
0.247124
0.247013
0.246895
0.246774
0.246654
0.246526
0.246456
0.246327
0.246192
0.246056
0.245923
0.245791
0.245657
0.245508
0.245362
0.245213
0.245079
0.24493
0.244784
0.244641
0.244494
0.244346
0.244194
0.244041
0.243885
0.243715
0.243544
0.243372
0.243196
0.243019
0.24282
0.242635
0.24245
0.242238
0.242048
0.241823
0.241623
0.241379
0.24111
0.240898
0.24066
0.240454
0.240189
0.239918
0.239697
0.23942
0.239137
0.238911
0.238627
0.238339
0.238111
0.237812
0.237514
0.237215
0.236982
0.236679
0.236384
0.236089
0.23586
0.235568
0.235267
0.23504
0.234769
0.234551
0.234291
0.234087
0.233887
0.233635
0.233418
0.2332
0.232924
0.232703
0.232419
0.232187
0.23188
0.231634
0.231305
0.230973
0.230724
0.230378
0.230023
0.229667
0.229309
0.229046
0.228692
0.228352
0.228102
0.227794
0.227557
0.227254
0.227004
0.226677
0.226333
0.22607
0.225712
0.225356
0.225001
0.224742
0.2244
0.224064
0.223814
0.223491
0.223249
0.222937
0.2227
0.222385
0.222072
0.221832
0.221524
0.221287
0.220985
0.220752
0.220468
0.220248
0.219977
0.219762
0.219547
0.219284
0.219069
0.218809
0.2186
0.218393
0.218168
0.217975
0.217787
0.217584
0.217399
0.217218
0.217032
0.216831
0.216654
0.216488
0.216326
0.216161
0.216001
0.215841
0.21569
0.21553
0.215376
0.21522
0.21507
0.21492
0.214774
0.214633
0.214481
0.21435
0.214212
0.21408
0.213947
0.213808
0.213666
0.213537
0.213444
0.213326
0.21321
0.213097
0.212981
0.212859
0.21274
0.212632
0.212514
0.212446
0.212344
0.212259
0.212183
0.212098
0.212006
0.211924
0.211846
0.211774
0.211698
0.21162
0.211552
0.211495
0.211436
0.211381
0.211337
0.2113
0.211268
0.211245
0.211085
0.211053
0.211035
0.211025
0.211042
0.210883
0.210909
0.210928
0.210955
0.210796
0.210817
0.210848
0.210876
0.210717
0.210741
0.210757
0.210773
0.210614
0.21062
0.210638
0.210651
0.210493
0.210495
0.210485
0.210472
0.210462
0.210458
0.2103
0.210298
0.210281
0.210255
0.210223
0.210187
0.210137
0.210075
0.210004
0.209929
0.209859
0.209786
0.209707
0.209625
0.209536
0.209513
0.209417
0.20932
0.209216
0.209157
0.209049
0.208934
0.208854
0.208732
0.208606
0.208497
0.208376
0.208229
0.208088
0.207953
0.207808
0.207683
0.20757
0.207436
0.20732
0.207188
0.207084
0.206955
0.206844
0.206733
0.206599
0.206475
0.206337
0.206215
0.206082
0.205936
0.205792
0.205645
0.205489
0.205341
0.205189
0.205034
0.204882
0.204733
0.204589
0.204444
0.204287
0.204125
0.203954
0.203787
0.203624
0.203459
0.203305
0.203143
0.202985
0.202819
0.202655
0.202504
0.202359
0.202216
0.202074
0.201919
0.201765
0.201619
0.201472
0.201323
0.201175
0.201027
0.200871
0.200723
0.200583
0.200451
0.200323
0.20019
0.200047
0.19992
0.199787
0.199649
0.199523
0.1994
0.199264
0.199149
0.199046
0.198935
0.198797
0.19867
0.198541
0.198399
0.198264
0.198138
0.198008
0.197869
0.197723
0.197583
0.197446
0.197332
0.197196
0.197078
0.196954
0.19682
0.196679
0.196544
0.196418
0.196293
0.196161
0.196045
0.195916
0.195805
0.195683
0.195589
0.195491
0.195361
0.195255
0.195143
0.195021
0.194905
0.194775
0.194651
0.194522
0.194391
0.194264
0.19413
0.193984
0.193833
0.193669
0.193507
0.193354
0.19321
0.193048
0.192883
0.192715
0.192545
0.192384
0.192219
0.192053
0.191875
0.191702
0.191525
0.191349
0.191168
0.190967
0.190787
0.190597
0.190417
0.190238
0.190024
0.189823
0.189625
0.189402
0.189199
0.188995
0.188763
0.188556
0.188353
0.188115
0.187905
0.18767
0.187461
0.187251
0.18701
0.186802
0.186597
0.186359
0.18615
0.185937
0.185724
0.185499
0.1853
0.185096
0.184884
0.184638
0.184425
0.184204
0.183951
0.183749
0.183552
0.183351
0.183143
0.182893
0.182678
0.182476
0.18224
0.182033
0.18183
0.181635
0.181452
0.181279
0.18112
0.180959
0.180782
0.180609
0.180436
0.180248
0.180061
0.179886
0.179716
0.179547
0.179383
0.17922
0.179063
0.178906
0.178756
0.178608
0.178461
0.178319
0.178171
0.178024
0.177885
0.177748
0.177609
0.177467
0.177332
0.177178
0.177053
0.176923
0.176794
0.176655
0.176537
0.176422
0.176311
0.176182
0.176062
0.175952
0.175836
0.175705
0.175598
0.175494
0.175396
0.175279
0.175194
0.175094
0.174969
0.17487
0.174768
0.174646
0.174552
0.174453
0.174333
0.174248
0.174178
0.174069
0.173994
0.173878
0.173786
0.1737
0.173582
0.173488
0.173375
0.17324
0.173113
0.172989
0.172863
0.172725
0.172577
0.172433
0.172287
0.172144
0.171987
0.171831
0.171659
0.171487
0.171311
0.171158
0.170985
0.17081
0.170633
0.170442
0.170278
0.170109
0.16995
0.169801
0.169674
0.169534
0.169385
0.169227
0.16906
0.168885
0.168706
0.168533
0.16837
0.168165
0.167978
0.1678
0.167626
0.167455
0.167273
0.167106
0.166933
0.166763
0.166602
0.166444
0.166291
0.166141
0.165975
0.1658
0.165617
0.165426
0.165242
0.165049
0.164831
0.164641
0.164466
0.164286
0.164102
0.163922
0.16375
0.163586
0.163409
0.163245
0.163076
0.162919
0.162747
0.162576
0.162405
0.162233
0.162079
0.161927
0.161768
0.161595
0.161406
0.161216
0.161023
0.160856
0.160658
0.160394
0.160155
0.15993
0.159653
0.159421
0.15919
0.158966
0.158747
0.158518
0.158292
0.158029
0.1578
0.157566
0.157321
0.157091
0.156855
0.156622
0.156381
0.156146
0.155874
0.155643
0.155408
0.155166
0.154938
0.1547
0.154473
0.154239
0.153995
0.153773
0.153589
0.153362
0.153141
0.152921
0.152713
0.152491
0.152309
0.152092
0.151869
0.151649
0.151437
0.151263
0.151042
0.150805
0.150593
0.150416
0.15021
0.150017
0.149857
0.149646
0.149459
0.149227
0.14899
0.148748
0.148498
0.148299
0.148045
0.14779
0.147533
0.147265
0.146988
0.146699
0.146406
0.146053
0.145772
0.145489
0.145207
0.14493
0.144659
0.144386
0.144118
0.143863
0.143614
0.143366
0.143133
0.142942
0.142706
0.142476
0.14225
0.142033
0.141854
0.141649
0.141449
0.141244
0.141077
0.14089
0.140729
0.140553
0.140372
0.140219
0.140053
0.139904
0.139763
0.139622
0.139478
0.139331
0.139191
0.139055
0.138919
0.138786
0.138667
0.13854
0.138444
0.138328
0.13824
0.13812
0.138001
0.137907
0.137793
0.137711
0.137597
0.137485
0.137407
0.1373
0.137242
0.13715
0.137052
0.136997
0.136898
0.1368
0.136747
0.136661
0.13663
0.136543
0.136456
0.136405
0.136312
0.13627
0.13618
0.136094
0.136067
0.135986
0.135973
0.1359
0.135829
0.135814
0.135742
0.135731
0.135658
0.135638
0.135563
0.135555
0.135489
0.135506
0.13546
0.135415
0.135465
0.135432
0.135405
0.135386
0.135371
0.135493
0.135483
0.135473
0.135475
0.135479
0.13549
0.135505
0.135516
0.13552
0.135523
0.135526
0.135671
0.135692
0.135707
0.135717
0.135721
0.135724
0.135731
0.135734
0.135725
0.135707
0.135809
0.135794
0.135773
0.135745
0.135812
0.135772
0.135813
0.135765
0.13579
0.135733
0.135735
0.135733
0.135667
0.135655
0.135635
0.135614
0.135539
0.13551
0.135471
0.135424
0.135371
0.135336
0.135259
0.135181
0.1351
0.13503
0.134934
0.134845
0.134747
0.134637
0.134514
0.134372
0.134224
0.13408
0.133936
0.133774
0.133634
0.133488
0.133348
0.133208
0.133072
0.132932
0.132789
0.132657
0.132524
0.132397
0.132269
0.132134
0.13201
0.131884
0.131757
0.13165
0.13153
0.131398
0.13127
0.131153
0.131068
0.130959
0.13086
0.130752
0.130649
0.130533
0.130423
0.130309
0.130194
0.130079
0.129966
0.12985
0.129734
0.129617
0.129502
0.129392
0.129279
0.129168
0.129036
0.128894
0.12874
0.128591
0.128443
0.128287
0.128145
0.128001
0.127844
0.127696
0.127542
0.127378
0.12722
0.12706
0.126909
0.126758
0.126617
0.126459
0.126317
0.126165
0.126029
0.125874
0.125738
0.125607
0.125467
0.125322
0.125198
0.125073
0.124946
0.124811
0.124682
0.124546
0.124384
0.124235
0.1241
0.123966
0.123825
0.123684
0.123543
0.123396
0.123249
0.123112
0.122976
0.122837
0.12269
0.122531
0.122379
0.122236
0.122089
0.121956
0.121819
0.121686
0.121566
0.121439
0.121312
0.121185
0.121057
0.120937
0.120821
0.120721
0.120607
0.120484
0.120351
0.120208
0.120055
0.119881
0.119689
0.119517
0.119347
0.11918
0.119013
0.118833
0.118678
0.118518
0.118362
0.118203
0.118062
0.117898
0.117733
0.117576
0.117423
0.117269
0.11712
0.116985
0.116845
0.116698
0.116558
0.11641
0.116267
0.116132
0.115984
0.115843
0.115683
0.115505
0.115347
0.115167
0.114967
0.114765
0.114556
0.114351
0.114148
0.113947
0.113781
0.113579
0.11337
0.113197
0.112998
0.112824
0.112632
0.112456
0.112235
0.111997
0.111787
0.111524
0.111249
0.110963
0.110606
0.110295
0.109987
0.109684
0.109318
0.109022
0.108731
0.108493
0.108191
0.107892
0.107592
0.107298
0.107008
0.106725
0.106498
0.10622
0.106
0.105736
0.105521
0.10526
0.10505
0.10479
0.104579
0.104384
0.104151
0.103946
0.103746
0.103548
0.10332
0.10313
0.102947
0.102765
0.102585
0.102405
0.102238
0.10206
0.101849
0.10166
0.10148
0.101318
0.101156
0.100995
0.100826
0.100663
0.100503
0.100348
0.100199
0.100062
0.099929
0.099789
0.099647
0.099516
0.099395
0.099272
0.09915
0.099029
0.098915
0.098801
0.098687
0.098573
0.098472
0.09838
0.098283
0.098174
0.098077
0.097982
0.097887
0.097785
0.097681
0.097592
0.097499
0.097405
0.097303
0.097216
0.097139
0.097068
0.096975
0.09691
0.096834
0.096757
0.096664
0.096595
0.096545
0.096485
0.096394
0.096342
0.096282
0.096196
0.096143
0.096082
0.096018
0.09596
0.095877
0.095833
0.095781
0.095734
0.095652
0.095601
0.095543
0.095492
0.095437
0.095351
0.095298
0.095242
0.095188
0.095138
0.095092
0.095035
0.094969
0.094905
0.094844
0.094783
0.094729
0.09468
0.094627
0.094578
0.09453
0.094475
0.094422
0.094375
0.094329
0.094317
0.094282
0.094245
0.094208
0.094173
0.094147
0.094121
0.094103
0.094086
0.094065
0.094047
0.09403
0.094008
0.093986
0.09397
0.09396
0.093983
0.093968
0.093948
0.09393
0.093916
0.093902
0.093929
0.093904
0.09388
0.093892
0.093863
0.093841
0.093866
0.093842
0.093854
0.093838
0.093864
0.093864
0.093885
0.093911
0.09393
0.093941
0.093939
0.093982
0.093964
0.093968
0.093947
0.093949
0.093934
0.093897
0.093858
0.093799
0.093756
0.093692
0.093618
0.093528
0.093427
0.093322
0.093212
0.093108
0.093
0.092897
0.092812
0.092705
0.092594
0.092491
0.092372
0.092274
0.092165
0.092048
0.091921
0.091808
0.091697
0.091586
0.091473
0.091373
0.091269
0.091167
0.091073
0.090992
0.0909
0.090813
0.090726
0.090638
0.090553
0.090489
0.090419
0.090353
0.09027
0.090183
0.090098
0.090006
0.089907
0.089816
0.089732
0.089637
0.089533
0.089436
0.08934
0.089245
0.089141
0.089024
0.088878
0.088718
0.088554
0.088382
0.088212
0.088058
0.087889
0.087721
0.087577
0.08742
0.087265
0.08711
0.086916
0.086714
0.086508
0.086305
0.086124
0.085887
0.085712
0.085556
0.085368
0.085216
0.085087
0.08497
0.084861
0.084741
0.084592
0.084427
0.084246
0.084057
0.083903
0.083764
0.083642
0.08352
0.083404
0.083264
0.083109
0.082945
0.082788
0.082642
0.082512
0.082373
0.082233
0.082106
0.081992
0.081877
0.081769
0.081665
0.081567
0.081473
0.081381
0.08129
0.081204
0.081119
0.081042
0.08097
0.080902
0.080838
0.080788
0.080744
0.080675
0.080629
0.080575
0.080521
0.080465
0.080402
0.080337
0.080268
0.080205
0.080133
0.080061
0.079996
0.079927
0.079852
0.079786
0.079712
0.079643
0.079569
0.079505
0.079433
0.079368
0.079293
0.079229
0.079156
0.07909
0.079017
0.078953
0.078883
0.078813
0.078738
0.078659
0.078582
0.078503
0.078418
0.078339
0.078263
0.078184
0.078105
0.078026
0.077947
0.077873
0.077791
0.077697
0.077591
0.077488
0.077389
0.077295
0.077202
0.077109
0.077014
0.076909
0.076783
0.076644
0.076518
0.076381
0.076256
0.076128
0.075988
0.075856
0.075713
0.075586
0.07546
0.075326
0.075202
0.075083
0.074972
0.074864
0.074756
0.074654
0.074564
0.074481
0.074396
0.07431
0.074229
0.07416
0.074088
0.074026
0.07397
0.073918
0.073859
0.073815
0.07376
0.073717
0.073679
0.073629
0.073597
0.073553
0.073506
0.073474
0.073444
0.073399
0.073354
0.073304
0.073256
0.073216
0.073174
0.073135
0.073088
0.073056
0.073024
0.072982
0.072944
0.072909
0.072882
0.07286
0.072834
0.072815
0.072783
0.072761
0.072737
0.07271
0.072666
0.072614
0.072546
0.072466
0.072389
0.072301
0.072214
0.072125
0.072044
0.071964
0.071893
0.071817
0.071742
0.071665
0.071587
0.071508
0.071412
0.071308
0.071199
0.071096
0.070985
0.070878
0.070765
0.070658
0.070548
0.070425
0.070302
0.070164
0.070021
0.069884
0.069736
0.069602
0.069484
0.069364
0.069232
0.069113
0.069004
0.068907
0.068814
0.068708
0.068594
0.068466
0.068345
0.068234
0.068129
0.068039
0.067958
0.067886
0.067817
0.067761
0.067713
0.067668
0.067615
0.067549
0.067466
0.067386
0.067291
0.067188
0.067079
0.066964
0.066835
0.06669
0.066537
0.066347
0.066174
0.065992
0.065839
0.065682
0.065526
0.065386
0.06523
0.065078
0.064929
0.064775
0.064645
0.064503
0.064378
0.064252
0.064121
0.064001
0.063885
0.063758
0.063647
0.063534
0.063427
0.063318
0.063219
0.06313
0.063034
0.062936
0.062835
0.062733
0.062639
0.06255
0.062458
0.062364
0.06227
0.062177
0.062082
0.061992
0.061903
0.06182
0.061739
0.061648
0.061558
0.061474
0.061391
0.061308
0.061223
0.061137
0.061052
0.060975
0.060897
0.060816
0.060734
0.060653
0.060573
0.060492
0.060414
0.060337
0.060261
0.060187
0.060115
0.060043
0.059967
0.059895
0.05982
0.059747
0.059683
0.05962
0.059555
0.059486
0.059429
0.059372
0.059321
0.059269
0.059225
0.059184
0.059148
0.059112
0.059083
0.059044
0.059014
0.058981
0.058947
0.058915
0.058885
0.058857
0.058833
0.058827
0.058804
0.058792
0.05879
0.058788
0.058773
0.058787
0.058805
0.058824
0.058821
0.058842
0.058862
0.058858
0.058865
0.058869
0.058849
0.058825
0.058794
0.058752
0.0587
0.058632
0.058544
0.058443
0.05833
0.058221
0.058124
0.058023
0.057921
0.05781
0.057686
0.057568
0.057463
0.057378
0.057299
0.057231
0.057168
0.057084
0.056967
0.056845
0.056739
0.056626
0.056528
0.056427
0.056331
0.056226
0.056087
0.055926
0.055743
0.055561
0.055407
0.055269
0.055125
0.055008
0.054875
0.054753
0.054627
0.054517
0.054412
0.054321
0.054239
0.054177
0.054126
0.054088
0.054053
0.054041
0.054028
0.054022
0.05401
0.054005
0.054023
0.054036
0.054049
0.054064
0.054082
0.054105
0.054127
0.054165
0.054179
0.054199
0.054244
0.054274
0.054308
0.054365
0.054399
0.05445
0.054475
0.054524
0.054553
0.054612
0.054633
0.054647
0.054647
0.054614
0.054548
0.05447
0.054388
0.054315
0.054231
0.054145
0.054068
0.053986
0.053902
0.05382
0.053754
0.05371
0.053667
0.053622
0.053578
0.053542
0.053512
0.053473
0.053436
0.053396
0.053353
0.053318
0.053296
0.053279
0.053254
0.05322
0.053171
0.053117
0.053054
0.052986
0.052931
0.052876
0.052805
0.052719
0.052619
0.052521
0.052418
0.052326
0.052248
0.052188
0.052134
0.052073
0.052005
0.05192
0.051834
0.051741
0.051651
0.051568
0.051486
0.051416
0.051352
0.051299
0.051239
0.05116
0.05106
0.050973
0.050904
0.050849
0.050771
0.050673
0.050558
0.050428
0.050278
0.050144
0.050018
0.049906
0.049795
0.049686
0.049564
0.049455
0.049341
0.049237
0.049134
0.04903
0.048926
0.048826
0.048724
0.048626
0.04853
0.048435
0.048345
0.048245
0.048149
0.04806
0.047978
0.047888
0.047817
0.047746
0.047675
0.047604
0.047543
0.047482
0.047431
0.047389
0.047341
0.047294
0.047249
0.047203
0.047162
0.047122
0.047084
0.047051
0.047021
0.04699
0.046962
0.046935
0.046908
0.04688
0.046855
0.046829
0.046802
0.046769
0.046738
0.046712
0.046689
0.046678
0.046669
0.046662
0.046651
0.046645
0.046635
0.046634
0.046621
0.04661
0.046598
0.046581
0.046567
0.04655
0.046535
0.046524
0.046516
0.046508
0.0465
0.046488
0.046475
0.046464
0.046456
0.046438
0.046426
0.046418
0.04641
0.046379
0.046347
0.04631
0.046245
0.046201
0.046118
0.046028
0.045922
0.045869
0.045812
0.045734
0.045681
0.045633
0.045573
0.045513
0.045458
0.045409
0.04537
0.045339
0.045304
0.045266
0.045246
0.045254
0.045273
0.045293
0.045319
0.045339
0.045377
0.045399
0.045444
0.04548
0.045515
0.045553
0.045586
0.045609
0.045617
0.045607
0.045588
0.045562
0.045533
0.045502
0.045468
0.045426
0.045379
0.045336
0.045296
0.045255
0.045209
0.045164
0.045113
0.045058
0.044998
0.044937
0.044875
0.044802
0.044726
0.04464
0.044558
0.044469
0.044384
0.044295
0.044216
0.044142
0.04408
0.044038
0.044011
0.043986
0.043946
0.043892
0.04383
0.04374
0.043631
0.043527
0.043419
0.043332
0.04326
0.043187
0.043117
0.043035
0.042928
0.042801
0.042657
0.042532
0.04243
0.042337
0.042267
0.042188
0.0421
0.041999
0.041912
0.041838
0.041778
0.041735
0.041703
0.041675
0.041654
0.041645
0.041645
0.04165
0.041659
0.041685
0.041706
0.041744
0.041794
0.041855
0.041916
0.041984
0.042058
0.042162
0.042234
0.042311
0.042367
0.042433
0.042502
0.042557
0.042596
0.042623
0.042649
0.042664
0.042656
0.042627
0.042589
0.042538
0.042488
0.042436
0.042382
0.042324
0.042263
0.042196
0.042149
0.042106
0.042065
0.042032
0.042004
0.041979
0.041958
0.041936
0.041908
0.041885
0.041866
0.041851
0.041837
0.041822
0.0418
0.041778
0.041763
0.041748
0.041731
0.041712
0.041687
0.041658
0.04162
0.041585
0.041553
0.041528
0.041505
0.041488
0.041477
0.041472
0.041467
0.041459
0.041457
0.041454
0.041451
0.041453
0.041445
0.041438
0.041431
0.041425
0.041413
0.041389
0.041359
0.041327
0.041293
0.041256
0.041215
0.041176
0.041139
0.041111
0.041089
0.04107
0.041057
0.041038
0.04101
0.040983
0.040953
0.040932
0.040918
0.040907
0.040891
0.040874
0.040853
0.040832
0.04081
0.040791
0.040772
0.040757
0.040746
0.040744
0.040748
0.04074
0.040728
0.040723
0.040731
0.040736
0.040744
0.04075
0.040757
0.040766
0.040763
0.04076
0.040759
0.040761
0.040768
0.040771
0.040772
0.040775
0.040781
0.04079
0.040791
0.040791
0.040782
0.040777
0.040774
0.040768
0.040764
0.040759
0.040752
0.040744
0.040735
0.040725
0.040703
0.040685
0.04067
0.040657
0.04065
0.040644
0.040633
0.040622
0.040615
0.040608
0.040602
0.040595
0.040589
0.040583
0.040577
0.040571
0.040565
0.04056
0.040554
0.040549
0.040544
0.040539
0.040534
0.04053
0.040525
0.040521
0.040517
0.040513
0.040509
0.040505
0.040502
0.040498
0.040495
0.040492
0.040489
0.040486
0.040483
0.040481
0.040478
0.040476
0.040474
0.040472
0.04047
0.040469
0.040467
0.040466
0.040465
0.040464
0.040463
0.040462
0.040461
0.040461
0.040461
0.040461
0.040461
0.040461
0.040461
0.040462
0.040462
0.040463
0.040464
0.040465
0.040467
0.040468
0.04047
0.040471
0.040473
0.040475
0.040478
0.04048
0.040482
0.040485
0.040488
0.040491
0.040494
0.040497
0.040501
0.040504
0.040508
0.040512
0.040516
0.04052
0.040525
0.040529
